0 604 73 632 100
1 603 74 631 101
2 604 76 632 103
3 604 78 632 105
4 604 79 632 106
5 605 81 633 108
6 605 84 633 111
7 605 85 633 112
8 604 85 632 112
9 606 85 634 112
10 608 86 636 113
11 609 89 637 116
12 605 90 633 117
13 606 95 634 122
14 608 95 636 122
15 609 96 637 123
16 609 96 637 123
17 608 100 636 127
18 608 97 636 124
19 607 98 635 125
20 608 100 636 127
21 609 103 637 130
22 607 103 635 130
23 607 107 635 134
24 606 109 634 136
25 609 112 637 139
26 608 109 636 136
27 608 111 636 138
28 609 112 637 139
29 607 118 635 145
30 607 118 635 145
31 607 114 635 141
32 608 116 636 143
33 607 118 635 145
34 606 123 634 150
35 609 126 637 153
36 607 124 635 151
37 607 124 635 151
38 609 126 637 153
39 610 128 638 155
40 610 130 638 157
41 609 128 637 155
42 609 130 637 157
43 608 133 636 160
44 609 134 637 161
45 608 134 636 161
46 609 135 637 162
47 610 138 638 165
48 609 139 637 166
49 610 140 638 167
50 611 142 639 169
51 609 144 637 171
52 610 146 638 173
53 610 148 638 175
54 610 149 638 176
55 610 151 638 178
56 610 153 638 180
57 610 155 638 182
58 609 155 637 182
59 609 154 637 181
60 610 156 638 183
61 608 158 636 185
62 610 160 638 187
63 608 161 636 188
64 609 163 637 190
65 610 165 638 192
66 610 166 638 193
67 610 168 638 195
68 607 171 635 198
69 610 171 638 198
70 608 174 636 201
71 611 174 639 201
72 611 175 639 202
73 610 176 638 203
74 611 177 639 204
75 610 177 638 204
76 611 179 639 206
77 610 180 638 207
78 610 182 638 209
79 610 183 638 210
80 611 186 639 213
81 610 187 638 214
82 610 187 638 214
83 609 187 637 214
84 610 190 638 217
85 610 192 638 219
86 610 194 638 221
87 609 196 637 223
88 609 196 637 223
89 609 199 637 226
90 610 198 638 225
91 609 203 637 230
92 609 204 637 231
93 609 206 637 233
94 609 208 637 235
95 608 208 636 235
96 609 210 637 237
97 609 212 637 239
98 609 212 637 239
99 611 216 639 243
100 608 213 636 240
101 609 214 637 241
102 608 218 636 245
103 608 217 636 244
104 609 222 637 249
105 608 222 636 249
106 609 225 637 252
107 608 225 636 252
108 608 227 636 254
109 608 229 636 256
110 608 231 636 258
111 607 230 635 257
112 607 230 635 257
113 607 232 635 259
114 607 234 635 261
115 607 236 635 263
116 607 237 635 264
117 606 241 634 268
118 606 241 634 268
119 605 242 633 269
120 606 244 634 271
121 606 246 634 273
122 605 247 633 274
123 605 249 633 276
124 605 251 633 278
125 604 253 632 280
126 605 255 633 282
127 605 257 633 284
128 604 258 632 285
129 604 259 632 286
130 603 261 631 288
131 603 263 631 290
132 602 265 630 292
133 603 265 631 292
134 601 268 629 295
135 602 268 630 295
136 601 270 629 297
137 600 271 628 298
138 601 273 629 300
139 601 276 629 303
140 602 277 630 304
141 600 278 628 305
142 600 280 628 307
143 601 281 629 308
144 600 283 628 310
145 601 285 629 312
146 599 286 627 313
147 599 288 627 315
148 599 290 627 317
149 598 291 626 318
150 598 293 626 320
151 598 295 626 322
152 598 297 626 324
153 599 298 627 325
154 599 299 627 326
155 598 301 626 328
156 597 302 625 329
157 597 304 625 331
158 596 306 624 333
159 596 307 624 334
160 595 309 623 336
161 595 311 623 338
162 594 312 622 339
163 594 314 622 341
164 594 315 622 342
165 593 316 621 343
166 593 318 621 345
167 594 320 622 347
168 594 321 622 348
169 593 323 621 350
170 594 325 622 352
171 593 325 621 352
172 593 327 621 354
173 593 328 621 355
174 592 331 620 358
175 592 332 620 359
176 591 334 619 361
177 591 335 619 362
178 591 337 619 364
179 591 339 619 366
180 591 342 619 369
181 591 341 619 368
182 589 342 617 369
183 590 344 618 371
184 589 346 617 373
185 589 348 617 375
186 589 348 617 375
187 589 350 617 377
188 587 351 615 378
189 587 353 615 380
190 587 355 615 382
191 587 357 615 384
192 586 359 614 386
193 587 358 615 385
194 587 362 615 389
195 587 362 615 389
196 587 364 615 391
197 586 365 614 392
198 587 367 615 394
199 586 369 614 396
200 586 371 614 398
201 586 372 614 399
202 586 373 614 400
203 586 374 614 401
204 585 376 613 403
205 585 377 613 404
206 584 379 612 406
207 584 380 612 407
208 584 382 612 409
209 583 382 611 409
210 584 384 612 411
211 584 385 612 412
212 583 387 611 414
213 582 388 610 415
214 582 391 610 418
215 581 388 609 415
216 583 393 611 420
217 581 393 609 420
218 581 395 609 422
219 582 398 610 425
220 581 397 609 424
221 581 401 609 428
222 581 402 609 429
223 581 403 609 430
224 581 405 609 432
225 581 406 609 433
226 581 408 609 435
227 581 409 609 436
228 580 411 608 438
229 580 412 608 439
230 580 414 608 441
231 580 417 608 444
232 580 417 608 444
233 579 418 607 445
234 579 420 607 447
235 579 422 607 449
236 578 423 606 450
237 579 424 607 451
238 578 426 606 453
239 577 428 605 455
240 578 431 606 458
241 578 432 606 459
242 577 434 605 461
243 577 435 605 462
244 575 435 603 462
245 576 436 604 463
246 576 439 604 466
247 577 441 605 468
248 575 442 603 469
249 578 444 606 471
250 576 445 604 472
251 576 446 604 473
252 576 448 604 475
253 576 448 604 475
254 575 450 603 477
255 577 452 605 479
256 574 454 602 481
257 574 456 602 483
258 574 458 602 485
259 574 460 602 487
260 574 461 602 488
261 574 462 602 489
262 574 465 602 492
263 572 468 600 495
264 574 470 602 497
265 574 472 602 499
266 574 474 602 501
267 574 475 602 502
268 575 474 603 501
269 574 479 602 506
270 572 482 600 509
271 573 482 601 509
272 573 484 601 511
273 570 489 598 516
274 572 489 600 516
275 569 493 597 520
276 571 495 599 522
277 572 496 600 523
278 571 498 599 525
279 570 502 598 529
280 571 503 599 530
281 571 506 599 533
282 569 509 597 536
283 569 512 597 539
284 569 514 597 541
285 565 514 593 541
286 565 519 587 541
287 563 521 585 543
288 564 523 586 545
289 563 526 585 548
290 562 528 584 550
291 562 530 584 552
292 561 532 583 554
293 561 534 583 556
294 561 536 583 558
295 561 538 583 560
296 560 540 582 562
297 560 543 582 565
298 559 545 581 567
299 559 547 581 569
300 559 549 581 571
301 558 551 580 573
302 558 553 580 575
303 557 556 579 578
304 558 557 580 579
305 568 525 591 552
306 568 527 591 554
307 567 529 590 556
308 568 531 591 558
309 568 532 591 559
310 568 534 591 561
311 567 534 590 561
312 568 536 591 563
313 567 538 590 565
314 567 540 590 567
315 566 539 589 566
316 567 543 590 570
317 567 544 590 571
318 567 546 590 573
319 567 548 590 575
320 565 548 588 575
321 565 550 588 577
322 567 554 590 581
323 565 553 588 580
324 564 551 587 578
325 565 553 588 580
326 563 554 586 581
327 565 556 588 583
328 565 559 588 586
329 562 560 585 587
330 562 562 585 589
331 563 562 586 589
332 562 563 585 590
333 562 565 585 592
334 560 569 583 596
335 560 569 583 596
336 560 571 583 598
337 561 573 584 600
338 560 573 583 600
339 560 576 583 603
340 558 575 581 602
341 559 579 582 606
342 559 581 582 608
343 558 583 581 610
344 557 585 580 612
345 557 586 580 613
346 556 590 579 617
347 556 591 579 618
348 556 593 579 620
349 556 594 579 621
350 556 597 579 624
351 555 598 578 625
352 554 599 577 626
353 554 601 577 628
354 553 602 576 629
355 553 604 576 631
356 554 607 577 634
357 553 611 576 638
358 556 582 580 611
359 555 584 579 613
360 554 584 578 613
361 554 586 578 615
362 554 588 578 617
363 552 590 576 619
364 552 591 576 620
365 552 593 576 622
366 551 596 575 625
367 551 599 575 628
368 551 600 575 629
369 553 600 577 629
370 552 603 576 632
371 549 606 573 635
372 551 606 575 635
373 550 608 574 637
374 549 611 573 640
375 549 613 573 642
376 548 614 572 643
377 548 618 572 647
378 548 619 572 648
379 546 620 570 649
380 546 624 570 653
381 546 625 570 654
382 544 625 568 654
383 545 631 569 660
384 542 626 566 655
385 544 632 568 661
386 542 634 566 663
387 541 637 565 666
388 539 635 563 664
389 538 636 562 665
390 538 639 562 668
391 537 639 561 668
392 537 641 561 670
393 535 642 559 671
394 535 644 559 673
395 534 645 558 674
396 534 648 558 677
397 532 647 556 676
398 532 650 556 679
399 531 651 555 680
400 530 653 554 682
401 530 655 554 684
402 530 657 554 686
403 529 658 553 687
404 528 659 552 688
405 527 660 551 689
406 528 665 552 694
407 527 666 551 695
408 526 668 550 697
409 525 670 549 699
410 524 671 548 700
411 523 672 547 701
412 522 673 546 702
413 520 675 544 704
414 520 677 544 706
415 519 680 543 709
416 518 682 542 711
417 518 682 542 711
418 517 684 541 713
419 516 687 540 716
420 515 689 539 718
421 515 689 539 718
422 513 690 537 719
423 512 690 536 719
424 511 690 535 719
425 510 690 534 719
426 508 688 532 717
427 508 690 532 719
428 503 680 528 705
429 504 684 529 709
430 503 685 528 710
431 502 687 527 712
432 500 687 525 712
433 500 689 525 714
434 500 691 525 716
435 499 692 524 717
436 498 694 523 719
437 497 694 522 719
438 497 694 522 719
439 495 693 520 718
440 494 694 519 719
441 493 694 518 719
442 492 694 517 719
443 491 694 516 719
444 490 694 515 719
445 489 694 514 719