1054 804 20 832 46
1055 804 22 832 48
1056 803 24 831 50
1057 801 26 829 52
1058 801 27 829 53
1059 800 29 828 55
1060 799 31 827 57
1061 798 33 826 59
1062 798 35 826 61
1063 799 36 827 62
1064 799 38 827 64
1065 797 40 825 66
1066 797 42 825 68
1067 796 44 824 70
1068 795 45 823 71
1069 794 47 822 73
1070 794 50 822 76
1071 793 51 821 77
1072 791 53 819 79
1073 791 55 819 81
1074 790 57 818 83
1075 789 59 817 85
1076 788 60 816 86
1077 787 62 815 88
1078 787 64 815 90
1079 786 65 814 91
1080 785 67 813 93
1081 784 70 812 96
1082 783 71 811 97
1083 782 73 810 99
1084 781 75 809 101
1085 781 77 809 103
1086 780 79 808 105
1087 779 81 807 107
1088 778 83 806 109
1089 777 85 805 111
1090 776 87 804 113
1091 775 89 803 115
1092 774 91 802 117
1093 773 92 801 118
1094 772 94 800 120
1095 771 96 799 122
1096 770 98 798 124
1097 769 99 797 125
1098 768 102 796 128
1099 767 104 795 130
1100 766 105 794 131
1101 766 107 794 133
1102 764 109 792 135
1103 764 111 792 137
1104 762 113 790 139
1105 761 114 789 140
1106 760 116 788 142
1107 759 118 787 144
1108 758 119 786 145
1109 758 121 786 147
1110 757 123 785 149
1111 756 125 784 151
1112 754 127 782 153
1113 753 129 781 155
1114 752 130 780 156
1115 751 132 779 158
1116 751 134 779 160
1117 749 136 777 162
1118 748 138 776 164
1119 747 140 775 166
1120 746 141 774 167
1121 747 143 775 169
1122 747 146 775 172
1123 745 146 773 172
1124 744 148 772 174
1125 743 151 771 177
1126 743 153 771 179
1127 739 154 767 180
1128 741 157 769 183
1129 740 159 768 185
1130 738 160 766 186
1131 737 162 765 188
1132 736 163 764 189
1133 736 166 764 192
1134 735 168 763 194
1135 734 170 762 196
1136 733 171 761 197
1137 732 173 760 199
1138 731 175 759 201
1139 731 176 759 202
1140 730 178 758 204
1141 728 180 756 206
1142 728 182 756 208
1143 726 184 754 210
1144 725 186 753 212
1145 724 188 752 214
1146 724 190 752 216
1147 722 192 750 218
1148 722 194 750 220
1149 720 195 748 221
1150 720 198 748 224
1151 719 200 747 226
1152 718 201 746 227
1153 717 203 745 229
1154 716 205 744 231
1155 715 207 743 233
1156 714 209 742 235
1157 713 211 741 237
1158 712 214 740 240
1159 711 215 739 241
1160 710 218 738 244
1161 710 220 738 246
1162 709 222 737 248
1163 708 223 736 249
1164 707 225 735 251
1165 706 228 734 254
1166 706 230 734 256
1167 705 232 733 258
1168 705 235 733 261
1169 704 236 732 262
1170 702 238 730 264
1171 703 239 731 265
1172 700 241 728 267
1173 700 244 728 270
1174 699 246 727 272
1175 699 248 727 274
1176 698 250 726 276
1177 697 252 725 278
1178 697 254 725 280
1179 695 256 723 282
1180 695 257 723 283
1181 694 260 722 286
1182 695 261 723 287
1183 694 263 722 289
1184 693 265 721 291
1185 691 267 719 293
1186 691 270 719 296
1187 690 272 718 298
1188 689 274 717 300
1189 690 276 718 302
1190 689 278 717 304
1191 687 280 715 306
1192 687 282 715 308
1193 686 284 714 310
1194 685 287 713 313
1195 684 289 712 315
1196 683 291 711 317
1197 683 293 711 319
1198 682 295 710 321
1199 681 297 709 323
1200 681 298 709 324
1201 680 300 708 326
1202 680 302 708 328
1203 679 304 707 330
1204 678 307 706 333
1205 677 309 705 335
1206 677 312 705 338
1207 676 313 704 339
1208 675 315 703 341
1209 675 317 703 343
1210 675 319 703 345
1211 673 322 701 348
1212 674 323 702 349
1213 672 325 700 351
1214 671 328 699 354
1215 671 330 699 356
1216 670 331 698 357
1217 669 334 697 360
1218 669 336 697 362
1219 668 338 696 364
1220 668 340 696 366
1221 667 342 695 368
1222 666 344 694 370
1223 666 346 694 372
1224 665 348 693 374
1225 665 350 693 376
1226 664 352 692 378
1227 664 354 692 380
1228 663 356 691 382
1229 662 359 690 385
1230 662 361 690 387
1231 660 363 688 389
1232 660 365 688 391
1233 659 367 687 393
1234 659 368 687 394
1235 658 371 686 397
1236 658 372 686 398
1237 657 374 685 400
1238 656 377 684 403
1239 656 379 684 405
1240 655 381 683 407
1241 654 383 682 409
1242 653 385 681 411
1243 653 387 681 413
1244 652 389 680 415
1245 652 391 680 417
1246 651 393 679 419
1247 651 396 679 422
1248 650 397 678 423
1249 650 399 678 425
1250 648 401 676 427
1251 649 404 677 430
1252 648 406 676 432
1253 648 407 676 433
1254 647 410 675 436
1255 646 412 674 438
1256 646 414 674 440
1257 646 415 674 441
1258 645 418 673 444
1259 644 420 672 446
1260 644 422 672 448
1261 643 425 671 451
1262 642 426 670 452
1263 642 429 670 455
1264 641 431 669 457
1265 641 433 669 459
1266 641 435 669 461
1267 640 437 668 463
1268 640 439 668 465
1269 639 442 667 468
1270 639 443 667 469
1271 638 446 666 472
1272 638 448 666 474
1273 638 450 666 476
1274 637 452 665 478
1275 637 454 665 480
1276 636 456 664 482
1277 636 458 664 484
1278 635 460 663 486
1279 635 462 663 488
1280 634 465 662 491
1281 634 466 662 492
1282 633 469 661 495
1283 633 471 661 497
1284 632 474 660 500
1285 632 475 660 501
1286 631 477 659 503
1287 631 479 659 505
1288 630 482 658 508
1289 630 484 658 510
1290 629 486 657 512
1291 629 488 657 514
1292 628 490 656 516
1293 628 492 656 518
1294 628 494 656 520
1295 628 496 656 522
1296 627 499 655 525
1297 627 501 655 527
1298 626 503 654 529
1299 626 505 654 531
1300 626 507 654 533
1301 625 509 653 535
1302 625 511 653 537
1303 623 513 651 539
1304 623 516 651 542
1305 622 518 650 544
1306 622 520 650 546
1307 622 522 650 548
1308 621 524 649 550
1309 621 527 649 553
1310 621 528 649 554
1311 620 531 648 557
1312 620 533 648 559
1313 620 534 648 560
1314 619 537 647 563
1315 618 539 646 565
1316 618 541 646 567
1317 617 543 645 569
1318 616 545 644 571
1319 617 547 645 573
1320 616 548 644 574
1321 616 550 644 576
1322 615 553 643 579
1323 615 555 643 581
1324 614 557 642 583
1325 614 560 642 586
1326 613 562 641 588
1327 613 563 641 589
1328 613 565 641 591
1329 613 567 641 593
1330 612 569 640 595
1331 612 572 640 598
1332 612 574 640 600
1333 611 576 639 602
1334 611 578 639 604
1335 610 581 638 607
1336 610 583 638 609
1337 610 585 638 611
1338 609 587 637 613
1339 610 589 638 615
1340 609 592 637 618
1341 608 594 636 620
1342 608 596 636 622
1343 607 598 635 624
1344 607 601 635 627
1345 606 602 634 628
1346 607 604 635 630
1347 606 606 634 632
1348 606 608 634 634
1349 605 611 633 637
1350 604 613 632 639
1351 605 615 633 641
1352 604 618 632 644
1353 604 620 632 646
1354 604 622 632 648
1355 603 624 631 650
1356 602 626 630 652
1357 602 628 630 654
1358 601 631 629 657
1359 602 632 630 658
1360 601 634 629 660
1361 601 637 629 663
1362 600 638 628 664
1363 600 640 628 666
1364 599 643 627 669
1365 599 645 627 671
1366 599 647 627 673
1367 598 649 626 675
1368 598 650 626 676
1369 597 653 625 679
1370 597 655 625 681
1371 597 657 625 683
1372 596 659 624 685
1373 597 662 625 688
1374 596 663 624 689
1375 595 666 623 692
1376 595 667 623 693
1377 594 669 622 695
1378 594 671 622 697
1379 593 674 621 700
1380 593 676 621 702
1381 592 678 620 704
1382 592 680 620 706
1383 592 681 620 707
1384 591 684 619 710
1385 591 686 619 712
1386 591 687 619 713
1387 590 690 618 716
1388 590 692 618 718
1389 590 693 618 719
1390 590 693 618 719
1391 590 693 618 719
1392 590 693 618 719
1393 590 693 618 719
