1917 460 45 487 67
1918 458 50 485 72
1919 457 52 484 74
1920 456 54 483 76
1921 455 56 482 78
1922 453 57 480 79
1923 453 62 480 84
1924 451 65 478 87
1925 451 66 478 88
1926 448 70 475 92
1927 447 73 474 95
1928 446 75 473 97
1929 445 77 472 99
1930 445 79 472 101
1931 443 82 470 104
1932 441 84 468 106
1933 440 86 467 108
1934 439 89 466 111
1935 438 92 465 114
1936 437 95 464 117
1937 436 97 463 119
1938 434 99 461 121
1939 432 102 459 124
1940 430 103 457 125
1941 430 108 457 130
1942 431 109 458 131
1943 428 112 455 134
1944 428 114 455 136
1945 426 117 453 139
1946 425 120 452 142
1947 423 122 450 144
1948 423 125 450 147
1949 422 128 449 150
1950 421 130 448 152
1951 417 130 444 152
1952 418 133 445 155
1953 417 135 444 157
1954 416 138 443 160
1955 415 141 442 163
1956 413 141 440 163
1957 413 145 440 167
1958 412 148 439 170
1959 410 151 437 173
1960 406 154 433 176
1961 408 156 435 178
1962 406 158 433 180
1963 405 159 432 181
1964 404 162 431 184
1965 403 164 430 186
1966 403 167 430 189
1967 401 169 428 191
1968 400 171 427 193
1969 399 175 426 197
1970 400 177 427 199
1971 397 178 424 200
1972 396 181 423 203
1973 395 184 422 206
1974 394 186 421 208
1975 393 189 420 211
1976 392 192 419 214
1977 390 191 417 213
1978 389 193 416 215
1979 389 199 416 221
1980 387 199 414 221
1981 387 201 414 223
1982 388 203 415 225
1983 385 206 412 228
1984 385 208 412 230
1985 383 211 410 233
1986 382 214 409 236
1987 383 215 410 237
1988 381 218 408 240
1989 380 220 407 242
1990 380 222 407 244
1991 378 225 405 247
1992 377 227 404 249
1993 377 230 404 252
1994 376 231 403 253
1995 374 233 401 255
1996 375 234 402 256
1997 373 237 400 259
1998 371 241 398 263
1999 370 243 397 265
2000 369 247 396 269
2001 370 248 397 270
2002 367 252 394 274
2003 365 254 392 276
2004 365 257 392 279
2005 364 259 391 281
2006 363 262 390 284
2007 363 263 390 285
2008 362 266 389 288
2009 361 270 388 292
2010 360 272 387 294
2011 359 274 386 296
2012 359 277 386 299
2013 358 278 385 300
2014 357 283 384 305
2015 356 285 383 307
2016 355 287 382 309
2017 355 290 382 312
2018 355 294 382 316
2019 352 295 379 317
2020 350 298 377 320
2021 350 302 377 324
2022 350 303 377 325
2023 350 305 377 327
2024 349 308 376 330
2025 348 311 375 333
2026 347 313 374 335
2027 347 317 374 339
2028 348 317 375 339
2029 345 322 372 344
2030 344 325 371 347
2031 346 325 373 347
2032 343 329 370 351
2033 342 330 369 352
2034 341 333 368 355
2035 342 334 369 356
2036 341 340 368 362
2037 341 340 368 362
2038 342 345 369 367
2039 342 349 369 371
2040 337 346 364 368
2041 337 350 364 372
2042 336 352 363 374
2043 335 354 362 376
2044 334 358 361 380
2045 334 362 361 384
2046 335 363 362 385
2047 334 366 361 388
2048 333 367 360 389
2049 333 371 360 393
2050 332 374 359 396
2051 332 376 359 398
2052 332 379 359 401
2053 331 382 358 404
2054 331 386 358 408
2055 330 388 357 410
2056 329 392 356 414
2057 329 394 356 416
2058 328 398 355 420
2059 328 401 355 423
2060 327 402 354 424
2061 326 405 353 427
2062 323 411 350 433
2063 323 408 350 430
2064 324 412 351 434
2065 323 414 350 436
2066 323 416 350 438
2067 322 418 349 440
2068 322 421 349 443
2069 319 427 346 449
2070 319 425 346 447
2071 319 427 346 449
2072 319 433 346 455
2073 317 437 344 459
2074 316 442 343 464
2075 316 439 343 461
2076 317 444 344 466
2077 316 445 343 467
2078 317 448 344 470
2079 315 451 342 473
2080 314 454 341 476
2081 314 455 341 477
2082 313 458 340 480
2083 312 461 339 483
2084 312 464 339 486
2085 311 466 338 488
2086 311 468 338 490
2087 309 471 336 493
2088 309 474 336 496
2089 308 477 335 499
2090 307 479 334 501
2091 306 481 333 503
2092 307 483 334 505
2093 308 484 335 506
2094 306 489 333 511
2095 304 490 331 512
2096 304 492 331 514
2097 305 495 332 517
2098 304 498 331 520
2099 303 500 330 522
2100 302 502 329 524
2101 301 505 328 527
2102 301 507 328 529
2103 302 507 329 529
2104 300 510 327 532
2105 301 513 328 535
2106 301 513 328 535
2107 300 516 327 538
2108 298 520 325 542
2109 300 521 327 543
2110 297 523 324 545
2111 296 526 323 548
2112 295 527 322 549
2113 296 532 323 554
2114 295 534 322 556
2115 293 536 320 558
2116 292 539 319 561
2117 293 542 320 564
2118 292 544 319 566
2119 292 547 319 569
2120 291 550 318 572
2121 291 552 318 574
2122 291 553 318 575
2123 290 557 317 579
2124 289 560 316 582
2125 289 562 316 584
2126 288 565 315 587
2127 288 566 315 588
2128 288 569 315 591
2129 287 571 314 593
2130 287 574 314 596
2131 286 577 313 599
2132 286 579 313 601
2133 286 581 313 603
2134 286 583 313 605
2135 286 586 313 608
2136 285 589 312 611
2137 285 591 312 613
2138 284 593 311 615
2139 284 596 311 618
2140 283 599 310 621
2141 283 602 310 624
2142 284 604 311 626
2143 283 606 310 628
2144 283 609 310 631
2145 282 612 309 634
2146 282 614 309 636
2147 281 617 308 639
2148 281 619 308 641
2149 280 622 307 644
2150 280 624 307 646
2151 280 628 307 650
2152 280 629 307 651
2153 279 632 306 654
2154 280 634 307 656
2155 281 635 308 657
2156 279 641 306 663
2157 280 641 307 663
2158 280 643 307 665
2159 279 647 306 669
2160 279 649 306 671
2161 277 652 304 674
2162 278 654 305 676
2163 278 657 305 679
2164 278 658 305 680
2165 278 662 305 684
2166 277 666 304 688
2167 277 669 304 691
2168 277 671 304 693
2169 276 671 303 693
2170 278 675 305 697
2171 277 678 304 700
2172 277 681 304 703
2173 277 683 304 705
2174 275 685 302 707
2175 274 687 301 709
2176 275 690 302 712
2177 276 694 303 716
2178 276 696 303 718
2179 275 697 302 719
2180 277 697 304 719
2181 277 697 304 719
2182 278 697 305 719
