2360 893 6 917 26
2361 891 7 915 27
2362 890 6 914 26
2363 888 9 912 29
2364 887 10 911 30
2365 886 11 910 31
2366 884 12 908 32
2367 883 13 907 33
2368 882 14 906 34
2369 881 17 905 37
2370 880 18 904 38
2371 879 16 903 36
2372 879 17 903 37
2373 875 17 899 37
2374 874 20 898 40
2375 871 21 895 41
2376 869 22 893 42
2377 871 24 895 44
2378 869 26 893 46
2379 869 25 893 45
2380 868 25 892 45
2381 866 27 890 47
2382 865 28 889 48
2383 865 27 889 47
2384 863 30 887 50
2385 860 29 884 49
2386 858 32 882 52
2387 859 33 883 53
2388 856 34 880 54
2389 855 35 879 55
2390 854 36 878 56
2391 854 38 878 58
2392 853 36 877 56
2393 852 40 876 60
2394 852 40 876 60
2395 851 42 875 62
2396 849 43 873 63
2397 848 44 872 64
2398 845 45 869 65
2399 845 50 869 70
2400 845 48 869 68
2401 844 49 868 69
2402 843 48 867 68
2403 842 51 866 71
2404 841 52 865 72
2405 840 56 864 76
2406 839 54 863 74
2407 838 56 862 76
2408 837 56 861 76
2409 835 58 859 78
2410 835 59 859 79
2411 834 60 858 80
2412 832 60 856 80
2413 831 62 855 82
2414 830 63 854 83
2415 830 65 854 85
2416 829 64 853 84
2417 828 66 852 86
2418 827 68 851 88
2419 826 69 850 89
2420 825 69 849 89
2421 824 71 848 91
2422 823 71 847 91
2423 821 72 845 92
2424 821 74 845 94
2425 821 75 845 95
2426 817 76 841 96
2427 818 75 842 95
2428 816 78 840 98
2429 816 79 840 99
2430 816 79 840 99
2431 813 79 837 99
2432 814 80 838 100
2433 811 82 835 102
2434 812 82 836 102
2435 812 85 836 105
2436 810 87 834 107
2437 810 87 834 107
2438 810 88 834 108
2439 806 89 830 109
2440 808 91 832 111
2441 807 92 831 112
2442 805 95 829 115
2443 805 94 829 114
2444 805 95 829 115
2445 804 97 828 117
2446 803 97 827 117
2447 802 99 826 119
2448 800 100 824 120
2449 799 100 823 120
2450 799 102 823 122
2451 795 103 819 123
2452 797 105 821 125
2453 797 106 821 126
2454 796 107 820 127
2455 795 108 819 128
2456 794 110 818 130
2457 793 111 817 131
2458 790 111 814 131
2459 789 112 813 132
2460 789 112 813 132
2461 788 116 812 136
2462 787 117 811 137
2463 787 115 811 135
2464 785 119 809 139
2465 786 117 810 137
2466 783 121 807 141
2467 785 119 809 139
2468 782 122 806 142
2469 784 123 808 143
2470 781 125 805 145
2471 780 126 804 146
2472 779 128 803 148
2473 779 128 803 148
2474 777 131 801 151
2475 776 132 800 152
2476 775 133 799 153
2477 775 134 799 154
2478 773 136 797 156
2479 773 137 797 157
2480 773 138 797 158
2481 773 138 797 158
2482 771 141 795 161
2483 770 145 794 165
2484 769 144 793 164
2485 770 145 794 165
2486 768 145 792 165
2487 768 147 792 167
2488 768 148 792 168
2489 766 149 790 169
2490 767 150 791 170
2491 765 152 789 172
2492 765 153 789 173
2493 765 154 789 174
2494 762 156 786 176
2495 764 156 788 176
2496 763 158 787 178
2497 762 160 786 180
2498 765 161 789 181
2499 759 165 783 185
2500 758 164 782 184
2501 759 165 783 185
2502 757 166 781 186
2503 758 167 782 187
2504 756 172 780 192
2505 756 170 780 190
2506 756 172 780 192
2507 753 174 777 194
2508 756 174 780 194
2509 755 176 779 196
2510 755 176 779 196
2511 751 178 775 198
2512 751 181 775 201
2513 751 182 775 202
2514 752 183 776 203
2515 749 185 773 205
2516 753 187 777 207
2517 753 188 777 208
2518 753 187 777 207
2519 747 190 771 210
2520 748 190 772 210
2521 746 192 770 212
2522 748 193 772 213
2523 747 195 771 215
2524 746 197 770 217
2525 745 198 769 218
2526 745 200 769 220
2527 743 201 767 221
2528 744 202 768 222
2529 743 203 767 223
2530 742 205 766 225
2531 740 206 764 226
2532 742 205 766 225
2533 739 208 763 228
2534 742 211 766 231
2535 741 216 765 236
2536 739 211 763 231
2537 740 213 764 233
2538 739 215 763 235
2539 739 216 763 236
2540 740 218 764 238
2541 737 220 761 240
2542 736 222 760 242
2543 735 222 759 242
2544 735 224 759 244
2545 735 228 759 248
2546 737 229 761 249
2547 734 227 758 247
2548 734 233 758 253
2549 735 235 759 255
2550 733 234 757 254
2551 731 234 755 254
2552 732 236 756 256
2553 731 237 755 257
2554 729 238 753 258
2555 730 240 754 260
2556 730 243 754 263
2557 729 243 753 263
2558 730 245 754 265
2559 728 246 752 266
2560 727 248 751 268
2561 727 250 751 270
2562 726 250 750 270
2563 726 252 750 272
2564 726 255 750 275
2565 726 255 750 275
2566 726 256 750 276
2567 724 257 748 277
2568 723 258 747 278
2569 723 259 747 279
2570 723 261 747 281
2571 722 263 746 283
2572 721 263 745 283
2573 721 266 745 286
2574 721 266 745 286
2575 721 269 745 289
2576 720 268 744 288
2577 719 269 743 289
2578 718 270 742 290
2579 717 271 741 291
2580 719 273 743 293
2581 719 275 743 295
2582 717 276 741 296
2583 719 278 743 298
2584 719 279 743 299
2585 715 284 739 304
2586 715 286 739 306
2587 713 290 737 310
2588 717 290 741 310
2589 713 288 737 308
2590 712 289 736 309
2591 712 291 736 311
2592 713 292 737 312
2593 712 293 736 313
2594 711 295 735 315
2595 711 296 735 316
2596 711 299 735 319
2597 710 297 734 317
2598 712 302 736 322
2599 709 300 733 320
2600 709 302 733 322
2601 708 301 732 321
2602 708 302 732 322
2603 707 304 731 324
2604 707 306 731 326
2605 707 307 731 327
2606 706 308 730 328
2607 706 310 730 330
2608 706 312 730 332
2609 705 312 729 332
2610 705 314 729 334
2611 704 315 728 335
2612 704 317 728 337
2613 703 318 727 338
2614 703 320 727 340
2615 702 320 726 340
2616 702 321 726 341
2617 701 323 725 343
2618 701 325 725 345
2619 701 326 725 346
2620 701 327 725 347
2621 699 329 723 349
2622 699 329 723 349
2623 700 331 724 351
2624 698 332 722 352
2625 699 334 723 354
2626 698 336 722 356
2627 698 336 722 356
2628 697 338 721 358
2629 696 340 720 360
2630 696 340 720 360
2631 695 344 719 364
2632 695 346 719 366
2633 692 346 716 366
2634 694 348 718 368
2635 694 348 718 368
2636 694 349 718 369
2637 693 349 717 369
2638 692 352 716 372
2639 692 355 716 375
2640 691 356 715 376
2641 691 353 715 373
2642 689 358 713 378
2643 688 359 712 379
2644 689 363 713 383
2645 687 362 711 382
2646 688 364 712 384
2647 686 366 710 386
2648 684 367 708 387
2649 686 369 710 389
2650 687 371 711 391
2651 686 371 710 391
2652 686 372 710 392
2653 686 374 710 394
2654 686 375 710 395
2655 685 377 709 397
2656 685 378 709 398
2657 685 377 709 397
2658 684 382 708 402
2659 684 383 708 403
2660 684 385 708 405
2661 683 384 707 404
2662 683 385 707 405
2663 683 388 707 408
2664 683 388 707 408
2665 680 391 704 411
2666 682 391 706 411
2667 683 391 707 411
2668 682 394 706 414
2669 682 396 706 416
2670 680 399 704 419
2671 682 399 706 419
2672 683 404 707 424
2673 681 403 705 423
2674 681 404 705 424
2675 681 405 705 425
2676 681 408 705 428
2677 680 409 704 429
2678 683 411 707 431
2679 683 412 707 432
2680 683 414 707 434
2681 682 418 706 438
2682 683 420 707 440
2683 682 424 706 444
2684 683 419 707 439
2685 683 421 707 441
2686 684 423 708 443
2687 682 424 706 444
2688 681 425 705 445
2689 683 427 707 447
2690 683 432 707 452
2691 683 434 707 454
2692 684 434 708 454
2693 680 433 704 453
2694 683 439 707 459
2695 683 441 707 461
2696 683 443 707 463
2697 683 440 707 460
2698 683 446 707 466
2699 686 447 710 467
2700 684 444 708 464
2701 683 453 707 473
2702 683 453 707 473
2703 686 450 710 470
2704 686 451 710 471
2705 685 455 709 475
2706 686 457 710 477
2707 686 461 710 481
2708 687 456 711 476
2709 687 462 711 482
2710 687 462 711 482
2711 688 463 712 483
2712 689 463 713 483
2713 688 467 712 487
2714 688 467 712 487
2715 685 476 709 496
2716 689 470 713 490
2717 685 476 709 496
2718 687 474 711 494
2719 688 475 712 495
2720 687 477 711 497
2721 690 479 714 499
2722 691 482 715 502
2723 687 485 711 505
2724 688 484 712 504
2725 691 485 715 505
2726 686 494 710 514
2727 689 494 713 514
2728 689 491 713 511
2729 690 492 714 512
2730 692 497 716 517
2731 690 500 714 520
2732 688 502 712 522
2733 690 499 714 519
2734 690 505 714 525
2735 693 504 717 524
2736 693 509 717 529
2737 693 509 717 529
2738 687 511 711 531
2739 691 512 715 532
2740 694 514 718 534
2741 691 517 715 537
2742 691 519 715 539
2743 695 521 719 541
2744 696 518 720 538
2745 694 520 718 540
2746 692 526 716 546
2747 697 525 721 545
2748 697 527 721 547
2749 697 531 721 551
2750 698 534 722 554
2751 697 532 721 552
2752 699 534 723 554
2753 698 533 722 553
2754 699 539 723 559
2755 699 539 723 559
2756 697 539 721 559
2757 702 542 726 562
2758 698 549 722 569
2759 701 548 725 568
2760 702 551 726 571
2761 702 551 726 571
2762 703 551 727 571
2763 699 555 723 575
2764 701 553 725 573
2765 704 558 728 578
2766 704 560 728 580
2767 704 560 728 580
2768 704 561 728 581
2769 705 563 729 583
2770 705 565 729 585
2771 707 567 731 587
2772 704 571 728 591
2773 707 570 731 590
2774 708 572 732 592
2775 704 573 728 593
2776 705 574 729 594
2777 704 577 728 597
2778 710 578 734 598
2779 711 580 735 600
2780 715 590 739 610
2781 710 586 734 606
2782 711 587 735 607
2783 708 589 732 609
2784 704 591 728 611
2785 706 594 730 614
2786 708 596 732 616
2787 708 598 732 618
2788 705 599 729 619
2789 709 600 733 620
2790 707 605 731 625
2791 709 602 733 622
2792 709 606 733 626
2793 708 611 732 631
2794 706 610 730 630
2795 710 612 734 632
2796 709 615 733 635
2797 709 616 733 636
2798 709 618 733 638
2799 710 620 734 640
2800 711 618 735 638
2801 710 622 734 642
2802 711 625 735 645
2803 713 623 737 643
2804 711 627 735 647
2805 710 626 734 646
2806 713 628 737 648
2807 712 631 736 651
2808 710 631 734 651
2809 711 636 735 656
2810 713 638 737 658
2811 712 640 736 660
2812 711 642 735 662
2813 713 642 737 662
2814 711 646 735 666
2815 711 648 735 668
2816 712 650 736 670
2817 711 649 735 669
2818 712 653 736 673
2819 712 654 736 674
2820 712 655 736 675
2821 712 656 736 676
2822 711 661 735 681
2823 712 661 736 681
2824 712 663 736 683
2825 712 664 736 684
2826 712 668 736 688
2827 712 668 736 688
2828 712 671 736 691
2829 713 672 737 692
2830 712 673 736 693
2831 711 677 735 697
2832 713 677 737 697
2833 713 680 737 700
2834 713 682 737 702
2835 713 682 737 702
2836 714 684 738 704
2837 712 679 734 704
2838 714 684 736 701
2839 714 685 735 706
2840 714 684 734 708
2841 710 687 733 708
2842 712 689 736 713
2843 712 691 735 714
2844 710 694 734 714
2845 712 694 731 716
2846 711 698 733 713
2847 710 696 733 717
2848 710 702 733 719