3584 848 43 880 71
3585 847 47 879 75
3586 847 48 879 76
3587 846 53 878 81
3588 847 55 879 83
3589 848 56 880 84
3590 847 60 879 88
3591 848 60 880 88
3592 848 63 880 91
3593 848 65 880 93
3594 848 69 880 97
3595 848 71 880 99
3596 848 73 880 101
3597 848 75 880 103
3598 848 79 880 107
3599 849 80 881 108
3600 848 82 880 110
3601 849 84 881 112
3602 849 87 881 115
3603 848 90 880 118
3604 849 93 881 121
3605 849 95 881 123
3606 849 97 881 125
3607 850 100 882 128
3608 850 101 882 129
3609 850 105 882 133
3610 850 107 882 135
3611 850 109 882 137
3612 850 110 882 138
3613 850 114 882 142
3614 851 116 883 144
3615 851 118 883 146
3616 852 120 884 148
3617 851 123 883 151
3618 851 125 883 153
3619 852 127 884 155
3620 852 130 884 158
3621 851 133 883 161
3622 852 135 884 163
3623 851 137 883 165
3624 852 140 884 168
3625 853 143 885 171
3626 852 144 884 172
3627 852 147 884 175
3628 853 149 885 177
3629 854 153 886 181
3630 852 155 884 183
3631 854 157 886 185
3632 853 159 885 187
3633 854 162 886 190
3634 853 164 885 192
3635 853 166 885 194
3636 854 170 886 198
3637 854 171 886 199
3638 853 173 885 201
3639 854 176 886 204
3640 854 178 886 206
3641 854 181 886 209
3642 854 183 886 211
3643 856 186 888 214
3644 854 188 886 216
3645 854 190 886 218
3646 854 193 886 221
3647 854 196 886 224
3648 854 198 886 226
3649 854 200 886 228
3650 854 202 886 230
3651 854 205 886 233
3652 854 207 886 235
3653 854 210 886 238
3654 854 212 886 240
3655 854 215 886 243
3656 854 216 886 244
3657 853 219 885 247
3658 854 221 886 249
3659 853 224 885 252
3660 853 226 885 254
3661 853 229 885 257
3662 853 231 885 259
3663 853 233 885 261
3664 853 235 885 263
3665 853 238 885 266
3666 853 241 885 269
3667 853 243 885 271
3668 853 246 885 274
3669 853 248 885 276
3670 853 251 885 279
3671 853 253 885 281
3672 853 256 885 284
3673 853 259 885 287
3674 853 262 885 290
3675 853 263 885 291
3676 853 267 885 295
3677 853 269 885 297
3678 853 271 885 299
3679 853 274 885 302
3680 853 276 885 304
3681 853 279 885 307
3682 853 281 885 309
3683 853 283 885 311
3684 853 286 885 314
3685 853 288 885 316
3686 854 291 886 319
3687 854 294 886 322
3688 855 297 887 325
3689 855 299 887 327
3690 855 302 887 330
3691 855 305 887 333
3692 855 306 887 334
3693 856 310 888 338
3694 855 311 887 339
3695 855 313 887 341
3696 855 315 887 343
3697 855 319 887 347
3698 856 322 888 350
3699 855 323 887 351
3700 856 326 888 354
3701 857 329 889 357
3702 857 332 889 360
3703 857 333 889 361
3704 857 336 889 364
3705 857 339 889 367
3706 857 340 889 368
3707 857 342 889 370
3708 858 345 890 373
3709 857 347 889 375
3710 858 350 890 378
3711 858 352 890 380
3712 856 354 888 382
3713 857 358 889 386
3714 857 359 889 387
3715 857 361 889 389
3716 857 363 889 391
3717 859 366 891 394
3718 858 368 890 396
3719 857 371 889 399
3720 859 373 891 401
3721 857 375 889 403
3722 860 377 892 405
3723 857 380 889 408
3724 858 381 890 409
3725 859 384 891 412
3726 858 387 890 415
3727 858 389 890 417
3728 858 391 890 419
3729 858 395 890 423
3730 858 398 890 426
3731 858 399 890 427
3732 858 402 890 430
3733 859 405 891 433
3734 859 408 891 436
3735 859 410 891 438
3736 859 412 891 440
3737 858 414 890 442
3738 859 417 891 445
3739 859 419 891 447
3740 859 421 891 449
3741 859 424 891 452
3742 859 426 891 454
3743 860 429 892 457
3744 859 431 891 459
3745 859 434 891 462
3746 859 436 891 464
3747 859 438 891 466
3748 859 441 891 469
3749 858 443 890 471
3750 858 446 890 474
3751 858 448 890 476
3752 857 450 889 478
3753 858 453 890 481
3754 857 455 889 483
3755 857 458 889 486
3756 857 460 889 488
3757 856 462 888 490
3758 857 464 889 492
3759 855 467 887 495
3760 855 469 887 497
3761 855 472 887 500
3762 855 474 887 502
3763 854 476 886 504
3764 854 478 886 506
3765 853 480 885 508
3766 853 483 885 511
3767 853 486 885 514
3768 853 487 885 515
3769 852 490 884 518
3770 852 492 884 520
3771 852 494 884 522
3772 852 498 884 526
3773 852 499 884 527
3774 852 502 884 530
3775 852 503 884 531
3776 851 506 883 534
3777 852 508 884 536
3778 850 510 882 538
3779 849 512 881 540
3780 849 515 881 543
3781 849 517 881 545
3782 849 519 881 547
3783 848 522 880 550
3784 848 524 880 552
3785 847 527 879 555
3786 847 530 879 558
3787 847 531 879 559
3788 846 534 878 562
3789 847 536 879 564
3790 846 538 878 566
3791 846 540 878 568
3792 846 542 878 570
3793 846 545 878 573
3794 845 547 877 575
3795 845 550 877 578
3796 845 552 877 580
3797 845 554 877 582
3798 845 559 877 587
3799 844 562 876 590
3800 843 562 875 590
3801 844 564 876 592
3802 843 566 875 594
3803 843 571 875 599
3804 842 573 874 601
3805 842 575 874 603
3806 841 576 873 604
3807 841 578 873 606
3808 842 582 874 610
3809 842 584 874 612
3810 841 584 873 612
3811 840 587 872 615
3812 840 589 872 617
3813 840 593 872 621
3814 839 595 871 623
3815 839 597 871 625
3816 838 599 870 627
3817 838 602 870 630
3818 839 605 871 633
3819 837 606 869 634
3820 837 609 869 637
3821 838 610 870 638
3822 838 615 870 643
3823 836 616 868 644
3824 837 620 869 648
3825 834 622 866 650
3826 836 623 868 651
3827 834 627 866 655
3828 834 629 866 657
3829 834 630 866 658
3830 832 633 864 661
3831 831 636 863 664
3832 831 638 863 666
3833 832 641 864 669
3834 830 643 862 671
3835 830 646 862 674
3836 829 648 861 676
3837 829 650 861 678
3838 829 653 861 681
3839 828 654 860 682
3840 829 657 861 685
3841 828 658 860 686
3842 827 662 859 690
3843 827 664 859 692
3844 827 666 859 694
3845 827 667 859 695
3846 826 670 858 698
3847 825 673 857 701
3848 825 675 857 703
3849 824 678 856 706
3850 824 681 856 709
3851 823 683 855 711
3852 823 685 855 713
3853 822 688 854 716
3854 822 690 854 718
3855 822 691 854 719
3856 822 691 854 719
3857 822 691 854 719
3858 822 691 854 719
3859 824 691 856 719
3860 826 691 858 719
