536 105 3 128 23
537 106 4 129 24
538 108 5 131 25
539 109 6 132 26
540 110 7 133 27
541 111 8 134 28
542 112 9 135 29
543 114 10 137 30
544 115 11 138 31
545 116 12 139 32
546 117 13 140 33
547 118 14 141 34
548 119 15 142 35
549 121 17 144 37
550 122 18 145 38
551 123 19 146 39
552 124 21 147 41
553 126 23 149 43
554 127 24 150 44
555 127 25 150 45
556 128 26 151 46
557 130 27 153 47
558 131 31 154 51
559 132 31 155 51
560 126 20 155 52
561 128 22 157 54
562 128 23 157 55
563 130 25 159 57
564 131 26 160 58
565 132 27 161 59
566 133 28 162 60
567 134 30 163 62
568 135 32 164 64
569 136 33 165 65
570 137 34 166 66
571 138 36 167 68
572 138 38 167 70
573 140 39 169 71
574 141 40 170 72
575 142 42 171 74
576 143 44 172 76
577 144 45 173 77
578 144 46 173 78
579 145 47 174 79
580 146 49 175 81
581 148 50 177 82
582 148 52 177 84
583 147 52 176 84
584 151 54 180 86
585 151 56 180 88
586 152 57 181 89
587 154 59 183 91
588 154 60 183 92
589 155 61 184 93
590 156 62 185 94
591 157 63 186 95
592 157 65 186 97
593 159 65 188 97
594 160 67 189 99
595 161 68 190 100
596 162 70 191 102
597 163 73 192 105
598 163 73 192 105
599 164 74 193 106
600 165 76 194 108
601 165 77 194 109
602 165 79 194 111
603 166 80 195 112
604 168 81 197 113
605 168 83 197 115
606 169 85 198 117
607 169 86 198 118
608 170 88 199 120
609 170 89 199 121
610 171 91 200 123
611 172 92 201 124
612 173 94 202 126
613 173 95 202 127
614 173 97 202 129
615 173 98 202 130
616 174 100 203 132
617 175 102 204 134
618 175 103 204 135
619 176 104 205 136
620 176 106 205 138
621 177 107 206 139
622 178 110 207 142
623 178 112 207 144
624 179 113 208 145
625 179 114 208 146
626 180 116 209 148
627 181 117 210 149
628 181 119 210 151
629 182 121 211 153
630 182 122 211 154
631 182 124 211 156
632 182 126 211 158
633 181 128 210 160
634 182 130 211 162
635 182 131 211 163
636 182 132 211 164
637 183 134 212 166
638 184 137 213 169
639 183 137 212 169
640 184 139 213 171
641 183 141 212 173
642 184 143 213 175
643 184 144 213 176
644 185 146 214 178
645 185 148 214 180
646 185 149 214 181
647 186 151 215 183
648 186 153 215 185
649 187 154 216 186
650 186 156 215 188
651 187 158 216 190
652 187 159 216 191
653 187 161 216 193
654 188 163 217 195
655 188 164 217 196
656 187 166 216 198
657 188 168 217 200
658 188 170 217 202
659 189 172 218 204
660 189 173 218 205
661 189 175 218 207
662 189 177 218 209
663 189 178 218 210
664 190 180 219 212
665 190 182 219 214
666 190 184 219 216
667 190 186 219 218
668 191 187 220 219
669 191 189 220 221
670 191 191 220 223
671 191 192 220 224
672 191 194 220 226
673 191 196 220 228
674 191 198 220 230
675 192 200 221 232
676 192 202 221 234
677 193 204 222 236
678 193 206 222 238
679 191 207 220 239
680 192 209 221 241
681 193 211 222 243
682 193 213 222 245
683 193 215 222 247
684 193 217 222 249
685 193 219 222 251
686 193 220 222 252
687 193 222 222 254
688 194 224 223 256
689 194 226 223 258
690 194 228 223 260
691 194 230 223 262
692 194 232 223 264
693 194 234 223 266
694 194 235 223 267
695 194 237 223 269
696 195 239 224 271
697 195 241 224 273
698 195 243 224 275
699 194 245 223 277
700 195 247 224 279
701 195 249 224 281
702 195 251 224 283
703 195 253 224 285
704 195 255 224 287
705 195 257 224 289
706 195 259 224 291
707 195 261 224 293
708 195 263 224 295
709 195 265 224 297
710 195 267 224 299
711 195 268 224 300
712 195 270 224 302
713 195 272 224 304
714 195 274 224 306
715 195 276 224 308
716 195 278 224 310
717 195 280 224 312
718 195 282 224 314
719 195 284 224 316
720 195 286 224 318
721 195 288 224 320
722 195 290 224 322
723 194 292 223 324
724 194 294 223 326
725 194 296 223 328
726 194 298 223 330
727 194 300 223 332
728 194 301 223 333
729 194 303 223 335
730 194 306 223 338
731 194 308 223 340
732 194 310 223 342
733 194 312 223 344
734 194 314 223 346
735 194 316 223 348
736 194 318 223 350
737 193 320 222 352
738 193 321 222 353
739 193 323 222 355
740 193 325 222 357
741 193 327 222 359
742 193 330 222 362
743 193 331 222 363
744 193 333 222 365
745 193 335 222 367
746 193 337 222 369
747 193 340 222 372
748 193 342 222 374
749 193 344 222 376
750 193 346 222 378
751 193 349 222 381
752 192 350 221 382
753 192 352 221 384
754 193 354 222 386
755 192 357 221 389
756 192 359 221 391
757 192 361 221 393
758 192 363 221 395
759 193 364 222 396
760 191 367 220 399
761 191 369 220 401
762 192 370 221 402
763 191 372 220 404
764 190 374 219 406
765 190 376 219 408
766 191 379 220 411
767 190 381 219 413
768 190 383 219 415
769 190 385 219 417
770 190 387 219 419
771 190 389 219 421
772 189 391 218 423
773 189 393 218 425
774 189 395 218 427
775 189 397 218 429
776 189 399 218 431
777 189 401 218 433
778 189 403 218 435
779 189 405 218 437
780 189 407 218 439
781 189 409 218 441
782 188 411 217 443
783 188 413 217 445
784 188 415 217 447
785 188 417 217 449
786 188 419 217 451
787 188 421 217 453
788 188 424 217 456
789 188 426 217 458
790 188 428 217 460
791 188 430 217 462
792 187 432 216 464
793 187 434 216 466
794 188 437 217 469
795 188 439 217 471
796 187 441 216 473
797 187 443 216 475
798 187 445 216 477
799 186 447 215 479
800 186 449 215 481
801 186 451 215 483
802 186 454 215 486
803 186 456 215 488
804 186 458 215 490
805 186 460 215 492
806 186 462 215 494
807 185 464 214 496
808 185 466 214 498
809 185 468 214 500
810 185 470 214 502
811 185 472 214 504
812 184 474 213 506
813 186 477 215 509
814 185 479 214 511
815 185 481 214 513
816 185 483 214 515
817 184 485 213 517
818 184 487 213 519
819 184 489 213 521
820 185 491 214 523
821 185 493 214 525
822 185 495 214 527
823 185 497 214 529
824 185 499 214 531
825 184 502 213 534
826 184 503 213 535
827 184 506 213 538
828 184 508 213 540
829 184 510 213 542
830 184 512 213 544
831 183 515 212 547
832 183 517 212 549
833 184 519 213 551
834 184 521 213 553
835 184 523 213 555
836 184 526 213 558
837 183 528 212 560
838 184 530 213 562
839 183 532 212 564
840 183 534 212 566
841 182 536 211 568
842 182 538 211 570
843 183 540 212 572
844 183 542 212 574
845 183 545 212 577
846 183 546 212 578
847 183 549 212 581
848 183 551 212 583
849 183 554 212 586
850 183 556 212 588
851 183 558 212 590
852 183 560 212 592
853 183 562 212 594
854 182 564 211 596
855 182 566 211 598
856 182 569 211 601
857 182 571 211 603
858 181 573 210 605
859 182 575 211 607
860 180 577 209 609
861 181 579 210 611
862 180 581 209 613
863 181 584 210 616
864 180 585 209 617
865 180 588 209 620
866 179 590 208 622
867 179 592 208 624
868 179 595 208 627
869 179 597 208 629
870 179 599 208 631
871 179 601 208 633
872 178 603 207 635
873 178 606 207 638
874 178 608 207 640
875 178 610 207 642
876 178 612 207 644
877 178 614 207 646
878 178 616 207 648
879 178 619 207 651
880 178 621 207 653
881 178 624 207 656
882 178 626 207 658
883 177 628 206 660
884 177 630 206 662
885 178 632 207 664
886 177 634 206 666
887 177 636 206 668
888 177 638 206 670
889 176 641 205 673
890 177 643 206 675
891 177 645 206 677
892 178 649 207 681
893 175 650 204 682
894 175 651 204 683
895 175 653 204 685
896 175 657 204 689
897 176 660 205 692
898 176 660 205 692
899 175 662 204 694
900 176 664 205 696
901 176 666 205 698
902 176 668 205 700
903 175 673 204 705
904 173 677 202 709
905 173 680 202 712
906 173 681 202 713
907 170 685 199 717
908 171 685 200 717
909 172 686 201 718
910 173 687 202 719
911 174 687 203 719
912 175 687 204 719
913 176 687 205 719
914 176 687 205 719
915 178 687 207 719
916 177 687 206 719
917 178 687 207 719
918 178 687 207 719