5337 36 28 66 45
5338 35 30 65 47
5339 34 32 64 49
5340 34 35 64 52
5341 34 37 64 54
5342 32 39 62 56
5343 35 42 65 59
5344 35 44 65 61
5345 36 47 66 64
5346 35 49 65 66
5347 34 48 64 65
5348 35 52 65 69
5349 34 52 64 69
5350 34 55 64 72
5351 35 58 65 75
5352 35 60 65 77
5353 36 63 66 80
5354 34 64 64 81
5355 35 66 65 83
5356 36 69 66 86
5357 36 71 66 88
5358 35 73 65 90
5359 36 76 66 93
5360 35 78 65 95
5361 35 80 65 97
5362 35 82 65 99
5363 33 82 63 99
5364 32 84 62 101
5365 33 86 63 103
5366 33 90 63 107
5367 33 91 63 108
5368 33 93 63 110
5369 33 95 63 112
5370 32 97 62 114
5371 33 100 63 117
5372 33 102 63 119
5373 32 104 62 121
5374 32 107 62 124
5375 31 108 61 125
5376 32 111 62 128
5377 31 115 61 132
5378 32 117 62 134
5379 30 117 60 134
5380 29 119 59 136
5381 31 122 61 139
5382 31 127 61 144
5383 29 125 59 142
5384 30 129 60 146
5385 30 130 60 147
5386 30 133 60 150
5387 30 136 60 153
5388 30 138 60 155
5389 29 141 59 158
5390 28 141 58 158
5391 28 145 58 162
5392 28 146 58 163
5393 28 148 58 165
5394 29 152 59 169
5395 27 153 57 170
5396 27 155 57 172
5397 27 159 57 176
5398 27 161 57 178
5399 26 163 56 180
5400 27 166 57 183
5401 25 166 55 183
5402 27 169 57 186
5403 26 174 56 191
5404 25 173 55 190
5405 23 175 53 192
5406 25 178 55 195
5407 25 181 55 198
5408 26 184 56 201
5409 27 186 57 203
5410 27 187 57 204
5411 26 189 56 206
5412 25 191 55 208
5413 27 195 57 212
5414 27 196 57 213
5415 26 200 56 217
5416 26 202 56 219
5417 26 204 56 221
5418 27 206 57 223
5419 26 209 56 226
5420 25 212 55 229
5421 24 213 54 230
5422 25 216 55 233
5423 25 219 55 236
5424 25 222 55 239
5425 26 223 56 240
5426 25 225 55 242
5427 25 229 55 246
5428 25 230 55 247
5429 25 232 55 249
5430 25 234 55 251
5431 25 236 55 253
5432 25 238 55 255
5433 25 243 55 260
5434 24 243 54 260
5435 23 246 53 263
5436 24 248 54 265
5437 23 251 53 268
5438 22 253 52 270
5439 22 255 52 272
5440 24 256 54 273
5441 21 259 51 276
5442 21 261 51 278
5443 22 263 52 280
5444 22 265 52 282
5445 23 269 53 286
5446 24 270 54 287
5447 22 273 52 290
5448 21 275 51 292
5449 21 276 51 293
5450 22 279 52 296
5451 20 281 50 298
5452 21 283 51 300
5453 20 285 50 302
5454 20 287 50 304
5455 21 288 51 305
5456 20 290 50 307
5457 19 293 49 310
5458 20 296 50 313
5459 19 298 49 315
5460 20 300 50 317
5461 19 303 49 320
5462 19 305 49 322
5463 20 307 50 324
5464 19 310 49 327
5465 18 313 48 330
5466 19 315 49 332
5467 19 317 49 334
5468 18 317 48 334
5469 19 318 49 335
5470 18 321 48 338
5471 18 323 48 340
5472 18 326 48 343
5473 18 329 48 346
5474 17 330 47 347
5475 19 332 49 349
5476 16 335 46 352
5477 16 336 46 353
5478 15 338 45 355
5479 16 340 46 357
5480 15 342 45 359
5481 15 345 45 362
5482 16 346 46 363
5483 16 348 46 365
5484 15 350 45 367
5485 16 351 46 368
5486 16 353 46 370
5487 16 357 46 374
5488 16 359 46 376
5489 16 362 46 379
5490 16 363 46 380
5491 16 363 46 380
5492 15 366 45 383
5493 15 368 45 385
5494 15 370 45 387
5495 15 373 45 390
5496 13 375 43 392
5497 13 377 43 394
5498 12 379 42 396
5499 13 380 43 397
5500 14 382 44 399
5501 15 383 45 400
5502 14 387 44 404
5503 13 389 43 406
5504 13 391 43 408
5505 12 393 42 410
5506 12 395 42 412
5507 13 397 43 414
5508 12 400 42 417
5509 11 400 41 417
5510 11 405 41 422
5511 10 405 40 422
5512 12 407 42 424
5513 12 409 42 426
5514 9 413 39 430
5515 10 414 40 431
5516 9 417 39 434
5517 8 420 38 437
5518 8 421 38 438
5519 8 422 38 439
5520 8 425 38 442
5521 7 428 37 445
5522 7 430 37 447
5523 6 432 36 449
5524 6 434 36 451
5525 7 436 37 453
5526 7 438 37 455
5527 7 440 37 457
5528 7 442 37 459
5529 7 444 37 461
5530 7 447 37 464
5531 6 449 36 466
5532 5 450 35 467
5533 5 453 35 470
5534 4 456 34 473
5535 4 457 34 474
5536 3 457 33 474
5537 4 459 34 476
5538 4 461 34 478
5539 3 464 33 481
5540 4 465 34 482
5541 3 468 33 485
5542 3 469 33 486
5543 3 472 33 489
5544 1 472 31 489
5545 1 475 31 492
5546 2 477 32 494
5547 0 479 30 496
5548 0 481 30 498
5549 0 482 30 499
5550 0 484 30 501
5551 1 486 31 503
5552 2 488 32 505
5553 1 490 31 507
5554 0 492 30 509
5555 0 494 30 511
5556 0 496 30 513
5557 0 498 30 515
5558 0 501 30 518
5559 0 502 30 519
5560 0 504 30 521
5561 0 505 30 522
5562 0 507 30 524
5563 0 509 30 526
5564 0 511 30 528
5565 0 514 30 531
5566 0 516 30 533
5567 0 518 30 535
5568 0 521 30 538
5569 0 523 30 540
5570 0 526 30 543
5571 0 528 30 545
5572 0 531 30 548
5573 0 532 30 549
5574 0 536 30 553
5575 0 538 30 555
5576 0 540 30 557
5577 0 537 30 554
5578 0 539 30 556
5579 0 543 30 560
5580 0 546 30 563
5581 1 548 31 565
5582 0 552 30 569
5583 0 553 30 570
5584 0 554 30 571
5585 0 553 30 570
5586 0 556 30 573
5587 0 559 30 576
5588 0 560 30 577
5589 0 562 30 579
5590 0 565 30 582
5591 0 566 30 583
5592 0 569 30 586
5593 0 571 30 588
5594 0 574 30 591
5595 0 576 30 593
5596 0 578 30 595
5597 0 579 30 596
5598 0 582 30 599
