60 301 4 324 15
61 302 4 325 15
62 301 8 324 19
63 301 7 324 18
64 298 6 321 17
65 301 10 324 21
66 301 13 324 24
67 299 11 322 22
68 301 14 324 25
69 303 18 326 29
70 302 18 325 29
71 301 18 324 29
72 304 22 327 33
73 302 21 325 32
74 302 23 325 34
75 302 24 325 35
76 303 26 326 37
77 302 28 325 39
78 302 28 325 39
79 302 30 325 41
80 302 31 325 42
81 303 32 326 43
82 301 19 323 51
83 301 21 323 53
84 301 23 323 55
85 302 24 324 56
86 302 24 324 56
87 302 26 324 58
88 302 28 324 60
89 302 28 324 60
90 302 31 324 63
91 301 30 323 62
92 302 32 324 64
93 302 35 324 67
94 302 36 324 68
95 302 37 324 69
96 302 37 324 69
97 302 39 324 71
98 302 40 324 72
99 301 41 323 73
100 302 43 324 75
101 301 41 323 73
102 302 46 324 78
103 302 46 324 78
104 300 46 322 78
105 293 49 325 74
106 293 51 325 76
107 293 52 325 77
108 293 54 325 79
109 293 56 325 81
110 293 57 325 82
111 294 58 326 83
112 294 60 326 85
113 293 62 325 87
114 293 62 325 87
115 293 64 325 89
116 293 64 325 89
117 294 67 326 92
118 295 69 327 94
119 294 67 326 92
120 293 69 325 94
121 293 70 325 95
122 294 72 326 97
123 293 73 325 98
124 293 75 325 100
125 293 76 325 101
126 293 77 325 102
127 293 79 325 104
128 293 80 325 105
129 292 82 324 107
130 292 83 324 108
131 292 84 324 109
132 292 86 324 111
133 293 86 325 111
134 292 89 324 114
135 292 90 324 115
136 293 91 325 116
137 294 94 326 119
138 294 96 326 121
139 294 97 326 122
140 295 97 327 122
141 294 100 326 125
142 294 101 326 126
143 294 102 326 127
144 294 103 326 128
145 294 105 326 130
146 294 106 326 131
147 294 108 326 133
148 294 109 326 134
149 294 111 326 136
150 293 111 325 136
151 293 113 325 138
152 292 113 324 138
153 292 116 324 141
154 295 117 327 142
155 291 116 323 141
156 291 118 323 143
157 291 119 323 144
158 291 121 323 146
159 290 123 322 148
160 290 123 322 148
161 290 125 322 150
162 290 127 322 152
163 290 128 322 153
164 290 129 322 154
165 290 130 322 155
166 290 131 322 156
167 290 133 322 158
168 290 134 322 159
169 289 136 321 161
170 289 137 321 162
171 289 138 321 163
172 289 139 321 164
173 289 141 321 166
174 289 142 321 167
175 288 143 320 168
176 288 145 320 170
177 287 146 319 171
178 287 148 319 173
179 286 148 318 173
180 286 150 318 175
181 286 151 318 176
182 286 153 318 178
183 286 154 318 179
184 285 155 317 180
185 285 156 317 181
186 285 158 317 183
187 285 159 317 184
188 285 161 317 186
189 285 162 317 187
190 284 163 316 188
191 284 165 316 190
192 284 166 316 191
193 284 168 316 193
194 283 168 315 193
195 284 170 316 195
196 283 171 315 196
197 283 173 315 198
198 283 174 315 199
199 283 175 315 200
200 282 177 314 202
201 282 178 314 203
202 283 180 315 205
203 282 181 314 206
204 281 182 313 207
205 281 183 313 208
206 280 185 312 210
207 280 186 312 211
208 279 187 311 212
209 279 188 311 213
210 279 190 311 215
211 280 192 312 217
212 280 193 312 218
213 279 195 311 220
214 279 195 311 220
215 279 197 311 222
216 278 198 310 223
217 278 199 310 224
218 277 200 309 225
219 278 202 310 227
220 277 203 309 228
221 278 205 310 230
222 277 208 309 233
223 276 207 308 232
224 278 210 310 235
225 275 209 307 234
226 275 211 307 236
227 275 212 307 237
228 276 215 308 240
229 276 217 308 242
230 276 218 308 243
231 277 221 309 246
232 276 222 308 247
233 275 223 307 248
234 276 226 308 251
235 276 227 308 252
236 273 225 305 250
237 275 228 307 253
238 275 230 307 255
239 275 230 307 255
240 274 232 306 257
241 274 233 306 258
242 275 234 307 259
243 273 234 305 259
244 273 235 305 260
245 273 237 305 262
246 273 238 305 263
247 272 239 304 264
248 272 240 304 265
249 272 241 304 266
250 271 243 303 268
251 272 244 304 269
252 273 245 305 270
253 272 248 304 273
254 272 250 304 275
255 272 250 304 275
256 271 250 303 275
257 269 252 301 277
258 270 254 302 279
259 271 255 303 280
260 270 257 302 282
261 271 259 303 284
262 270 259 302 284
263 270 260 302 285
264 269 261 301 286
265 271 263 303 288
266 271 265 303 290
267 270 266 302 291
268 270 267 302 292
269 270 269 302 294
270 268 267 300 292
271 269 268 301 293
272 269 270 301 295
273 268 271 300 296
274 268 273 300 298
275 268 272 300 297
276 268 275 300 300
277 268 275 300 300
278 267 276 299 301
279 268 278 300 303
280 268 280 300 305
281 267 281 299 306
282 267 282 299 307
283 267 284 299 309
284 267 285 299 310
285 267 285 299 310
286 267 285 299 310
287 267 288 299 313
288 267 289 299 314
289 267 291 299 316
290 267 292 299 317
291 267 293 299 318
292 267 294 299 319
293 266 294 298 319
294 267 295 299 320
295 267 296 299 321
296 267 298 299 323
297 266 300 298 325
298 266 301 298 326
299 266 301 298 326
300 266 302 298 327
301 266 305 298 330
302 266 306 298 331
303 266 306 298 331
304 266 308 298 333
305 267 309 299 334
306 265 310 297 335
307 265 311 297 336
308 264 312 296 337
309 265 314 297 339
310 265 315 297 340
311 265 316 297 341
312 266 317 298 342
313 265 318 297 343
314 265 320 297 345
315 266 320 298 345
316 265 321 297 346
317 266 323 298 348
318 266 324 298 349
319 265 325 297 350
320 265 326 297 351
321 265 327 297 352
322 264 329 296 354
323 265 330 297 355
324 265 330 297 355
325 265 331 297 356
326 265 332 297 357
327 265 333 297 358
328 265 335 297 360
329 263 337 295 362
330 265 337 297 362
331 265 338 297 363
332 265 339 297 364
333 265 340 297 365
334 265 341 297 366
335 264 341 296 366
336 264 342 296 367
337 264 343 296 368
338 265 344 297 369
339 265 345 297 370
340 265 346 297 371
341 265 347 297 372
342 265 348 297 373
343 265 349 297 374
344 265 351 297 376
345 265 352 297 377
346 265 353 297 378
347 265 354 297 379
348 266 354 298 379
349 263 356 295 381
350 265 357 297 382
351 266 358 298 383
352 265 359 297 384
353 264 360 296 385
354 265 360 297 385
355 265 361 297 386
356 265 362 297 387
357 265 362 297 387
358 265 364 297 389
359 265 366 297 391
360 265 367 297 392
361 265 368 297 393
362 265 370 297 395
363 265 370 297 395
364 265 371 297 396
365 265 372 297 397
366 265 373 297 398
367 265 374 297 399
368 264 374 296 399
369 264 375 296 400
370 264 376 296 401
371 264 376 296 401
372 264 378 296 403
373 265 378 297 403
374 265 379 297 404
375 264 380 296 405
376 263 381 295 406
377 264 382 296 407
378 264 384 296 409
379 264 384 296 409
380 264 385 296 410
381 266 386 298 411
382 265 387 297 412
383 264 388 296 413
384 265 389 297 414
385 264 390 296 415
386 264 391 296 416
387 264 392 296 417
388 265 392 297 417
389 265 393 297 418
390 264 394 296 419
391 265 394 297 419
392 264 395 296 420
393 263 396 295 421
394 263 397 295 422
395 263 398 295 423
396 263 399 295 424
397 263 399 295 424
398 263 399 295 424
399 263 400 295 425
400 263 401 295 426
401 262 401 294 426
402 262 403 294 428
403 263 403 295 428
404 263 404 295 429
405 263 405 295 430
406 263 404 295 429
407 262 405 294 430
408 262 405 294 430
409 262 406 294 431
410 262 407 294 432
411 261 408 293 433
412 262 408 294 433
413 261 409 293 434
414 262 410 294 435
415 262 411 294 436
416 261 411 293 436
417 261 411 293 436
418 261 411 293 436
419 261 412 293 437
420 260 412 292 437
421 260 413 292 438
422 261 411 293 436
423 261 412 293 437
424 259 413 291 438
425 260 413 292 438
426 260 414 292 439
427 260 414 292 439
428 260 415 292 440
429 260 416 292 441
430 260 417 292 442
431 261 416 293 441
432 260 417 292 442
433 261 417 293 442
434 261 417 293 442
435 261 419 293 444
436 262 418 294 443
437 261 419 293 444
438 261 420 293 445
439 261 420 293 445
440 261 421 293 446
441 261 421 293 446
442 261 423 293 448
443 262 420 294 445
444 262 421 294 446
445 262 422 294 447
446 262 423 294 448
447 263 422 295 447
448 264 423 296 448
449 264 423 296 448
450 264 424 296 449
451 264 425 296 450
452 263 425 295 450
453 264 425 296 450
454 264 426 296 451
455 264 427 296 452
456 264 428 296 453
457 264 429 296 454
458 264 429 296 454
459 264 431 296 456
460 264 431 296 456
461 264 432 296 457
462 264 433 296 458
463 264 435 296 460
464 264 436 296 461
465 266 434 298 459
466 266 435 298 460
467 267 435 299 460
468 267 436 299 461
469 267 437 299 462
470 267 438 299 463
471 268 438 300 463
472 267 441 299 466
473 268 440 300 465
474 268 441 300 466
475 269 441 301 466
476 269 443 301 468
477 269 445 301 470
478 269 445 301 470
479 269 447 301 472
480 269 447 301 472
481 269 448 301 473
482 271 448 303 473
483 271 449 303 474
484 271 449 303 474
485 272 450 304 475
486 272 451 304 476
487 272 452 304 477
488 272 452 304 477
489 273 453 305 478
490 272 454 304 479
491 273 455 305 480
492 273 456 305 481
493 273 455 305 480
494 273 456 305 481
495 273 456 305 481
496 273 457 305 482
497 274 458 306 483
498 273 461 305 486
499 274 460 306 485
500 275 460 307 485
501 275 461 307 486
502 275 461 307 486
503 276 462 308 487
504 276 463 308 488
505 276 464 308 489
506 276 465 308 490
507 275 466 307 491
508 276 467 308 492
509 276 468 308 493
510 276 469 308 494
511 277 470 309 495
512 277 470 309 495
513 277 472 309 497
514 278 471 310 496
515 278 472 310 497
516 279 472 311 497
517 278 474 310 499
518 279 474 311 499
519 279 476 311 501
520 279 477 311 502
521 279 478 311 503
522 279 479 311 504
523 280 479 312 504
524 280 480 312 505
525 282 481 314 506
526 280 483 312 508
527 281 482 313 507
528 281 483 313 508
529 281 484 313 509
530 281 485 313 510
531 282 486 314 511
532 282 487 314 512
533 283 488 315 513
534 283 489 315 514
535 283 490 315 515
536 283 491 315 516
537 284 492 316 517
538 285 492 317 517
539 285 492 317 517
540 285 493 317 518
541 285 494 317 519
542 285 495 317 520
543 286 496 318 521
544 286 497 318 522
545 285 499 317 524
546 286 499 318 524
547 286 500 318 525
548 286 501 318 526
549 286 502 318 527
550 286 503 318 528
551 286 506 318 531
552 286 507 318 532
553 286 508 318 533
554 287 508 319 533
555 287 510 319 535
556 287 511 319 536
557 287 512 319 537
558 288 513 320 538
559 286 515 318 540
560 288 516 320 541
561 288 516 320 541
562 288 516 320 541
563 289 517 321 542
564 290 517 322 542
565 289 519 321 544
566 290 520 322 545
567 289 519 321 544
568 290 522 322 547
569 290 523 322 548
570 289 525 321 550
571 289 526 321 551
572 291 524 323 549
573 290 527 322 552
574 290 528 322 553
575 290 528 322 553
576 291 528 323 553
577 290 530 322 555
578 291 531 323 556
579 291 532 323 557
580 291 533 323 558
581 291 534 323 559
582 291 535 323 560
583 290 537 322 562
584 290 538 322 563
585 290 539 322 564
586 290 540 322 565
587 291 539 323 564
588 290 540 322 565
589 290 540 322 565
590 290 542 322 567
591 290 543 322 568
592 290 545 322 570
593 290 545 322 570
594 290 546 322 571
595 289 548 321 573
596 290 547 322 572
597 290 549 322 574
598 290 549 322 574
599 289 550 321 575
600 290 551 322 576
601 289 553 321 578
602 289 555 321 580
603 288 556 320 581
604 288 558 320 583
605 290 558 322 583
606 289 559 321 584
607 289 559 321 584
608 290 561 322 586
609 289 562 321 587
610 289 563 321 588
611 289 563 321 588
612 290 564 322 589
613 290 565 322 590
614 290 568 322 593
615 289 568 321 593
616 289 569 321 594
617 289 570 321 595
618 289 571 321 596
619 288 572 320 597
620 288 573 320 598
621 288 574 320 599
622 288 575 320 600
623 289 577 321 602
624 289 577 321 602
625 289 578 321 603
626 288 580 320 605
627 288 581 320 606
628 288 582 320 607
629 287 583 319 608
630 287 584 319 609
631 287 585 319 610
632 287 587 319 612
633 287 588 319 613
634 288 588 320 613
635 287 589 319 614
636 287 591 319 616
637 287 592 319 617
638 287 593 319 618
639 287 594 319 619
640 287 596 319 621
641 287 598 319 623
642 287 597 319 622
643 287 599 319 624
644 287 600 319 625
645 287 601 319 626
646 286 603 318 628
647 286 604 318 629
648 286 606 318 631
649 285 607 317 632
650 285 608 317 633
651 285 609 317 634
652 285 611 317 636
653 285 610 317 635
654 285 611 317 636
655 285 612 317 637
656 285 613 317 638
657 284 615 316 640
658 284 616 316 641
659 283 618 315 643
660 284 619 316 644
661 284 619 316 644
662 284 621 316 646
663 284 622 316 647
664 283 624 315 649
665 283 625 315 650
666 284 626 316 651
667 282 627 314 652
668 282 629 314 654
669 283 630 315 655
670 282 631 314 656
671 282 632 314 657
672 281 634 313 659
673 282 635 314 660
674 280 637 312 662
675 280 638 312 663
676 280 639 312 664
677 281 640 313 665
678 280 642 312 667
679 280 643 312 668
680 280 644 312 669
681 279 646 311 671
682 279 647 311 672
683 280 648 312 673
684 278 650 310 675
685 279 651 311 676
686 278 652 310 677
687 279 656 311 681
688 277 659 309 684
689 275 661 307 686
690 275 662 307 687
691 276 660 308 685
692 277 660 309 685
693 277 661 309 686
694 276 663 308 688
695 277 664 309 689
696 277 665 309 690
697 276 667 308 692
698 275 668 307 693
699 276 669 308 694
700 276 670 308 695
701 276 671 308 696
702 275 673 307 698
703 275 674 307 699
704 276 674 308 699
705 274 677 306 702
706 275 677 307 702
707 274 679 306 704
708 273 681 305 706
709 273 682 305 707
710 274 683 306 708
711 273 684 305 709
712 273 686 305 711
713 272 687 304 712
714 272 689 304 714
715 272 690 304 715
716 271 692 303 717
717 271 693 303 718
718 271 694 303 719
719 272 694 304 719
720 272 694 304 719
721 273 694 305 719
722 273 694 305 719
723 272 694 304 719
724 272 694 304 719
725 271 694 303 719
726 272 694 304 719
727 272 694 304 719