1470 1180 4 1210 25
1471 1178 2 1208 23
1472 1177 7 1207 28
1473 1175 8 1205 29
1474 1174 8 1204 29
1475 1171 8 1201 29
1476 1170 9 1200 30
1477 1168 10 1198 31
1478 1167 11 1197 32
1479 1165 12 1195 33
1480 1164 12 1194 33
1481 1162 11 1192 32
1482 1160 14 1190 35
1483 1158 16 1188 37
1484 1156 17 1186 38
1485 1155 17 1185 38
1486 1153 18 1183 39
1487 1152 18 1182 39
1488 1150 19 1180 40
1489 1149 20 1179 41
1490 1147 19 1177 40
1491 1146 20 1176 41
1492 1143 21 1173 42
1493 1142 21 1172 42
1494 1140 23 1170 44
1495 1138 24 1168 45
1496 1134 25 1164 46
1497 1134 25 1164 46
1498 1132 27 1162 48
1499 1130 26 1160 47
1500 1129 27 1159 48
1501 1127 29 1157 50
1502 1126 29 1156 50
1503 1124 29 1154 50
1504 1120 31 1150 52
1505 1117 33 1147 54
1506 1116 33 1146 54
1507 1114 34 1144 55
1508 1112 32 1142 53
1509 1112 32 1142 53
1510 1109 34 1139 55
1511 1108 34 1138 55
1512 1105 37 1135 58
1513 1103 37 1133 58
1514 1102 36 1132 57
1515 1100 39 1130 60
1516 1099 38 1129 59
1517 1097 37 1127 58
1518 1094 40 1124 61
1519 1092 39 1122 60
1520 1090 41 1120 62
1521 1089 41 1119 62
1522 1087 41 1117 62
1523 1086 41 1116 62
1524 1083 45 1113 66
1525 1081 46 1111 67
1526 1080 46 1110 67
1527 1080 45 1110 66
1528 1077 47 1107 68
1529 1073 46 1103 67
1530 1072 45 1102 66
1531 1069 49 1099 70
1532 1066 49 1096 70
1533 1065 50 1095 71
1534 1063 51 1093 72
1535 1062 51 1092 72
1536 1060 51 1090 72
1537 1058 52 1088 73
1538 1056 53 1086 74
1539 1054 53 1084 74
1540 1054 53 1084 74
1541 1050 52 1080 73
1542 1049 53 1079 74
1543 1046 55 1076 76
1544 1044 56 1074 77
1545 1041 56 1071 77
1546 1040 57 1070 78
1547 1038 57 1068 78
1548 1036 58 1066 79
1549 1034 58 1064 79
1550 1034 59 1064 80
1551 1030 60 1060 81
1552 1028 58 1058 79
1553 1025 61 1055 82
1554 1024 61 1054 82
1555 1021 62 1051 83
1556 1021 63 1051 84
1557 1019 63 1049 84
1558 1015 64 1045 85
1559 1016 65 1046 86
1560 1014 65 1044 86
1561 1012 66 1042 87
1562 1008 67 1038 88
1563 1008 67 1038 88
1564 1005 68 1035 89
1565 1003 69 1033 90
1566 1001 70 1031 91
1567 1000 70 1030 91
1568 998 71 1028 92
1569 994 72 1024 93
1570 991 73 1021 94
1571 990 74 1020 95
1572 988 75 1018 96
1573 986 75 1016 96
1574 985 77 1015 98
1575 983 78 1013 99
1576 980 78 1010 99
1577 979 80 1009 101
1578 977 80 1007 101
1579 975 81 1005 102
1580 973 81 1003 102
1581 969 83 999 104
1582 966 83 996 104
1583 964 70 1001 100
1584 962 71 999 101
1585 961 71 998 101
1586 960 72 997 102
1587 958 73 995 103
1588 957 75 994 105
1589 955 75 992 105
1590 953 75 990 105
1591 951 77 988 107
1592 951 76 988 106
1593 948 78 985 108
1594 946 80 983 110
1595 943 80 980 110
1596 940 82 977 112
1597 935 82 972 112
1598 937 83 974 113
1599 935 84 972 114
1600 934 85 971 115
1601 932 85 969 115
1602 930 86 967 116
1603 928 88 965 118
1604 926 88 963 118
1605 924 89 961 119
1606 922 91 959 121
1607 918 95 955 125
1608 916 96 953 126
1609 915 94 952 124
1610 914 95 951 125
1611 912 95 949 125
1612 910 95 947 125
1613 908 98 945 128
1614 905 98 942 128
1615 905 99 942 129
1616 903 100 940 130
1617 899 101 936 131
1618 898 103 935 133
1619 897 103 934 133
1620 895 104 932 134
1621 893 106 930 136
1622 888 109 925 139
1623 888 109 925 139
1624 886 109 923 139
1625 883 111 920 141
1626 883 111 920 141
1627 881 113 918 143
1628 879 114 916 144
1629 878 114 915 144
1630 877 114 914 144
1631 875 117 912 147
1632 872 118 909 148
1633 871 115 908 145
1634 869 116 906 146
1635 867 120 904 150
1636 866 122 903 152
1637 862 124 899 154
1638 859 124 896 154
1639 859 125 896 155
1640 857 127 894 157
1641 856 127 893 157
1642 854 129 891 159
1643 852 130 889 160
1644 848 130 885 160
1645 849 132 886 162
1646 846 134 883 164
1647 844 135 881 165
1648 842 136 879 166
1649 841 137 878 167
1650 839 138 876 168
1651 834 141 871 171
1652 836 141 873 171
1653 832 143 869 173
1654 833 144 870 174
1655 831 145 868 175
1656 829 147 866 177
1657 828 148 865 178
1658 826 149 863 179
1659 824 152 861 182
1660 823 152 860 182
1661 821 153 858 183
1662 820 154 857 184
1663 819 155 856 185
1664 815 158 852 188
1665 813 158 850 188
1666 813 160 850 190
1667 812 162 849 192
1668 810 164 847 194
1669 809 165 846 195
1670 807 166 844 196
1671 806 167 843 197
1672 805 168 842 198
1673 804 169 841 199
1674 803 171 840 201
1675 802 172 839 202
1676 798 174 835 204
1677 799 174 836 204
1678 797 177 834 207
1679 796 178 833 208
1680 794 179 831 209
1681 792 181 829 211
1682 791 182 828 212
1683 789 184 826 214
1684 788 185 825 215
1685 787 186 824 216
1686 785 189 822 219
1687 784 190 821 220
1688 783 191 820 221
1689 782 192 819 222
1690 779 195 816 225
1691 777 197 814 227
1692 777 198 814 228
1693 775 199 812 229
1694 774 201 811 231
1695 773 202 810 232
1696 772 204 809 234
1697 770 205 807 235
1698 769 207 806 237
1699 768 208 805 238
1700 765 213 802 243
1701 766 212 803 242
1702 765 213 802 243
1703 762 218 799 248
1704 761 219 798 249
1705 761 219 798 249
1706 759 222 796 252
1707 758 224 795 254
1708 757 224 794 254
1709 756 226 793 256
1710 755 227 792 257
1711 755 228 792 258
1712 753 230 790 260
1713 752 231 789 261
1714 751 232 788 262
1715 750 233 787 263
1716 749 235 786 265
1717 748 237 785 267
1718 746 240 783 270
1719 744 241 781 271
1720 743 242 780 272
1721 743 244 780 274
1722 742 247 779 277
1723 740 248 777 278
1724 740 249 777 279
1725 739 251 776 281
1726 738 252 775 282
1727 737 254 774 284
1728 736 255 773 285
1729 736 257 773 287
1730 734 258 771 288
1731 734 260 771 290
1732 734 262 771 292
1733 733 263 770 293
1734 731 266 768 296
1735 731 266 768 296
1736 730 268 767 298
1737 729 271 766 301
1738 726 273 763 303
1739 725 276 762 306
1740 726 276 763 306
1741 723 278 760 308
1742 723 279 760 309
1743 723 281 760 311
1744 722 283 759 313
1745 721 284 758 314
1746 721 286 758 316
1747 721 288 758 318
1748 719 291 756 321
1749 718 292 755 322
1750 718 296 755 326
1751 717 298 754 328
1752 716 298 753 328
1753 714 299 751 329
1754 711 300 748 330
1755 711 302 748 332
1756 710 304 747 334
1757 711 305 748 335
1758 709 307 746 337
1759 708 308 745 338
1760 708 310 745 340
1761 706 311 743 341
1762 704 313 741 343
1763 706 315 743 345
1764 706 316 743 346
1765 703 319 740 349
1766 704 321 741 351
1767 704 323 741 353
1768 702 325 739 355
1769 698 328 735 358
1770 697 332 734 362
1771 698 331 735 361
1772 697 333 734 363
1773 696 334 733 364
1774 696 335 733 365
1775 696 337 733 367
1776 696 339 733 369
1777 694 341 731 371
1778 693 343 730 373
1779 694 344 731 374
1780 693 347 730 377
1781 693 348 730 378
1782 689 352 726 382
1783 691 354 728 384
1784 689 356 726 386
1785 689 358 726 388
1786 688 359 725 389
1787 686 361 723 391
1788 686 363 723 393
1789 686 365 723 395
1790 686 366 723 396
1791 685 367 722 397
1792 685 370 722 400
1793 684 371 721 401
1794 683 374 720 404
1795 684 376 721 406
1796 683 377 720 407
1797 681 380 718 410
1798 681 382 718 412
1799 681 384 718 414
1800 678 386 715 416
1801 679 388 716 418
1802 679 390 716 420
1803 678 391 715 421
1804 679 392 716 422
1805 678 396 715 426
1806 677 397 714 427
1807 676 400 713 430
1808 676 403 713 433
1809 675 403 712 433
1810 675 406 712 436
1811 676 408 713 438
1812 676 412 713 442
1813 673 412 710 442
1814 672 414 709 444
1815 672 416 709 446
1816 672 418 709 448
1817 672 420 709 450
1818 670 422 707 452
1819 670 423 707 453
1820 670 425 707 455
1821 670 427 707 457
1822 670 428 707 458
1823 669 430 706 460
1824 668 432 705 462
1825 666 437 703 467
1826 665 438 702 468
1827 664 439 701 469
1828 665 442 702 472
1829 665 444 702 474
1830 665 446 702 476
1831 664 448 701 478
1832 664 450 701 480
1833 663 451 700 481
1834 663 453 700 483
1835 662 456 699 486
1836 661 458 698 488
1837 661 461 698 491
1838 661 463 698 493
1839 660 465 697 495
1840 660 467 697 497
1841 659 469 696 499
1842 659 471 696 501
1843 659 473 696 503
1844 658 475 695 505
1845 657 477 694 507
1846 656 480 693 510
1847 657 481 694 511
1848 655 483 692 513
1849 655 485 692 515
1850 654 488 691 518
1851 655 489 692 519
1852 654 490 691 520
1853 653 493 690 523
1854 653 495 690 525
1855 653 496 690 526
1856 653 498 690 528
1857 652 500 689 530
1858 652 501 689 531
1859 652 505 689 535
1860 652 506 689 536
1861 652 508 689 538
1862 652 511 689 541
1863 651 512 688 542
1864 651 515 688 545
1865 648 517 685 547
1866 647 520 684 550
1867 647 522 684 552
1868 647 523 684 553
1869 646 525 683 555
1870 646 527 683 557
1871 646 529 683 559
1872 647 532 684 562
1873 647 534 684 564
1874 647 536 684 566
1875 643 538 680 568
1876 643 540 680 570
1877 643 542 680 572
1878 644 544 681 574
1879 642 545 679 575
1880 643 548 680 578
1881 643 550 680 580
1882 641 552 678 582
1883 642 554 679 584
1884 641 556 678 586
1885 641 558 678 588
1886 640 560 677 590
1887 640 562 677 592
1888 640 564 677 594
1889 640 566 677 596
1890 638 569 675 599
1891 637 572 674 602
1892 639 574 676 604
1893 637 576 674 606
1894 636 577 673 607
1895 635 581 672 611
1896 636 582 673 612
1897 636 584 673 614
1898 634 586 671 616
1899 634 588 671 618
1900 634 591 671 621
1901 634 592 671 622
1902 632 594 669 624
1903 633 596 670 626
1904 633 600 670 630
1905 632 601 669 631
1906 632 603 669 633
1907 633 605 670 635
1908 632 607 669 637
1909 632 608 669 638
1910 632 611 669 641
1911 632 613 669 643
1912 632 615 669 645
1913 629 619 666 649
1914 629 620 666 650
1915 627 622 664 652
1916 628 624 665 654
1917 627 625 664 655
1918 627 628 664 658
1919 629 631 666 661
1920 629 633 666 663
1921 626 636 663 666
1922 626 637 663 667
1923 625 639 662 669
1924 625 641 662 671
1925 626 642 663 672
1926 624 645 661 675
1927 624 647 661 677
1928 624 649 661 679
1929 621 651 658 681
1930 623 654 660 684
1931 621 655 658 685
1932 623 658 660 688
1933 621 661 658 691
1934 622 662 659 692
1935 620 665 657 695
1936 618 666 655 696
1937 620 670 657 700
1938 620 671 657 701
1939 619 673 656 703
1940 619 674 656 704
1941 619 676 656 706
1942 616 682 653 712
1943 619 680 656 710
1944 615 684 652 714
1945 615 687 652 717
1946 616 688 653 718
1947 615 689 652 719
1948 615 689 652 719
1949 617 689 654 719
1950 618 689 655 719
1951 618 689 655 719
1952 618 689 655 719
1953 617 689 654 719
1954 618 689 655 719
