2478 608 12 637 36
2479 607 13 636 37
2480 606 16 635 40
2481 605 17 634 41
2482 606 21 635 45
2483 604 22 633 46
2484 605 23 634 47
2485 604 24 633 48
2486 604 28 633 52
2487 606 30 635 54
2488 604 31 633 55
2489 603 33 632 57
2490 600 34 629 58
2491 602 37 631 61
2492 602 37 631 61
2493 601 40 630 64
2494 601 43 630 67
2495 601 45 630 69
2496 599 46 628 70
2497 599 47 628 71
2498 600 51 629 75
2499 601 52 630 76
2500 599 52 628 76
2501 597 53 626 77
2502 598 56 627 80
2503 599 56 628 80
2504 597 59 626 83
2505 598 63 627 87
2506 598 64 627 88
2507 598 66 627 90
2508 596 67 625 91
2509 597 68 626 92
2510 596 71 625 95
2511 597 74 626 98
2512 596 75 625 99
2513 595 77 624 101
2514 595 79 624 103
2515 594 81 623 105
2516 594 84 623 108
2517 594 85 623 109
2518 594 87 623 111
2519 594 87 623 111
2520 592 88 621 112
2521 592 91 621 115
2522 591 93 620 117
2523 591 95 620 119
2524 591 96 620 120
2525 590 98 619 122
2526 591 99 620 123
2527 591 102 620 126
2528 588 105 617 129
2529 591 106 620 130
2530 591 107 620 131
2531 591 109 620 133
2532 590 111 619 135
2533 591 113 620 137
2534 589 114 618 138
2535 590 116 619 140
2536 590 117 619 141
2537 589 120 618 144
2538 589 122 618 146
2539 589 123 618 147
2540 589 125 618 149
2541 589 127 618 151
2542 588 129 617 153
2543 588 131 617 155
2544 587 133 616 157
2545 588 135 617 159
2546 587 136 616 160
2547 588 138 617 162
2548 588 141 617 165
2549 587 143 616 167
2550 587 144 616 168
2551 587 146 616 170
2552 587 148 616 172
2553 587 150 616 174
2554 586 152 615 176
2555 586 153 615 177
2556 586 155 615 179
2557 579 139 615 171
2558 580 140 616 172
2559 584 142 620 174
2560 582 145 618 177
2561 583 145 619 177
2562 586 147 622 179
2563 584 148 620 180
2564 582 151 618 183
2565 581 151 617 183
2566 582 153 618 185
2567 580 154 616 186
2568 580 157 616 189
2569 582 158 618 190
2570 582 160 618 192
2571 580 160 616 192
2572 584 164 620 196
2573 581 165 617 197
2574 581 170 617 202
2575 580 167 616 199
2576 579 170 615 202
2577 580 172 616 204
2578 580 173 616 205
2579 584 173 620 205
2580 582 178 618 210
2581 582 178 618 210
2582 584 183 620 215
2583 582 182 618 214
2584 583 183 619 215
2585 584 186 620 218
2586 581 189 617 221
2587 583 194 619 226
2588 581 193 617 225
2589 583 194 619 226
2590 583 197 619 229
2591 584 201 620 233
2592 583 199 619 231
2593 582 202 618 234
2594 581 201 617 233
2595 582 202 618 234
2596 584 206 620 238
2597 582 207 618 239
2598 582 208 618 240
2599 582 212 618 244
2600 572 215 609 254
2601 572 217 609 256
2602 571 219 608 258
2603 571 221 608 260
2604 570 223 607 262
2605 572 226 609 265
2606 572 226 609 265
2607 572 229 609 268
2608 570 232 607 271
2609 572 233 609 272
2610 570 234 607 273
2611 570 235 607 274
2612 568 237 605 276
2613 571 241 608 280
2614 570 243 607 282
2615 571 243 608 282
2616 569 245 606 284
2617 570 247 607 286
2618 570 249 607 288
2619 568 249 605 288
2620 570 253 607 292
2621 569 254 606 293
2622 570 254 607 293
2623 570 258 607 297
2624 570 259 607 298
2625 569 260 606 299
2626 570 263 607 302
2627 569 264 606 303
2628 571 265 608 304
2629 569 266 606 305
2630 569 270 606 309
2631 570 273 607 312
2632 569 273 606 312
2633 569 275 606 314
2634 568 279 605 318
2635 570 279 607 318
2636 570 281 607 320
2637 568 282 605 321
2638 568 284 605 323
2639 569 287 606 326
2640 570 287 607 326
2641 569 288 606 327
2642 568 289 605 328
2643 569 291 606 330
2644 568 293 605 332
2645 569 295 606 334
2646 570 297 607 336
2647 571 298 608 337
2648 569 299 606 338
2649 570 302 607 341
2650 571 303 608 342
2651 570 306 607 345
2652 570 308 607 347
2653 570 310 607 349
2654 570 311 607 350
2655 570 314 607 353
2656 570 316 607 355
2657 570 318 607 357
2658 570 319 607 358
2659 570 321 607 360
2660 570 321 607 360
2661 570 325 607 364
2662 570 326 607 365
2663 570 328 607 367
2664 570 330 607 369
2665 570 333 607 372
2666 570 334 607 373
2667 570 336 607 375
2668 569 338 606 377
2669 570 340 607 379
2670 568 343 605 382
2671 570 344 607 383
2672 570 344 607 383
2673 570 346 607 385
2674 572 347 609 386
2675 572 347 609 386
2676 570 351 607 390
2677 571 352 608 391
2678 571 353 608 392
2679 570 355 607 394
2680 570 357 607 396
2681 571 358 608 397
2682 571 360 608 399
2683 570 363 607 402
2684 570 365 607 404
2685 570 367 607 406
2686 571 369 608 408
2687 571 369 608 408
2688 571 371 608 410
2689 571 373 608 412
2690 571 375 608 414
2691 570 377 607 416
2692 570 379 607 418
2693 572 378 609 417
2694 570 382 607 421
2695 571 383 608 422
2696 571 385 608 424
2697 571 387 608 426
2698 573 388 610 427
2699 571 390 608 429
2700 573 391 610 430
2701 571 393 608 432
2702 571 395 608 434
2703 571 396 608 435
2704 571 398 608 437
2705 571 400 608 439
2706 572 402 609 441
2707 571 404 608 443
2708 571 405 608 444
2709 571 406 608 445
2710 571 408 608 447
2711 572 410 609 449
2712 572 412 609 451
2713 572 413 609 452
2714 571 415 608 454
2715 571 417 608 456
2716 571 419 608 458
2717 571 421 608 460
2718 571 422 608 461
2719 570 423 607 462
2720 571 427 608 466
2721 570 429 607 468
2722 571 429 608 468
2723 571 431 608 470
2724 571 433 608 472
2725 571 434 608 473
2726 571 436 608 475
2727 571 438 608 477
2728 572 439 609 478
2729 572 441 609 480
2730 571 443 608 482
2731 572 445 609 484
2732 572 447 609 486
2733 572 448 609 487
2734 572 450 609 489
2735 570 451 607 490
2736 572 453 609 492
2737 572 455 609 494
2738 572 457 609 496
2739 571 459 608 498
2740 570 462 607 501
2741 572 462 609 501
2742 572 463 609 502
2743 574 462 611 501
2744 572 467 609 506
2745 572 470 609 509
2746 571 472 608 511
2747 571 473 608 512
2748 572 475 609 514
2749 572 477 609 516
2750 572 479 609 518
2751 571 481 608 520
2752 572 483 609 522
2753 572 485 609 524
2754 571 487 608 526
2755 572 489 609 528
2756 571 490 608 529
2757 572 491 609 530
2758 570 495 607 534
2759 572 495 609 534
2760 572 497 609 536
2761 572 498 609 537
2762 571 500 608 539
2763 571 501 608 540
2764 571 502 608 541
2765 572 506 609 545
2766 570 506 607 545
2767 572 509 609 548
2768 573 510 610 549
2769 572 511 609 550
2770 571 514 608 553
2771 571 514 608 553
2772 571 517 608 556
2773 571 518 608 557
2774 571 520 608 559
2775 570 522 607 561
2776 570 524 607 563
2777 572 525 609 564
2778 570 528 607 567
2779 570 529 607 568
2780 571 531 608 570
2781 568 531 605 570
2782 569 535 606 574
2783 568 537 605 576
2784 569 539 606 578
2785 569 540 606 579
2786 568 543 605 582
2787 567 546 604 585
2788 569 546 606 585
2789 568 548 605 587
2790 567 549 604 588
2791 567 550 604 589
2792 567 553 604 592
2793 567 556 604 595
2794 566 557 603 596
2795 566 558 603 597
2796 567 560 604 599
2797 566 562 603 601
2798 568 563 605 602
2799 566 565 603 604
2800 565 567 602 606
2801 565 569 602 608
2802 565 570 602 609
2803 566 571 603 610
2804 564 574 601 613
2805 564 577 601 616
2806 564 579 601 618
2807 565 580 602 619
2808 566 582 603 621
2809 567 584 604 623
2810 566 585 603 624
2811 567 586 604 625
2812 567 589 604 628
2813 568 591 605 630
2814 569 593 606 632
2815 569 594 606 633
2816 569 596 606 635
2817 569 598 606 637
2818 566 601 603 640
2819 567 602 604 641
2820 565 603 602 642
2821 566 605 603 644
2822 568 607 605 646
2823 567 609 604 648
2824 565 610 602 649
2825 565 614 602 653
2826 566 614 603 653
2827 567 617 604 656
2828 565 618 602 657
2829 564 622 601 661
2830 564 622 601 661
2831 564 625 601 664
2832 565 625 602 664
2833 564 627 601 666
2834 563 629 600 668
2835 562 630 599 669
2836 565 631 602 670
2837 564 634 601 673
2838 564 635 601 674
2839 563 637 600 676
2840 563 639 600 678
2841 564 640 601 679
2842 563 643 600 682
2843 562 644 599 683
2844 564 646 601 685
2845 565 648 602 687
2846 564 650 601 689
2847 562 650 599 689
2848 563 652 600 691
2849 562 654 599 693
2850 563 655 600 694
2851 563 657 600 696
2852 562 659 599 698
2853 563 660 600 699
2854 562 663 599 702
2855 562 664 599 703
2856 561 665 598 704
2857 563 667 600 706
2858 562 669 599 708
2859 561 670 598 709
2860 562 672 599 711
2861 562 674 599 713
2862 561 676 598 715
2863 562 677 599 716
2864 561 679 598 718
2865 561 680 598 719
2866 562 680 599 719
2867 561 680 598 719
2868 561 680 598 719
2869 561 680 598 719
2870 560 680 597 719
2871 559 680 596 719
2872 557 680 594 719
2873 559 680 596 719
2874 560 680 597 719
2875 559 680 596 719
2876 558 680 595 719
2877 554 680 591 719