3000 774 10 801 35
3001 774 13 801 38
3002 774 16 801 41
3003 774 19 801 44
3004 775 21 802 46
3005 775 23 802 48
3006 775 25 802 50
3007 775 27 802 52
3008 775 31 802 56
3009 776 33 803 58
3010 776 35 803 60
3011 776 38 803 63
3012 776 40 803 65
3013 776 44 803 69
3014 776 46 803 71
3015 777 47 804 72
3016 777 50 804 75
3017 777 54 804 79
3018 777 56 804 81
3019 778 58 805 83
3020 778 60 805 85
3021 778 64 805 89
3022 778 66 805 91
3023 779 69 806 94
3024 779 73 806 98
3025 778 75 805 100
3026 779 77 806 102
3027 780 80 807 105
3028 780 83 807 108
3029 781 86 808 111
3030 781 88 808 113
3031 781 90 808 115
3032 781 94 808 119
3033 781 96 808 121
3034 781 98 808 123
3035 782 100 809 125
3036 783 103 810 128
3037 783 106 810 131
3038 782 109 809 134
3039 783 112 810 137
3040 783 113 810 138
3041 784 117 811 142
3042 785 118 812 143
3043 784 123 811 148
3044 783 126 810 151
3045 785 128 812 153
3046 785 131 812 156
3047 785 133 812 158
3048 785 136 812 161
3049 785 138 812 163
3050 786 142 813 167
3051 786 144 813 169
3052 786 148 813 173
3053 786 150 813 175
3054 787 153 814 178
3055 787 155 814 180
3056 786 157 813 182
3057 787 161 814 186
3058 787 163 814 188
3059 786 166 813 191
3060 787 169 814 194
3061 788 171 815 196
3062 788 174 815 199
3063 786 175 813 200
3064 788 181 815 206
3065 787 185 814 210
3066 788 185 815 210
3067 788 187 815 212
3068 788 190 815 215
3069 788 194 815 219
3070 788 196 815 221
3071 788 199 815 224
3072 788 202 815 227
3073 789 204 816 229
3074 789 206 816 231
3075 788 211 815 236
3076 787 214 814 239
3077 787 217 814 242
3078 788 218 815 243
3079 790 220 817 245
3080 790 222 817 247
3081 790 225 817 250
3082 788 227 815 252
3083 789 229 816 254
3084 788 235 815 260
3085 789 237 816 262
3086 788 241 815 266
3087 789 242 816 267
3088 790 243 817 268
3089 789 247 816 272
3090 791 249 818 274
3091 790 253 817 278
3092 791 255 818 280
3093 791 257 818 282
3094 790 262 817 287
3095 790 264 817 289
3096 791 266 818 291
3097 790 268 817 293
3098 790 270 817 295
3099 791 274 818 299
3100 791 276 818 301
3101 789 279 816 304
3102 789 281 816 306
3103 789 282 816 307
3104 789 287 816 312
3105 789 289 816 314
3106 788 292 815 317
3107 789 295 816 320
3108 789 297 816 322
3109 789 301 816 326
3110 789 302 816 327
3111 789 306 816 331
3112 789 308 816 333
3113 789 311 816 336
3114 789 313 816 338
3115 789 316 816 341
3116 789 318 816 343
3117 788 322 815 347
3118 788 324 815 349
3119 788 326 815 351
3120 788 329 815 354
3121 786 331 813 356
3122 787 334 814 359
3123 787 336 814 361
3124 787 339 814 364
3125 786 339 813 364
3126 785 345 812 370
3127 785 348 812 373
3128 785 350 812 375
3129 786 352 813 377
3130 786 355 813 380
3131 784 358 811 383
3132 785 360 812 385
3133 784 364 811 389
3134 785 366 812 391
3135 785 368 812 393
3136 783 372 810 397
3137 785 374 812 399
3138 784 377 811 402
3139 784 379 811 404
3140 783 382 810 407
3141 783 385 810 410
3142 783 388 810 413
3143 783 390 810 415
3144 782 393 809 418
3145 782 396 809 421
3146 782 399 809 424
3147 782 400 809 425
3148 782 403 809 428
3149 781 407 808 432
3150 781 408 808 433
3151 781 411 808 436
3152 780 414 807 439
3153 780 417 807 442
3154 780 419 807 444
3155 779 422 806 447
3156 780 424 807 449
3157 779 427 806 452
3158 779 430 806 455
3159 779 432 806 457
3160 778 436 805 461
3161 778 438 805 463
3162 778 441 805 466
3163 778 443 805 468
3164 777 445 804 470
3165 777 447 804 472
3166 777 449 804 474
3167 776 454 803 479
3168 776 456 803 481
3169 778 458 805 483
3170 776 460 803 485
3171 776 463 803 488
3172 776 465 803 490
3173 776 468 803 493
3174 775 472 802 497
3175 775 474 802 499
3176 774 476 801 501
3177 774 480 801 505
3178 774 482 801 507
3179 774 484 801 509
3180 773 486 800 511
3181 773 489 800 514
3182 773 492 800 517
3183 773 495 800 520
3184 772 497 799 522
3185 773 499 800 524
3186 773 501 800 526
3187 772 505 799 530
3188 772 506 799 531
3189 768 511 795 536
3190 771 512 798 537
3191 771 516 798 541
3192 771 518 798 543
3193 772 519 799 544
3194 771 522 798 547
3195 770 525 797 550
3196 770 527 797 552
3197 770 532 797 557
3198 770 534 797 559
3199 770 536 797 561
3200 769 538 796 563
3201 769 541 796 566
3202 768 544 795 569
3203 768 546 795 571
3204 767 549 794 574
3205 767 551 794 576
3206 768 554 795 579
3207 768 556 795 581
3208 770 560 797 585
3209 768 562 795 587
3210 767 565 794 590
3211 766 567 793 592
3212 766 570 793 595
3213 767 573 794 598
3214 767 576 794 601
3215 767 577 794 602
3216 768 581 795 606
3217 765 582 792 607
3218 766 585 793 610
3219 766 587 793 612
3220 766 589 793 614
3221 766 591 793 616
3222 765 594 792 619
3223 767 597 794 622
3224 764 599 791 624
3225 768 603 795 628
3226 766 605 793 630
3227 765 607 792 632
3228 764 609 791 634
3229 765 612 792 637
3230 765 615 792 640
3231 764 617 791 642
3232 765 620 792 645
3233 766 624 793 649
3234 765 624 792 649
3235 764 627 791 652
3236 764 630 791 655
3237 763 632 790 657
3238 763 634 790 659
3239 764 638 791 663
3240 764 640 791 665
3241 763 642 790 667
3242 763 643 790 668
3243 762 646 789 671
3244 763 650 790 675
3245 761 651 788 676
3246 761 654 788 679
3247 761 656 788 681
3248 761 657 788 682
3249 760 661 787 686
3250 759 663 786 688
3251 760 665 787 690
3252 759 667 786 692
3253 759 669 786 694
3254 758 672 785 697
3255 758 674 785 699
3256 758 678 785 703
3257 757 679 784 704
3258 759 681 786 706
3259 757 682 784 707
3260 756 687 783 712
3261 756 689 783 714
3262 756 692 783 717
3263 756 694 783 719
3264 756 694 783 719
3265 756 694 783 719
3266 756 694 783 719
3267 757 694 784 719
3268 757 694 784 719
3269 755 694 782 719
3270 754 694 781 719
