3539 642 35 674 57
3540 642 38 674 60
3541 643 39 675 61
3542 644 41 676 63
3543 644 45 676 67
3544 644 46 676 68
3545 645 48 677 70
3546 645 51 677 73
3547 646 53 678 75
3548 646 54 678 76
3549 646 56 678 78
3550 647 59 679 81
3551 648 60 680 82
3552 648 62 680 84
3553 647 64 679 86
3554 650 67 682 89
3555 650 69 682 91
3556 649 74 681 96
3557 650 76 682 98
3558 650 77 682 99
3559 650 79 682 101
3560 650 81 682 103
3561 650 83 682 105
3562 651 85 683 107
3563 651 87 683 109
3564 650 89 682 111
3565 650 91 682 113
3566 652 94 684 116
3567 651 97 683 119
3568 651 99 683 121
3569 652 102 684 124
3570 653 104 685 126
3571 653 105 685 127
3572 653 107 685 129
3573 653 109 685 131
3574 654 112 686 134
3575 655 115 687 137
3576 655 117 687 139
3577 655 120 687 142
3578 655 121 687 143
3579 655 124 687 146
3580 655 126 687 148
3581 655 127 687 149
3582 656 129 688 151
3583 656 130 688 152
3584 655 132 687 154
3585 654 135 686 157
3586 655 136 687 158
3587 655 140 687 162
3588 657 141 689 163
3589 656 143 688 165
3590 657 146 689 168
3591 657 150 689 172
3592 656 151 688 173
3593 656 155 688 177
3594 656 157 688 179
3595 656 158 688 180
3596 655 159 687 181
3597 656 161 688 183
3598 656 163 688 185
3599 655 165 687 187
3600 655 166 687 188
3601 656 170 688 192
3602 656 172 688 194
3603 655 176 687 198
3604 655 178 687 200
3605 655 181 687 203
3606 655 183 687 205
3607 655 186 687 208
3608 654 186 686 208
3609 657 187 689 209
3610 654 191 686 213
3611 654 192 686 214
3612 654 194 686 216
3613 655 196 687 218
3614 654 198 686 220
3615 655 200 687 222
3616 654 204 686 226
3617 653 207 685 229
3618 654 209 686 231
3619 655 210 687 232
3620 653 213 685 235
3621 654 214 686 236
3622 654 217 686 239
3623 655 218 687 240
3624 654 220 686 242
3625 654 222 686 244
3626 655 224 687 246
3627 655 225 687 247
3628 655 227 687 249
3629 655 228 687 250
3630 655 230 687 252
3631 654 232 686 254
3632 654 233 686 255
3633 653 239 685 261
3634 652 241 684 263
3635 652 243 684 265
3636 652 245 684 267
3637 651 246 683 268
3638 650 249 682 271
3639 650 251 682 273
3640 652 253 684 275
3641 650 254 682 276
3642 649 255 681 277
3643 651 260 683 282
3644 650 263 682 285
3645 650 265 682 287
3646 650 267 682 289
3647 650 268 682 290
3648 650 270 682 292
3649 649 272 681 294
3650 649 274 681 296
3651 649 276 681 298
3652 648 278 680 300
3653 650 280 682 302
3654 650 282 682 304
3655 650 284 682 306
3656 650 286 682 308
3657 647 286 679 308
3658 649 288 681 310
3659 649 290 681 312
3660 649 292 681 314
3661 648 294 680 316
3662 648 296 680 318
3663 648 297 680 319
3664 647 299 679 321
3665 649 302 681 324
3666 648 304 680 326
3667 647 307 679 329
3668 648 309 680 331
3669 647 311 679 333
3670 648 313 680 335
3671 646 314 678 336
3672 646 317 678 339
3673 646 318 678 340
3674 646 320 678 342
3675 646 322 678 344
3676 646 323 678 345
3677 646 325 678 347
3678 646 327 678 349
3679 646 329 678 351
3680 646 330 678 352
3681 645 331 677 353
3682 644 335 676 357
3683 646 335 678 357
3684 644 338 676 360
3685 643 340 675 362
3686 642 342 674 364
3687 643 344 675 366
3688 643 347 675 369
3689 641 348 673 370
3690 643 350 675 372
3691 644 352 676 374
3692 644 354 676 376
3693 644 357 676 379
3694 644 357 676 379
3695 644 358 676 380
3696 644 360 676 382
3697 644 361 676 383
3698 644 363 676 385
3699 643 366 675 388
3700 643 367 675 389
3701 643 368 675 390
3702 642 371 674 393
3703 641 374 673 396
3704 641 375 673 397
3705 641 377 673 399
3706 640 379 672 401
3707 640 381 672 403
3708 641 382 673 404
3709 641 384 673 406
3710 639 385 671 407
3711 640 387 672 409
3712 642 389 674 411
3713 639 389 671 411
3714 642 392 674 414
3715 640 393 672 415
3716 640 394 672 416
3717 642 397 674 419
3718 639 398 671 420
3719 639 398 671 420
3720 639 400 671 422
3721 641 403 673 425
3722 637 406 669 428
3723 637 408 669 430
3724 637 409 669 431
3725 637 411 669 433
3726 636 413 668 435
3727 637 415 669 437
3728 635 414 667 436
3729 634 418 666 440
3730 635 419 667 441
3731 636 421 668 443
3732 635 423 667 445
3733 635 425 667 447
3734 635 427 667 449
3735 637 430 670 460
3736 637 431 670 461
3737 637 432 670 462
3738 637 435 670 465
3739 637 437 670 467
3740 637 438 670 468
3741 636 440 669 470
3742 636 442 669 472
3743 636 443 669 473
3744 638 445 671 475
3745 635 447 668 477
3746 635 449 668 479
3747 636 451 669 481
3748 637 454 670 484
3749 635 454 668 484
3750 635 455 668 485
3751 635 457 668 487
3752 635 459 668 489
3753 636 461 669 491
3754 633 463 666 493
3755 634 465 667 495
3756 634 466 667 496
3757 635 467 668 497
3758 634 470 667 500
3759 634 471 667 501
3760 636 473 669 503
3761 634 475 667 505
3762 634 477 667 507
3763 634 478 667 508
3764 634 479 667 509
3765 633 481 666 511
3766 632 483 665 513
3767 633 484 666 514
3768 633 486 666 516
3769 632 488 665 518
3770 633 489 666 519
3771 633 493 666 523
3772 633 495 666 525
3773 633 497 666 527
3774 634 498 667 528
3775 633 500 666 530
3776 632 502 665 532
3777 632 504 665 534
3778 631 506 664 536
3779 630 508 663 538
3780 630 509 663 539
3781 630 511 663 541
3782 630 513 663 543
3783 630 515 663 545
3784 630 517 663 547
3785 631 518 664 548
3786 631 519 664 549
3787 630 521 663 551
3788 630 523 663 553
3789 631 524 664 554
3790 629 526 662 556
3791 630 529 663 559
3792 628 532 661 562
3793 630 534 663 564
3794 627 535 660 565
3795 629 536 662 566
3796 628 539 661 569
3797 627 541 660 571
3798 627 543 660 573
3799 627 544 660 574
3800 629 546 662 576
3801 629 547 662 577
3802 628 549 661 579
3803 628 551 661 581
3804 627 552 660 582
3805 627 554 660 584
3806 627 556 660 586
3807 627 557 660 587
3808 627 559 660 589
3809 627 561 660 591
3810 626 563 659 593
3811 627 567 660 597
3812 627 568 660 598
3813 627 570 660 600
3814 627 571 660 601
3815 627 573 660 603
3816 628 575 661 605
3817 626 577 659 607
3818 628 578 661 608
3819 628 580 661 610
3820 627 582 660 612
3821 627 584 660 614
3822 626 586 659 616
3823 627 588 660 618
3824 627 589 660 619
3825 626 591 659 621
3826 625 593 658 623
3827 627 594 660 624
3828 628 596 661 626
3829 628 598 661 628
3830 627 600 660 630
3831 629 602 662 632
3832 629 603 662 633
3833 627 605 660 635
3834 627 607 660 637
3835 627 608 660 638
3836 626 610 659 640
3837 626 615 659 645
3838 627 615 660 645
3839 626 618 659 648
3840 626 620 659 650
3841 630 621 663 651
3842 627 622 660 652
3843 627 627 660 657
3844 630 629 663 659
3845 630 631 663 661
3846 629 631 662 661
3847 629 634 662 664
3848 630 635 663 665
3849 632 639 665 669
3850 634 641 667 671
3851 634 643 667 673
3852 634 645 667 675
3853 635 647 668 677
3854 636 649 669 679
3855 635 651 668 681
3856 635 653 668 683
3857 635 655 668 685
3858 635 656 668 686
3859 635 659 668 689
3860 636 661 669 691
3861 636 663 669 693
3862 636 665 669 695
3863 634 669 667 699
3864 633 671 666 701
3865 635 673 668 703
3866 633 675 666 705
3867 635 673 668 703
3868 637 674 670 704
3869 637 678 670 708
3870 637 683 670 713
3871 638 685 671 715
3872 637 687 670 717
3873 638 689 671 719
3874 638 689 671 719
3875 636 687 669 717
3876 636 689 669 719
3877 636 689 669 719
3878 635 689 668 719
3879 638 689 671 719
3880 639 689 672 719
3881 638 689 671 719