3654 999 57 1028 87
3655 1000 59 1029 89
3656 999 61 1028 91
3657 1000 64 1029 94
3658 1000 67 1029 97
3659 1000 69 1029 99
3660 1001 72 1030 102
3661 1001 74 1030 104
3662 1001 76 1030 106
3663 1003 79 1032 109
3664 1002 82 1031 112
3665 1002 84 1031 114
3666 1002 87 1031 117
3667 1002 90 1031 120
3668 1002 93 1031 123
3669 1002 96 1031 126
3670 1002 98 1031 128
3671 1003 100 1032 130
3672 1003 102 1032 132
3673 1003 105 1032 135
3674 1004 107 1033 137
3675 1004 110 1033 140
3676 1004 112 1033 142
3677 1003 115 1032 145
3678 1003 119 1032 149
3679 1004 121 1033 151
3680 1004 122 1033 152
3681 1005 126 1034 156
3682 1005 128 1034 158
3683 1005 130 1034 160
3684 1006 132 1035 162
3685 1006 135 1035 165
3686 1005 139 1034 169
3687 1005 140 1034 170
3688 1005 144 1034 174
3689 1005 146 1034 176
3690 1005 148 1034 178
3691 1006 150 1035 180
3692 1006 153 1035 183
3693 1005 157 1034 187
3694 1006 158 1035 188
3695 1006 161 1035 191
3696 1005 163 1034 193
3697 1006 165 1035 195
3698 1007 167 1036 197
3699 1006 169 1035 199
3700 1006 172 1035 202
3701 1007 174 1036 204
3702 1007 177 1036 207
3703 1008 179 1037 209
3704 1008 180 1037 210
3705 1007 183 1036 213
3706 1007 186 1036 216
3707 1007 188 1036 218
3708 1007 191 1036 221
3709 1007 193 1036 223
3710 1007 196 1036 226
3711 1007 198 1036 228
3712 1007 200 1036 230
3713 1007 203 1036 233
3714 1007 205 1036 235
3715 1006 208 1035 238
3716 1006 210 1035 240
3717 1006 212 1035 242
3718 1007 216 1036 246
3719 1007 218 1036 248
3720 1007 220 1036 250
3721 1007 223 1036 253
3722 1004 226 1033 256
3723 1006 228 1035 258
3724 1005 230 1034 260
3725 1006 232 1035 262
3726 1006 236 1035 266
3727 1006 238 1035 268
3728 1006 240 1035 270
3729 1006 242 1035 272
3730 1005 245 1034 275
3731 1007 247 1036 277
3732 1006 249 1035 279
3733 1006 251 1035 281
3734 1006 254 1035 284
3735 1006 257 1035 287
3736 1006 259 1035 289
3737 1006 261 1035 291
3738 1005 265 1034 295
3739 1005 267 1034 297
3740 1004 269 1033 299
3741 1005 271 1034 301
3742 1005 274 1034 304
3743 1005 275 1034 305
3744 1005 277 1034 307
3745 1003 281 1032 311
3746 1004 284 1033 314
3747 1004 286 1033 316
3748 1003 289 1032 319
3749 1003 290 1032 320
3750 1003 293 1032 323
3751 1003 296 1032 326
3752 1003 297 1032 327
3753 1003 300 1032 330
3754 1002 302 1031 332
3755 1002 305 1031 335
3756 1002 307 1031 337
3757 1002 309 1031 339
3758 1003 312 1032 342
3759 1002 315 1031 345
3760 1002 317 1031 347
3761 1002 319 1031 349
3762 1001 322 1030 352
3763 1002 324 1031 354
3764 1002 326 1031 356
3765 1002 329 1031 359
3766 1002 331 1031 361
3767 1002 333 1031 363
3768 1002 335 1031 365
3769 1002 338 1031 368
3770 1002 340 1031 370
3771 1002 342 1031 372
3772 1001 345 1030 375
3773 1001 347 1030 377
3774 1001 351 1030 381
3775 1002 353 1031 383
3776 1001 355 1030 385
3777 1001 357 1030 387
3778 1001 359 1030 389
3779 1000 362 1029 392
3780 1001 364 1030 394
3781 1000 366 1029 396
3782 1001 369 1030 399
3783 1001 371 1030 401
3784 1001 374 1030 404
3785 1001 376 1030 406
3786 1001 378 1030 408
3787 1001 381 1030 411
3788 1001 382 1030 412
3789 1001 384 1030 414
3790 1001 387 1030 417
3791 1001 390 1030 420
3792 1001 392 1030 422
3793 1000 394 1029 424
3794 999 397 1028 427
3795 1000 399 1029 429
3796 1001 401 1030 431
3797 1001 403 1030 433
3798 1000 406 1029 436
3799 1000 408 1029 438
3800 1000 411 1029 441
3801 1000 413 1029 443
3802 1000 415 1029 445
3803 1000 418 1029 448
3804 1000 420 1029 450
3805 1000 422 1029 452
3806 1001 424 1030 454
3807 999 428 1028 458
3808 999 430 1028 460
3809 1000 432 1029 462
3810 999 434 1028 464
3811 998 436 1027 466
3812 999 439 1028 469
3813 999 441 1028 471
3814 999 443 1028 473
3815 998 447 1027 477
3816 998 449 1027 479
3817 999 451 1028 481
3818 999 454 1028 484
3819 1000 455 1029 485
3820 998 458 1027 488
3821 999 459 1028 489
3822 997 462 1026 492
3823 998 467 1027 497
3824 998 469 1027 499
3825 998 471 1027 501
3826 998 472 1027 502
3827 997 474 1026 504
3828 997 476 1026 506
3829 997 478 1026 508
3830 997 481 1026 511
3831 998 483 1027 513
3832 996 484 1025 514
3833 996 489 1025 519
3834 997 491 1026 521
3835 995 491 1024 521
3836 996 495 1025 525
3837 996 499 1025 529
3838 996 500 1025 530
3839 997 502 1026 532
3840 996 506 1025 536
3841 996 508 1025 538
3842 996 509 1025 539
3843 996 511 1025 541
3844 996 514 1025 544
3845 995 517 1024 547
3846 997 520 1026 550
3847 998 524 1027 554
3848 995 526 1024 556
3849 995 529 1024 559
3850 997 533 1026 563
3851 997 534 1026 564
3852 998 536 1027 566
3853 996 539 1025 569
3854 997 541 1026 571
3855 997 543 1026 573
3856 996 546 1025 576
3857 996 549 1025 579
3858 996 553 1025 583
3859 997 554 1026 584
3860 996 558 1025 588
3861 995 559 1024 589
3862 996 562 1025 592
3863 996 564 1025 594
3864 997 567 1026 597
3865 995 570 1024 600
3866 996 571 1025 601
3867 996 574 1025 604
3868 996 577 1025 607
3869 996 579 1025 609
3870 994 582 1023 612
3871 994 585 1023 615
3872 993 587 1022 617
3873 994 589 1023 619
3874 994 593 1023 623
3875 993 596 1022 626
3876 994 598 1023 628
3877 994 601 1023 631
3878 994 603 1023 633
3879 995 605 1024 635
3880 996 608 1025 638
3881 994 611 1023 641
3882 994 613 1023 643
3883 995 616 1024 646
3884 994 619 1023 649
3885 996 622 1025 652
3886 994 624 1023 654
3887 994 627 1023 657
3888 994 629 1023 659
3889 994 632 1023 662
3890 994 634 1023 664
3891 993 636 1022 666
3892 994 639 1023 669
3893 995 641 1024 671
3894 993 644 1022 674
3895 993 646 1022 676
3896 993 649 1022 679
3897 993 651 1022 681
3898 993 654 1022 684
3899 992 658 1021 688
3900 992 659 1021 689
3901 992 662 1021 692
3902 992 664 1021 694
3903 993 666 1022 696
3904 991 669 1020 699
3905 991 671 1020 701
3906 991 673 1020 703
3907 992 676 1021 706
3908 991 679 1020 709
3909 990 682 1019 712
3910 989 684 1018 714
3911 990 686 1019 716
3912 989 688 1018 718
3913 987 689 1016 719
3914 987 689 1016 719
3915 987 689 1016 719
3916 987 689 1016 719
3917 987 689 1016 719