4206 229 2 243 14
4207 229 4 243 14
4208 226 4 243 19
4209 227 5 243 20
4210 230 9 240 23
4211 229 11 245 25
4212 231 10 240 25
4213 228 14 244 28
4214 228 16 241 33
4215 229 18 247 33
4216 228 18 243 35
4217 227 20 243 35
4218 228 23 242 40
4219 221 30 242 41
4220 225 27 247 45
4221 226 24 244 45
4222 229 31 243 45
4223 226 36 245 50
4224 228 35 243 53
4225 220 37 247 57
4226 219 38 246 58
4227 220 41 247 61
4228 220 43 247 63
4229 220 45 247 65
4230 220 47 247 67
4231 220 49 247 69
4232 220 51 247 71
4233 220 53 247 73
4234 220 55 247 75
4235 220 58 247 78
4236 220 60 247 80
4237 220 62 247 82
4238 220 65 247 85
4239 220 66 247 86
4240 220 68 247 88
4241 220 69 247 89
4242 221 73 248 93
4243 220 74 247 94
4244 220 76 247 96
4245 220 78 247 98
4246 220 80 247 100
4247 221 83 248 103
4248 221 85 248 105
4249 221 88 248 108
4250 221 89 248 109
4251 220 91 247 111
4252 220 92 247 112
4253 221 95 248 115
4254 221 97 248 117
4255 224 99 251 119
4256 224 101 251 121
4257 226 104 253 124
4258 227 106 254 126
4259 227 108 254 128
4260 227 112 254 132
4261 227 112 254 132
4262 226 114 253 134
4263 227 119 254 139
4264 227 119 254 139
4265 227 121 254 141
4266 226 122 253 142
4267 227 124 254 144
4268 227 126 254 146
4269 227 129 254 149
4270 226 130 253 150
4271 226 132 253 152
4272 226 134 253 154
4273 226 136 253 156
4274 226 141 253 161
4275 226 141 253 161
4276 226 143 253 163
4277 226 146 253 166
4278 227 149 254 169
4279 226 149 253 169
4280 226 151 253 171
4281 226 153 253 173
4282 226 155 253 175
4283 226 157 253 177
4284 226 158 253 178
4285 226 161 253 181
4286 226 163 253 183
4287 226 165 253 185
4288 226 168 253 188
4289 226 169 253 189
4290 225 171 252 191
4291 225 173 252 193
4292 225 175 252 195
4293 226 177 253 197
4294 225 179 252 199
4295 225 181 252 201
4296 225 183 252 203
4297 225 186 252 206
4298 225 187 252 207
4299 225 189 252 209
4300 225 192 252 212
4301 225 194 252 214
4302 225 197 252 217
4303 225 198 252 218
4304 225 200 252 220
4305 225 202 252 222
4306 225 205 252 225
4307 225 206 252 226
4308 225 208 252 228
4309 224 211 251 231
4310 224 212 251 232
4311 224 214 251 234
4312 224 216 251 236
4313 224 218 251 238
4314 224 220 251 240
4315 224 222 251 242
4316 224 224 251 244
4317 223 227 250 247
4318 224 229 251 249
4319 224 231 251 251
4320 224 233 251 253
4321 224 235 251 255
4322 223 237 250 257
4323 222 239 249 259
4324 223 241 250 261
4325 224 243 251 263
4326 223 245 250 265
4327 223 247 250 267
4328 223 248 250 268
4329 223 250 250 270
4330 223 252 250 272
4331 223 255 250 275
4332 223 257 250 277
4333 223 260 250 280
4334 223 262 250 282
4335 222 264 249 284
4336 222 266 249 286
4337 223 268 250 288
4338 223 270 250 290
4339 222 272 249 292
4340 222 274 249 294
4341 222 275 249 295
4342 223 279 250 299
4343 222 281 249 301
4344 222 283 249 303
4345 222 285 249 305
4346 222 287 249 307
4347 221 289 248 309
4348 222 291 249 311
4349 222 293 249 313
4350 221 295 248 315
4351 221 297 248 317
4352 221 299 248 319
4353 221 301 248 321
4354 221 303 248 323
4355 221 305 248 325
4356 221 308 248 328
4357 221 309 248 329
4358 221 311 248 331
4359 221 313 248 333
4360 221 315 248 335
4361 221 317 248 337
4362 220 319 247 339
4363 220 321 247 341
4364 220 323 247 343
4365 220 325 247 345
4366 220 327 247 347
4367 220 330 247 350
4368 220 332 247 352
4369 220 334 247 354
4370 220 336 247 356
4371 220 338 247 358
4372 220 340 247 360
4373 220 342 247 362
4374 220 344 247 364
4375 220 346 247 366
4376 220 348 247 368
4377 220 350 247 370
4378 220 352 247 372
4379 219 354 246 374
4380 219 356 246 376
4381 219 358 246 378
4382 219 361 246 381
4383 219 363 246 383
4384 219 365 246 385
4385 219 367 246 387
4386 219 369 246 389
4387 219 371 246 391
4388 219 373 246 393
4389 219 375 246 395
4390 218 377 245 397
4391 218 379 245 399
4392 218 381 245 401
4393 218 383 245 403
4394 218 386 245 406
4395 218 388 245 408
4396 217 389 244 409
4397 218 392 245 412
4398 218 394 245 414
4399 218 396 245 416
4400 217 398 244 418
4401 217 400 244 420
4402 217 402 244 422
4403 217 404 244 424
4404 217 406 244 426
4405 217 408 244 428
4406 216 410 243 430
4407 216 413 243 433
4408 216 415 243 435
4409 216 417 243 437
4410 216 419 243 439
4411 216 421 243 441
4412 216 423 243 443
4413 215 425 242 445
4414 215 427 242 447
4415 215 429 242 449
4416 215 431 242 451
4417 215 433 242 453
4418 215 435 242 455
4419 214 437 241 457
4420 214 439 241 459
4421 214 442 241 462
4422 214 444 241 464
4423 214 446 241 466
4424 214 448 241 468
4425 214 450 241 470
4426 214 452 241 472
4427 213 454 240 474
4428 213 456 240 476
4429 213 458 240 478
4430 213 460 240 480
4431 213 462 240 482
4432 213 464 240 484
4433 212 466 239 486
4434 212 468 239 488
4435 212 471 239 491
4436 212 473 239 493
4437 212 475 239 495
4438 211 477 238 497
4439 211 479 238 499
4440 211 481 238 501
4441 211 483 238 503
4442 211 485 238 505
4443 211 487 238 507
4444 211 489 238 509
4445 210 491 237 511
4446 210 493 237 513
4447 210 495 237 515
4448 210 497 237 517
4449 210 499 237 519
4450 210 501 237 521
4451 209 503 236 523
4452 209 505 236 525
4453 209 508 236 528
4454 208 509 235 529
4455 208 511 235 531
4456 208 514 235 534
4457 209 516 236 536
4458 209 519 236 539
4459 208 519 235 539
4460 208 522 235 542
4461 208 523 235 543
4462 207 525 234 545
4463 207 527 234 547
4464 207 529 234 549
4465 207 531 234 551
4466 207 533 234 553
4467 206 535 233 555
4468 206 538 233 558
4469 206 540 233 560
4470 206 542 233 562
4471 206 544 233 564
4472 206 546 233 566
4473 206 548 233 568
4474 205 550 232 570
4475 205 552 232 572
4476 205 554 232 574
4477 205 556 232 576
4478 204 558 231 578
4479 204 559 231 579
4480 204 561 231 581
4481 204 563 231 583
4482 204 566 231 586
4483 204 568 231 588
4484 204 570 231 590
4485 203 572 230 592
4486 203 574 230 594
4487 203 576 230 596
4488 203 578 230 598
4489 203 580 230 600
4490 203 581 230 601
4491 202 583 229 603
4492 202 585 229 605
4493 202 589 229 609
4494 202 590 229 610
4495 202 592 229 612
4496 201 594 228 614
4497 201 596 228 616
4498 201 598 228 618
4499 201 599 228 619
4500 201 601 228 621
4501 200 603 227 623
4502 201 605 228 625
4503 201 608 228 628
4504 201 609 228 629
4505 200 611 227 631
4506 200 613 227 633
4507 200 615 227 635
4508 200 616 227 636
4509 199 618 226 638
4510 200 621 227 641
4511 200 623 227 643
4512 199 625 226 645
4513 199 626 226 646
4514 199 628 226 648
4515 199 630 226 650
4516 199 632 226 652
4517 199 634 226 654
4518 198 636 225 656
4519 198 638 225 658
4520 198 640 225 660
4521 198 642 225 662
4522 198 644 225 664
4523 198 645 225 665
4524 197 647 224 667
4525 197 650 224 670
4526 197 652 224 672
4527 197 654 224 674
4528 197 655 224 675
4529 197 658 224 678
4530 197 659 224 679
4531 196 661 223 681
4532 196 663 223 683
4533 196 665 223 685
4534 195 666 222 686
4535 195 668 222 688
4536 195 670 222 690
4537 195 673 222 693
4538 195 675 222 695
4539 195 677 222 697
4540 195 679 222 699
4541 195 681 222 701
4542 194 683 221 703
4543 195 685 222 705
4544 194 687 221 707
4545 193 688 220 708
4546 194 691 221 711
4547 193 693 220 713
4548 193 695 220 715
4549 193 698 220 718
4550 193 699 220 719
4551 192 699 219 719
4552 192 699 219 719
4553 191 699 218 719
4554 189 699 216 719