4502 841 29 871 51
4503 841 31 871 53
4504 841 33 871 55
4505 840 35 870 57
4506 840 36 870 58
4507 840 38 870 60
4508 840 40 870 62
4509 841 42 871 64
4510 841 44 871 66
4511 844 46 874 68
4512 842 47 872 69
4513 841 49 871 71
4514 842 51 872 73
4515 842 53 872 75
4516 842 54 872 76
4517 842 56 872 78
4518 842 58 872 80
4519 842 61 872 83
4520 843 63 873 85
4521 842 65 872 87
4522 843 67 873 89
4523 842 69 872 91
4524 842 71 872 93
4525 843 72 873 94
4526 843 75 873 97
4527 843 76 873 98
4528 844 79 874 101
4529 843 81 873 103
4530 844 82 874 104
4531 844 84 874 106
4532 844 86 874 108
4533 844 88 874 110
4534 844 90 874 112
4535 844 92 874 114
4536 844 94 874 116
4537 844 96 874 118
4538 845 98 875 120
4539 845 99 875 121
4540 845 103 875 125
4541 844 104 874 126
4542 846 107 876 129
4543 846 109 876 131
4544 846 111 876 133
4545 845 112 875 134
4546 846 115 876 137
4547 845 116 875 138
4548 846 119 876 141
4549 846 121 876 143
4550 846 123 876 145
4551 847 126 877 148
4552 846 127 876 149
4553 846 128 876 150
4554 846 130 876 152
4555 846 132 876 154
4556 846 134 876 156
4557 847 136 877 158
4558 846 137 876 159
4559 847 140 877 162
4560 846 141 876 163
4561 847 144 877 166
4562 847 145 877 167
4563 847 147 877 169
4564 847 149 877 171
4565 848 152 878 174
4566 849 154 879 176
4567 849 156 879 178
4568 849 158 879 180
4569 849 161 879 183
4570 850 163 880 185
4571 849 164 879 186
4572 850 167 880 189
4573 849 168 879 190
4574 848 170 878 192
4575 849 172 879 194
4576 850 174 880 196
4577 850 176 880 198
4578 849 177 879 199
4579 850 179 880 201
4580 850 181 880 203
4581 851 184 881 206
4582 851 185 881 207
4583 849 187 879 209
4584 851 189 881 211
4585 850 191 880 213
4586 850 193 880 215
4587 849 195 879 217
4588 849 198 879 220
4589 849 200 879 222
4590 850 202 880 224
4591 849 202 879 224
4592 849 205 879 227
4593 849 207 879 229
4594 849 210 879 232
4595 850 212 880 234
4596 850 214 880 236
4597 850 216 880 238
4598 849 218 879 240
4599 849 220 879 242
4600 849 222 879 244
4601 850 224 880 246
4602 849 226 879 248
4603 848 229 878 251
4604 850 233 880 255
4605 851 233 881 255
4606 851 234 881 256
4607 850 237 880 259
4608 850 239 880 261
4609 850 242 880 264
4610 850 243 880 265
4611 850 245 880 267
4612 851 248 881 270
4613 850 249 880 271
4614 849 252 879 274
4615 851 253 881 275
4616 849 255 879 277
4617 851 257 881 279
4618 850 257 880 279
4619 850 258 880 280
4620 850 260 880 282
4621 851 262 881 284
4622 852 263 882 285
4623 850 265 880 287
4624 851 267 881 289
4625 852 271 882 293
4626 853 272 883 294
4627 850 274 880 296
4628 852 276 882 298
4629 850 278 880 300
4630 853 281 883 303
4631 853 283 883 305
4632 852 285 882 307
4633 852 286 882 308
4634 853 288 883 310
4635 853 289 883 311
4636 853 292 883 314
4637 852 293 882 315
4638 852 295 882 317
4639 852 297 882 319
4640 852 298 882 320
4641 852 300 882 322
4642 852 302 882 324
4643 852 303 882 325
4644 852 304 882 326
4645 852 307 882 329
4646 852 308 882 330
4647 853 310 883 332
4648 852 313 882 335
4649 852 314 882 336
4650 852 316 882 338
4651 853 318 883 340
4652 853 320 883 342
4653 853 322 883 344
4654 851 323 881 345
4655 851 325 881 347
4656 851 328 881 350
4657 851 330 881 352
4658 850 332 880 354
4659 851 333 881 355
4660 851 335 881 357
4661 851 337 881 359
4662 851 339 881 361
4663 852 341 882 363
4664 852 342 882 364
4665 853 345 883 367
4666 851 346 881 368
4667 852 350 882 372
4668 852 351 882 373
4669 851 352 881 374
4670 852 354 882 376
4671 852 356 882 378
4672 852 358 882 380
4673 852 359 882 381
4674 852 362 882 384
4675 852 364 882 386
4676 851 366 881 388
4677 852 368 882 390
4678 851 369 881 391
4679 851 371 881 393
4680 851 373 881 395
4681 851 375 881 397
4682 851 376 881 398
4683 851 378 881 400
4684 851 380 881 402
4685 851 381 881 403
4686 851 383 881 405
4687 851 385 881 407
4688 852 387 882 409
4689 850 389 880 411
4690 852 391 882 413
4691 849 393 879 415
4692 852 395 882 417
4693 852 397 882 419
4694 851 398 881 420
4695 849 402 879 424
4696 850 403 880 425
4697 851 405 881 427
4698 849 407 879 429
4699 850 409 880 431
4700 848 410 878 432
4701 850 413 880 435
4702 850 415 880 437
4703 851 417 881 439
4704 851 418 881 440
4705 851 420 881 442
4706 851 421 881 443
4707 851 423 881 445
4708 851 425 881 447
4709 851 426 881 448
4710 851 428 881 450
4711 851 430 881 452
4712 851 432 881 454
4713 850 434 880 456
4714 849 434 879 456
4715 850 436 880 458
4716 848 438 878 460
4717 848 440 878 462
4718 848 442 878 464
4719 848 444 878 466
4720 848 445 878 467
4721 847 447 877 469
4722 847 449 877 471
4723 847 450 877 472
4724 847 452 877 474
4725 847 454 877 476
4726 846 456 876 478
4727 844 457 874 479
4728 845 459 875 481
4729 847 461 877 483
4730 844 463 874 485
4731 843 464 873 486
4732 844 466 874 488
4733 842 468 872 490
4734 844 470 874 492
4735 842 472 872 494
4736 845 475 875 497
4737 845 478 875 500
4738 843 478 873 500
4739 843 479 873 501
4740 842 481 872 503
4741 840 484 870 506
4742 840 485 870 507
4743 841 486 871 508
4744 841 490 871 512
4745 840 491 870 513
4746 839 493 869 515
4747 839 495 869 517
4748 840 497 870 519
4749 841 499 871 521
4750 841 500 871 522
4751 841 502 871 524
4752 840 504 870 526
4753 840 506 870 528
4754 839 508 869 530
4755 839 511 869 533
4756 838 513 868 535
4757 838 515 868 537
4758 838 516 868 538
4759 838 518 868 540
4760 837 520 867 542
4761 837 521 867 543
4762 836 522 866 544
4763 836 525 866 547
4764 835 525 865 547
4765 835 527 865 549
4766 835 529 865 551
4767 835 531 865 553
4768 834 532 864 554
4769 833 534 863 556
4770 833 536 863 558
4771 832 538 862 560
4772 832 540 862 562
4773 832 541 862 563
4774 832 545 862 567
4775 832 547 862 569
4776 832 549 862 571
4777 831 550 861 572
4778 831 552 861 574
4779 832 555 862 577
4780 830 555 860 577
4781 829 557 859 579
4782 830 560 860 582
4783 828 561 858 583
4784 829 563 859 585
4785 828 565 858 587
4786 828 566 858 588
4787 828 568 858 590
4788 827 570 857 592
4789 827 571 857 593
4790 826 573 856 595
4791 827 575 857 597
4792 825 576 855 598
4793 824 579 854 601
4794 824 581 854 603
4795 824 581 854 603
4796 825 583 855 605
4797 824 584 854 606
4798 823 586 853 608
4799 822 589 852 611
4800 824 593 854 615
4801 823 594 853 616
4802 823 597 853 619
4803 823 599 853 621
4804 822 600 852 622
4805 822 602 852 624
4806 822 604 852 626
4807 822 606 852 628
4808 822 608 852 630
4809 821 609 851 631
4810 821 610 851 632
4811 821 612 851 634
4812 821 613 851 635
4813 820 615 850 637
4814 820 616 850 638
4815 819 617 849 639
4816 819 619 849 641
4817 819 621 849 643
4818 819 623 849 645
4819 818 624 848 646
4820 819 628 849 650
4821 818 630 848 652
4822 818 631 848 653
4823 817 633 847 655
4824 817 634 847 656
4825 817 637 847 659
4826 817 639 847 661
4827 816 640 846 662
4828 817 644 847 666
4829 816 645 846 667
4830 816 646 846 668
4831 815 647 845 669
4832 815 650 845 672
4833 815 652 845 674
4834 815 654 845 676
4835 814 654 844 676
4836 813 656 843 678
4837 813 658 843 680
4838 813 659 843 681
4839 813 661 843 683
4840 812 663 842 685
4841 812 665 842 687
4842 812 667 842 689
4843 811 669 841 691
4844 811 670 841 692
4845 811 672 841 694
4846 810 674 840 696
4847 810 676 840 698
4848 809 677 839 699
4849 808 680 838 702
4850 808 682 838 704
4851 807 683 837 705
4852 806 685 836 707
4853 806 687 836 709
4854 806 689 836 711
4855 805 691 835 713
4856 805 693 835 715
4857 806 693 836 715
4858 806 695 836 717
4859 804 697 834 719
4860 804 697 834 719
4861 804 697 834 719
4862 801 697 831 719
4863 802 697 832 719
4864 801 697 831 719
4865 800 697 830 719
4866 798 697 828 719
