4846 517 25 539 44
4847 517 26 539 45
4848 517 28 539 47
4849 517 30 539 49
4850 516 35 538 54
4851 517 37 539 56
4852 518 38 540 57
4853 518 39 540 58
4854 516 42 538 61
4855 518 45 540 64
4856 518 47 540 66
4857 518 49 540 68
4858 517 51 539 70
4859 519 54 541 73
4860 517 56 539 75
4861 518 58 540 77
4862 517 61 539 80
4863 517 63 539 82
4864 518 66 540 85
4865 518 68 540 87
4866 517 71 539 90
4867 517 72 539 91
4868 518 74 540 93
4869 516 77 538 96
4870 516 79 538 98
4871 516 82 538 101
4872 516 84 538 103
4873 516 85 538 104
4874 516 89 538 108
4875 513 94 535 113
4876 511 96 533 115
4877 514 97 536 116
4878 515 99 537 118
4879 516 100 538 119
4880 515 103 537 122
4881 514 105 536 124
4882 513 107 535 126
4883 514 110 536 129
4884 514 112 536 131
4885 513 114 535 133
4886 512 117 534 136
4887 512 119 534 138
4888 513 123 535 142
4889 513 125 535 144
4890 512 127 534 146
4891 513 128 535 147
4892 513 131 535 150
4893 513 133 535 152
4894 514 133 536 152
4895 513 136 535 155
4896 512 139 534 158
4897 511 142 533 161
4898 511 144 533 163
4899 511 147 533 166
4900 513 149 535 168
4901 511 152 533 171
4902 511 153 533 172
4903 511 156 533 175
4904 512 158 534 177
4905 511 159 533 178
4906 510 161 532 180
4907 511 167 533 186
4908 511 169 533 188
4909 511 171 533 190
4910 509 174 531 193
4911 510 176 532 195
4912 509 178 531 197
4913 509 181 531 200
4914 509 183 531 202
4915 508 185 530 204
4916 508 186 530 205
4917 509 188 531 207
4918 506 191 528 210
4919 507 193 529 212
4920 508 196 530 215
4921 508 198 530 217
4922 508 200 530 219
4923 508 203 530 222
4924 506 206 528 225
4925 506 209 528 228
4926 506 211 528 230
4927 506 213 528 232
4928 506 214 528 233
4929 506 216 528 235
4930 505 220 527 239
4931 505 223 527 242
4932 505 225 527 244
4933 504 226 526 245
4934 503 229 525 248
4935 503 231 525 250
4936 503 234 525 253
4937 504 239 526 258
4938 503 241 525 260
4939 503 243 525 262
4940 502 245 524 264
4941 503 247 525 266
4942 501 249 523 268
4943 500 252 522 271
4944 500 254 522 273
4945 500 256 522 275
4946 499 258 521 277
4947 500 262 522 281
4948 500 265 522 284
4949 500 267 522 286
4950 498 271 520 290
4951 498 272 520 291
4952 497 275 519 294
4953 496 277 518 296
4954 497 279 519 298
4955 496 281 518 300
4956 496 282 518 301
4957 495 287 517 306
4958 495 287 517 306
4959 495 290 517 309
4960 494 293 516 312
4961 493 296 515 315
4962 493 299 515 318
4963 493 300 515 319
4964 493 302 515 321
4965 492 304 514 323
4966 492 306 514 325
4967 492 308 514 327
4968 490 312 512 331
4969 490 314 512 333
4970 490 317 512 336
4971 489 319 511 338
4972 489 321 511 340
4973 489 324 511 343
4974 490 325 512 344
4975 489 327 511 346
4976 488 331 510 350
4977 489 334 511 353
4978 489 336 511 355
4979 488 338 510 357
4980 488 341 510 360
4981 488 342 510 361
4982 487 345 509 364
4983 487 347 509 366
4984 487 348 509 367
4985 485 353 507 372
4986 486 354 508 373
4987 486 356 508 375
4988 486 360 508 379
4989 484 363 506 382
4990 485 364 507 383
4991 485 367 507 386
4992 485 368 507 387
4993 485 371 507 390
4994 485 373 507 392
4995 483 375 505 394
4996 485 377 507 396
4997 484 379 506 398
4998 484 382 506 401
4999 484 385 506 404
5000 484 387 506 406
5001 484 389 506 408
5002 483 392 505 411
5003 483 394 505 413
5004 482 396 504 415
5005 483 397 505 416
5006 483 399 505 418
5007 481 402 503 421
5008 479 406 501 425
5009 481 406 503 425
5010 480 410 502 429
5011 480 412 502 431
5012 480 413 502 432
5013 479 416 501 435
5014 480 418 502 437
5015 479 421 501 440
5016 478 422 500 441
5017 479 424 501 443
5018 478 426 500 445
5019 476 430 498 449
5020 476 432 498 451
5021 475 434 497 453
5022 475 437 497 456
5023 475 438 497 457
5024 475 440 497 459
5025 473 443 495 462
5026 475 445 497 464
5027 474 446 496 465
5028 474 447 496 466
5029 473 449 495 468
5030 473 450 495 469
5031 473 452 495 471
5032 472 457 494 476
5033 471 458 493 477
5034 471 461 493 480
5035 470 463 492 482
5036 470 465 492 484
5037 469 467 491 486
5038 469 469 491 488
5039 469 471 491 490
5040 469 471 491 490
5041 468 475 490 494
5042 467 478 489 497
5043 466 480 488 499
5044 466 482 488 501
5045 465 482 487 501
5046 466 486 488 505
5047 465 488 487 507
5048 465 490 487 509
5049 465 492 487 511
5050 464 494 486 513
5051 464 495 486 514
5052 463 497 485 516
5053 463 499 485 518
5054 463 501 485 520
5055 462 503 484 522
5056 461 505 483 524
5057 460 506 482 525
5058 459 509 481 528
5059 459 511 481 530
5060 459 513 481 532
5061 459 514 481 533
5062 457 517 479 536
5063 457 520 479 539
5064 456 523 478 542
5065 457 524 479 543
5066 457 526 479 545
5067 455 528 477 547
5068 455 530 477 549
5069 455 533 477 552
5070 454 533 476 552
5071 453 536 475 555
5072 453 539 475 558
5073 453 540 475 559
5074 452 542 474 561
5075 451 544 473 563
5076 451 547 473 566
5077 450 548 472 567
5078 450 552 472 571
5079 449 555 471 574
5080 449 556 471 575
5081 448 559 470 578
5082 448 561 470 580
5083 446 563 468 582
5084 445 564 467 583
5085 445 567 467 586
5086 445 567 467 586
5087 446 571 468 590
5088 445 573 467 592
5089 444 574 466 593
5090 443 578 465 597
5091 442 579 464 598
5092 442 582 464 601
5093 441 585 463 604
5094 440 587 462 606
5095 439 589 461 608
5096 440 591 462 610
5097 439 592 461 611
5098 439 594 461 613
5099 438 595 460 614
5100 436 599 458 618
5101 436 602 458 621
5102 436 603 458 622
5103 435 607 457 626
5104 435 609 457 628
5105 434 610 456 629
5106 433 612 455 631
5107 433 614 455 633
5108 433 617 455 636
5109 432 619 454 638
5110 432 620 454 639
5111 430 624 452 643
5112 430 626 452 645
5113 429 628 451 647
5114 428 630 450 649
5115 428 631 450 650
5116 427 633 449 652
5117 426 635 448 654
5118 426 637 448 656
5119 424 639 446 658
5120 425 640 447 659
5121 423 644 445 663
5122 424 645 446 664
5123 423 649 445 668
5124 422 651 444 670
5125 420 653 442 672
5126 421 655 443 674
5127 419 658 441 677
5128 419 659 441 678
5129 419 661 441 680
5130 418 663 440 682
5131 419 664 441 683
5132 418 665 440 684
5133 417 669 439 688
5134 417 670 439 689
5135 417 673 439 692
5136 414 675 436 694
5137 413 679 435 698
5138 412 680 434 699
5139 413 681 435 700
5140 412 683 434 702
5141 412 684 434 703
5142 411 689 433 708
5143 410 692 432 711
5144 407 696 429 715
5145 406 697 428 716
5146 408 698 430 717
5147 406 700 428 719
5148 407 700 429 719
5149 406 700 428 719
5150 405 700 427 719
