5040 402 30 422 43
5041 402 29 420 45
5042 403 33 420 46
5043 402 34 422 47
5044 401 35 422 54
5045 401 39 420 51
5046 402 40 419 52
5047 398 38 424 57
5048 399 40 420 56
5049 399 42 421 60
5050 398 45 422 65
5051 401 53 417 65
5052 401 50 420 70
5053 400 51 425 73
5054 399 53 424 75
5055 399 56 427 76
5056 396 60 419 80
5057 394 57 417 75
5058 395 60 416 80
5059 393 62 414 83
5060 391 64 417 84
5061 395 65 415 84
5062 394 67 413 86
5063 394 72 415 87
5064 395 75 417 92
5065 389 74 417 95
5066 394 75 415 95
5067 392 77 417 97
5068 391 80 417 100
5069 388 80 418 101
5070 390 87 413 107
5071 390 87 413 107
5072 390 88 413 108
5073 389 90 412 110
5074 388 92 411 112
5075 386 94 409 114
5076 386 95 409 115
5077 385 97 408 117
5078 385 99 408 119
5079 385 101 408 121
5080 383 102 406 122
5081 384 104 407 124
5082 383 105 406 125
5083 385 108 408 128
5084 384 110 407 130
5085 382 113 405 133
5086 380 117 403 137
5087 382 118 405 138
5088 381 121 404 141
5089 382 122 405 142
5090 381 124 404 144
5091 381 125 404 145
5092 380 127 403 147
5093 381 128 404 148
5094 382 131 405 151
5095 380 133 403 153
5096 381 136 404 156
5097 378 136 401 156
5098 378 139 401 159
5099 377 140 400 160
5100 376 143 399 163
5101 376 145 399 165
5102 376 147 399 167
5103 376 150 399 170
5104 375 153 398 173
5105 373 152 396 172
5106 374 155 397 175
5107 374 156 397 176
5108 375 159 398 179
5109 372 160 395 180
5110 372 162 395 182
5111 372 163 395 183
5112 372 165 395 185
5113 372 165 395 185
5114 372 167 395 187
5115 371 173 394 193
5116 370 173 393 193
5117 371 178 394 198
5118 372 180 395 200
5119 372 183 395 203
5120 372 184 395 204
5121 371 184 394 204
5122 369 185 392 205
5123 368 185 391 205
5124 368 188 391 208
5125 367 190 390 210
5126 368 193 391 213
5127 366 194 389 214
5128 367 201 390 221
5129 367 201 390 221
5130 367 203 390 223
5131 366 204 389 224
5132 367 206 390 226
5133 366 208 389 228
5134 366 209 389 229
5135 366 211 389 231
5136 365 211 388 231
5137 365 214 388 234
5138 365 215 388 235
5139 361 220 384 240
5140 367 216 390 236
5141 363 223 386 243
5142 357 225 380 245
5143 361 229 384 249
5144 361 230 384 250
5145 359 231 382 251
5146 358 233 381 253
5147 357 233 380 253
5148 358 236 381 256
5149 357 237 380 257
5150 356 238 379 258
5151 356 240 379 260
5152 355 242 378 262
5153 355 244 378 264
5154 355 245 378 265
5155 354 246 377 266
5156 352 251 375 271
5157 352 255 375 275
5158 355 258 378 278
5159 352 258 375 278
5160 353 260 376 280
5161 354 262 377 282
5162 351 262 374 282
5163 352 264 375 284
5164 351 266 374 286
5165 349 269 372 289
5166 350 272 373 292
5167 348 273 371 293
5168 347 276 370 296
5169 349 279 372 299
5170 347 280 370 300
5171 347 283 370 303
5172 346 284 369 304
5173 346 286 369 306
5174 345 287 368 307
5175 346 290 369 310
5176 345 292 368 312
5177 344 293 367 313
5178 344 295 367 315
5179 343 298 366 318
5180 344 300 367 320
5181 343 302 366 322
5182 343 302 366 322
5183 342 307 365 327
5184 342 309 365 329
5185 341 311 364 331
5186 341 313 364 333
5187 341 316 364 336
5188 340 317 363 337
5189 340 317 363 337
5190 339 318 362 338
5191 338 319 361 339
5192 337 321 360 341
5193 338 324 361 344
5194 338 331 361 351
5195 340 333 363 353
5196 340 336 363 356
5197 339 337 362 357
5198 339 338 362 358
5199 338 341 361 361
5200 335 342 358 362
5201 336 343 359 363
5202 336 344 359 364
5203 335 346 358 366
5204 334 348 357 368
5205 335 350 358 370
5206 334 352 357 372
5207 333 352 356 372
5208 333 354 356 374
5209 333 357 356 377
5210 332 359 355 379
5211 333 365 356 385
5212 334 366 357 386
5213 333 369 356 389
5214 333 370 356 390
5215 333 373 356 393
5216 332 374 355 394
5217 332 375 355 395
5218 331 378 354 398
5219 330 379 353 399
5220 329 382 352 402
5221 329 384 352 404
5222 328 384 351 404
5223 327 389 350 409
5224 327 391 350 411
5225 326 392 349 412
5226 326 393 349 413
5227 325 395 348 415
5228 324 397 347 417
5229 325 401 348 421
5230 324 402 347 422
5231 326 404 349 424
5232 324 404 347 424
5233 325 408 348 428
5234 322 411 345 431
5235 322 414 345 434
5236 322 416 345 436
5237 321 418 344 438
5238 320 421 343 441
5239 318 421 341 441
5240 319 423 342 443
5241 319 425 342 445
5242 318 428 341 448
5243 318 430 341 450
5244 319 433 342 453
5245 317 433 340 453
5246 316 436 339 456
5247 317 439 340 459
5248 316 439 339 459
5249 315 442 338 462
5250 315 442 338 462
5251 312 444 335 464
5252 311 447 334 467
5253 310 448 333 468
5254 309 451 332 471
5255 309 453 332 473
5256 309 456 332 476
5257 307 457 330 477
5258 309 460 332 480
5259 309 461 332 481
5260 309 464 332 484
5261 308 466 331 486
5262 307 467 330 487
5263 308 471 331 491
5264 306 472 329 492
5265 307 474 330 494
5266 306 477 329 497
5267 304 479 327 499
5268 306 482 329 502
5269 305 483 328 503
5270 305 485 328 505
5271 303 485 326 505
5272 302 488 325 508
5273 302 490 325 510
5274 302 493 325 513
5275 301 495 324 515
5276 301 497 324 517
5277 301 498 324 518
5278 299 500 322 520
5279 300 502 323 522
5280 299 504 322 524
5281 298 506 321 526
5282 300 507 323 527
5283 299 508 322 528
5284 300 510 323 530
5285 298 513 321 533
5286 298 513 321 533
5287 295 516 318 536
5288 294 517 317 537
5289 293 519 316 539
5290 292 521 315 541
5291 293 523 316 543
5292 294 527 317 547
5293 294 529 317 549
5294 293 531 316 551
5295 293 533 316 553
5296 291 533 314 553
5297 292 536 315 556
5298 291 537 314 557
5299 290 539 313 559
5300 288 541 311 561
5301 288 542 311 562
5302 288 544 311 564
5303 288 546 311 566
5304 287 547 310 567
5305 283 548 306 568
5306 283 549 306 569
5307 282 549 305 569
5308 282 557 305 577
5309 285 560 308 580
5310 283 561 306 581
5311 283 563 306 583
5312 282 565 305 585
5313 280 567 303 587
5314 282 568 305 588
5315 281 570 304 590
5316 278 570 301 590
5317 279 573 302 593
5318 277 574 300 594
5319 276 577 299 597
5320 276 579 299 599
5321 274 582 297 602
5322 275 583 298 603
5323 274 585 297 605
5324 273 587 296 607
5325 271 589 294 609
5326 272 593 295 613
5327 272 594 295 614
5328 272 595 295 615
5329 270 596 293 616
5330 270 599 293 619
5331 270 601 293 621
5332 269 602 292 622
5333 268 604 291 624
5334 269 605 292 625
5335 267 606 290 626
5336 268 609 291 629
5337 265 610 288 630
5338 265 612 288 632
5339 266 620 289 640
5340 265 620 288 640
5341 265 622 288 642
5342 263 624 286 644
5343 263 624 286 644
5344 262 626 285 646
5345 261 629 284 649
5346 260 630 283 650
5347 260 632 283 652
5348 259 633 282 653
5349 257 635 280 655
5350 257 637 280 657
5351 255 638 278 658
5352 259 642 282 662
5353 255 642 278 662
5354 254 644 277 664
5355 257 648 280 668
5356 254 649 277 669
5357 253 651 276 671
5358 252 652 275 672
5359 252 654 275 674
5360 252 657 275 677
5361 251 659 274 679
5362 249 661 272 681
5363 249 664 272 684
5364 249 665 272 685
5365 249 666 272 686
5366 249 669 272 689
5367 248 670 271 690
5368 248 672 271 692
5369 247 674 270 694
5370 247 676 270 696
5371 245 678 268 698
5372 246 683 269 703
5373 246 684 269 704
5374 246 686 269 706
5375 246 689 269 709
5376 245 690 268 710
5377 245 691 268 711
5378 244 694 267 714
5379 243 695 266 715
5380 243 697 266 717
5381 243 698 266 718
5382 242 699 265 719
5383 242 699 265 719
5384 241 699 264 719
