1301 836 60 862 93
1302 837 63 863 96
1303 837 66 863 99
1304 837 69 863 102
1305 837 71 863 104
1306 844 68 870 101
1307 844 73 870 106
1308 840 74 866 107
1309 840 77 866 110
1310 839 80 865 113
1311 841 85 867 118
1312 840 86 866 119
1313 849 87 875 120
1314 839 91 865 124
1315 839 92 865 125
1316 839 95 865 128
1317 838 97 864 130
1318 839 100 865 133
1319 840 103 866 136
1320 836 103 862 136
1321 840 108 866 141
1322 851 112 877 145
1323 835 111 861 144
1324 833 116 859 149
1325 833 118 859 151
1326 837 122 863 155
1327 838 125 864 158
1328 834 124 860 157
1329 837 131 863 164
1330 836 132 862 165
1331 832 132 858 165
1332 837 137 863 170
1333 832 139 858 172
1334 837 142 863 175
1335 836 143 862 176
1336 836 145 862 178
1337 836 146 862 179
1338 835 149 861 182
1339 835 150 861 183
1340 836 154 862 187
1341 834 154 860 187
1342 834 156 860 189
1343 834 158 860 191
1344 835 160 861 193
1345 840 162 866 195
1346 835 165 861 198
1347 832 167 858 200
1348 837 170 863 203
1349 835 172 861 205
1350 833 174 859 207
1351 835 178 861 211
1352 836 181 862 214
1353 833 181 859 214
1354 834 185 860 218
1355 835 188 861 221
1356 833 188 859 221
1357 836 193 862 226
1358 830 193 856 226
1359 830 196 856 229
1360 830 199 856 232
1361 830 200 856 233
1362 828 201 854 234
1363 829 204 855 237
1364 828 207 854 240
1365 827 209 853 242
1366 831 209 857 242
1367 828 214 854 247
1368 828 215 854 248
1369 829 218 855 251
1370 828 219 854 252
1371 828 219 854 252
1372 827 221 853 254
1373 828 223 854 256
1374 826 226 852 259
1375 830 228 856 261
1376 828 230 854 263
1377 829 233 855 266
1378 829 234 855 267
1379 828 236 854 269
1380 828 238 854 271
1381 825 239 851 272
1382 828 245 854 278
1383 829 244 855 277
1384 827 246 853 279
1385 826 248 852 281
1386 826 254 852 287
1387 826 255 852 288
1388 825 257 851 290
1389 824 256 850 289
1390 828 257 854 290
1391 827 261 853 294
1392 828 264 854 297
1393 826 266 852 299
1394 825 269 851 302
1395 829 274 855 307
1396 833 276 859 309
1397 832 278 858 311
1398 834 278 860 311
1399 834 280 860 313
1400 832 283 858 316
1401 833 287 859 320
1402 831 287 857 320
1403 831 288 857 321
1404 832 293 858 326
1405 831 293 857 326
1406 830 295 856 328
1407 829 298 855 331
1408 829 301 855 334
1409 828 305 854 338
1410 828 307 854 340
1411 830 305 856 338
1412 830 307 856 340
1413 829 308 855 341
1414 827 310 853 343
1415 828 312 854 345
1416 830 317 856 350
1417 827 318 853 351
1418 828 321 854 354
1419 826 323 852 356
1420 825 324 851 357
1421 825 326 851 359
1422 825 325 851 358
1423 825 333 851 366
1424 823 331 849 364
1425 828 335 854 368
1426 827 335 853 368
1427 826 338 852 371
1428 825 340 851 373
1429 826 343 852 376
1430 826 346 852 379
1431 823 346 849 379
1432 825 348 851 381
1433 824 351 850 384
1434 824 349 850 382
1435 823 353 849 386
1436 822 355 848 388
1437 823 358 849 391
1438 823 359 849 392
1439 824 360 850 393
1440 823 364 849 397
1441 823 365 849 398
1442 825 367 851 400
1443 825 369 851 402
1444 825 371 851 404
1445 823 374 849 407
1446 825 376 851 409
1447 824 378 850 411
1448 824 380 850 413
1449 821 380 847 413
1450 820 383 846 416
1451 820 385 846 418
1452 822 388 848 421
1453 820 390 846 423
1454 820 393 846 426
1455 821 395 847 428
1456 821 398 847 431
1457 820 401 846 434
1458 820 401 846 434
1459 820 403 846 436
1460 819 403 845 436
1461 820 407 846 440
1462 820 410 846 443
1463 820 414 846 447
1464 823 415 849 448
1465 819 414 845 447
1466 818 415 844 448
1467 819 419 845 452
1468 821 422 847 455
1469 820 421 846 454
1470 819 424 845 457
1471 817 426 843 459
1472 816 430 842 463
1473 818 431 844 464
1474 817 431 843 464
1475 817 431 843 464
1476 817 434 843 467
1477 817 437 843 470
1478 817 439 843 472
1479 818 444 844 477
1480 816 444 842 477
1481 819 447 845 480
1482 815 449 841 482
1483 814 452 840 485
1484 814 453 840 486
1485 813 455 839 488
1486 813 457 839 490
1487 815 461 841 494
1488 813 462 839 495
1489 814 465 840 498
1490 813 464 839 497
1491 813 467 839 500
1492 814 469 840 502
1493 812 471 838 504
1494 812 474 838 507
1495 812 478 838 511
1496 812 479 838 512
1497 812 480 838 513
1498 811 482 837 515
1499 812 484 838 517
1500 811 486 837 519
1501 810 487 836 520
1502 809 489 835 522
1503 808 491 834 524
1504 808 495 834 528
1505 807 495 833 528
1506 810 500 836 533
1507 811 500 837 533
1508 809 503 835 536
1509 808 505 834 538
1510 811 506 837 539
1511 810 509 836 542
1512 809 511 835 544
1513 807 513 833 546
1514 808 515 834 548
1515 808 517 834 550
1516 807 520 833 553
1517 803 521 829 554
1518 805 524 831 557
1519 804 525 830 558
1520 803 528 829 561
1521 803 530 829 563
1522 801 532 827 565
1523 802 535 828 568
1524 805 537 831 570
1525 803 540 829 573
1526 802 541 828 574
1527 802 544 828 577
1528 803 543 829 576
1529 799 548 825 581
1530 800 550 826 583
1531 798 552 824 585
1532 800 553 826 586
1533 798 554 824 587
1534 801 557 827 590
1535 799 559 825 592
1536 798 562 824 595
1537 797 563 823 596
1538 796 565 822 598
1539 795 567 821 600
1540 794 570 820 603
1541 793 572 819 605
1542 793 575 819 608
1543 793 577 819 610
1544 793 580 819 613
1545 792 580 818 613
1546 792 583 818 616
1547 792 585 818 618
1548 792 588 818 621
1549 791 587 817 620
1550 794 590 820 623
1551 793 593 819 626
1552 793 595 819 628
1553 791 597 817 630
1554 788 600 814 633
1555 788 601 814 634
1556 787 603 813 636
1557 786 607 812 640
1558 785 607 811 640
1559 785 611 811 644
1560 785 613 811 646
1561 785 616 811 649
1562 785 618 811 651
1563 785 621 811 654
1564 784 620 810 653
1565 782 622 808 655
1566 783 624 809 657
1567 782 626 808 659
1568 781 629 807 662
1569 780 631 806 664
1570 782 634 808 667
1571 781 636 807 669
1572 779 640 805 673
1573 780 640 806 673
1574 780 641 806 674
1575 779 640 805 673
1576 778 642 804 675
1577 778 648 804 681
1578 778 649 804 682
1579 778 655 804 688
1580 779 653 805 686
1581 779 657 805 690
1582 776 658 802 691
1583 774 660 800 693
1584 775 664 801 697
1585 772 665 798 698
1586 774 669 800 702
1587 772 672 798 705
1588 772 675 798 708
1589 772 674 798 707
1590 771 676 797 709
1591 772 679 798 712
1592 769 683 795 716
1593 770 684 796 717
1594 769 685 795 718
1595 768 686 794 719
1596 768 686 794 719
1597 766 686 792 719