358 633 45 665 72
359 632 45 664 72
360 635 49 667 76
361 632 51 664 78
362 636 52 668 79
363 635 56 667 83
364 634 56 666 83
365 641 46 673 73
366 636 52 668 79
367 630 54 662 81
368 635 57 667 84
369 637 64 669 91
370 636 64 668 91
371 636 68 668 95
372 636 71 668 98
373 637 73 669 100
374 637 76 669 103
375 638 77 670 104
376 639 79 671 106
377 640 78 672 105
378 639 90 671 117
379 630 78 662 105
380 635 81 667 108
381 637 89 669 116
382 636 87 668 114
383 642 92 674 119
384 640 94 672 121
385 641 96 673 123
386 637 97 669 124
387 642 97 674 124
388 642 99 674 126
389 643 103 675 130
390 645 103 677 130
391 644 101 676 128
392 646 109 678 136
393 645 109 677 136
394 646 113 678 140
395 648 114 680 141
396 650 119 682 146
397 650 122 682 149
398 651 124 683 151
399 651 128 683 155
400 651 129 683 156
401 651 133 683 160
402 654 143 686 170
403 651 134 683 161
404 655 142 687 169
405 655 147 687 174
406 652 146 684 173
407 652 147 684 174
408 653 152 685 179
409 657 156 689 183
410 654 156 686 183
411 656 160 688 187
412 659 163 691 190
413 659 165 691 192
414 660 168 692 195
415 660 171 692 198
416 662 174 694 201
417 663 174 695 201
418 663 177 695 204
419 664 177 696 204
420 664 180 696 207
421 666 186 698 213
422 668 188 700 215
423 667 192 699 219
424 667 192 699 219
425 667 196 699 223
426 670 201 702 228
427 671 198 703 225
428 669 199 701 226
429 671 204 703 231
430 671 210 703 237
431 673 213 705 240
432 674 215 706 242
433 674 214 706 241
434 674 217 706 244
435 675 226 707 253
436 680 229 712 256
437 675 231 707 258
438 677 231 709 258
439 676 237 708 264
440 678 235 710 262
441 679 240 711 267
442 681 244 713 271
443 680 242 712 269
444 680 245 712 272
445 682 243 714 270
446 682 250 714 277
447 683 255 715 282
448 683 259 715 286
449 683 259 715 286
450 684 262 716 289
451 685 264 717 291
452 685 267 717 294
453 685 273 717 300
454 687 272 719 299
455 686 270 718 297
456 686 276 718 303
457 688 276 720 303
458 688 279 720 306
459 689 282 721 309
460 689 288 721 315
461 690 291 722 318
462 689 291 721 318
463 693 296 725 323
464 692 301 724 328
465 693 303 725 330
466 695 305 727 332
467 696 309 728 336
468 696 312 728 339
469 696 316 728 343
470 696 319 728 346
471 698 321 730 348
472 699 323 731 350
473 694 325 726 352
474 701 328 733 355
475 701 331 733 358
476 702 335 734 362
477 702 337 734 364
478 695 338 727 365
479 695 341 727 368
480 695 344 727 371
481 701 345 733 372
482 702 348 734 375
483 702 350 734 377
484 703 353 735 380
485 704 357 736 384
486 704 358 736 385
487 705 362 737 389
488 705 365 737 392
489 705 368 737 395
490 705 369 737 396
491 708 370 740 397
492 708 374 740 401
493 708 376 740 403
494 708 379 740 406
495 709 382 741 409
496 709 385 741 412
497 709 387 741 414
498 709 387 741 414
499 708 390 740 417
500 710 393 742 420
501 711 396 743 423
502 710 401 742 428
503 710 403 742 430
504 711 406 743 433
505 712 411 744 438
506 713 414 745 441
507 714 415 746 442
508 715 419 747 446
509 715 422 747 449
510 716 425 748 452
511 716 428 748 455
512 717 432 749 459
513 719 432 751 459
514 719 436 751 463
515 718 439 750 466
516 718 442 750 469
517 720 442 752 469
518 720 448 752 475
519 720 451 752 478
520 720 451 752 478
521 723 459 755 486
522 722 462 754 489
523 723 467 755 494
524 723 469 755 496
525 724 466 756 493
526 722 475 754 502
527 722 476 754 503
528 723 477 755 504
529 723 480 755 507
530 724 485 756 512
531 712 495 744 522
532 718 493 750 520
533 731 485 763 512
534 733 488 765 515
535 732 492 764 519
536 732 495 764 522
537 733 497 765 524
538 735 501 767 528
539 732 503 764 530
540 734 507 766 534
541 733 509 765 536
542 734 511 766 538
543 736 514 768 541
544 735 516 767 543
545 734 520 766 547
546 736 523 768 550
547 737 525 769 552
548 738 528 770 555
549 738 531 770 558
550 739 534 771 561
551 740 537 772 564
552 741 539 773 566
553 741 543 773 570
554 741 546 773 573
555 741 549 773 576
556 742 551 774 578
557 743 555 775 582
558 743 558 775 585
559 744 560 776 587
560 744 564 776 591
561 744 567 776 594
562 746 570 778 597
563 745 573 777 600
564 748 576 780 603
565 747 578 779 605
566 749 582 781 609
567 750 585 782 612
568 748 586 780 613
569 750 590 782 617
570 750 593 782 620
571 749 596 781 623
572 751 600 783 627
573 752 604 784 631
574 753 606 785 633
575 752 609 784 636
576 753 611 785 638
577 753 616 785 643
578 754 617 786 644
579 754 620 786 647
580 754 624 786 651
581 754 625 786 652
582 754 629 786 656
583 753 632 785 659
584 753 635 785 662
585 756 637 788 664
586 755 641 787 668
587 751 633 777 658
588 747 635 774 657
589 751 638 777 659
590 748 636 774 661
591 749 639 779 664
592 754 644 779 667
593 745 642 778 670
594 747 648 778 674
595 751 653 780 677
596 750 652 779 680
597 752 655 779 680
598 751 660 775 683
599 752 659 781 689
600 750 666 782 691
601 752 671 780 696
602 750 673 780 698
603 753 674 780 699
604 752 678 786 701
605 750 678 781 705
606 749 680 786 709
607 746 687 782 713
608 744 688 780 711
609 755 690 783 714
610 750 690 778 715
611 776 685 804 710
