4433 955 23 984 51
4434 954 25 983 53
4435 953 28 982 56
4436 953 29 982 57
4437 952 31 981 59
4438 953 34 982 62
4439 950 36 979 64
4440 949 38 978 66
4441 947 39 976 67
4442 945 42 974 70
4443 944 45 973 73
4444 943 47 972 75
4445 942 47 971 75
4446 941 50 970 78
4447 940 53 969 81
4448 939 54 968 82
4449 937 56 966 84
4450 936 58 965 86
4451 935 60 964 88
4452 932 61 961 89
4453 934 63 963 91
4454 933 65 962 93
4455 930 66 959 94
4456 931 68 960 96
4457 930 71 959 99
4458 929 72 958 100
4459 928 74 957 102
4460 927 76 956 104
4461 925 78 954 106
4462 924 79 953 107
4463 924 82 953 110
4464 923 84 952 112
4465 920 85 949 113
4466 921 87 950 115
4467 920 89 949 117
4468 919 90 948 118
4469 918 91 947 119
4470 915 96 944 124
4471 916 96 945 124
4472 915 98 944 126
4473 915 99 944 127
4474 914 100 943 128
4475 913 103 942 131
4476 912 105 941 133
4477 912 108 941 136
4478 912 110 941 138
4479 910 113 939 141
4480 911 113 940 141
4481 908 116 937 144
4482 906 119 935 147
4483 901 115 930 143
4484 901 117 930 145
4485 901 120 930 148
4486 898 118 927 146
4487 893 120 922 148
4488 893 122 922 150
4489 893 124 922 152
4490 894 127 923 155
4491 895 129 924 157
4492 893 131 922 159
4493 894 134 923 162
4494 893 135 922 163
4495 896 138 925 166
4496 892 140 921 168
4497 889 141 918 169
4498 889 148 918 176
4499 883 143 912 171
4500 888 149 917 177
4501 883 148 912 176
4502 893 163 922 191
4503 884 151 913 179
4504 883 152 912 180
4505 885 156 914 184
4506 885 158 914 186
4507 881 157 910 185
4508 882 162 911 190
4509 882 164 911 192
4510 883 165 912 193
4511 880 165 909 193
4512 879 166 908 194
4513 878 169 907 197
4514 878 171 907 199
4515 877 174 906 202
4516 876 177 905 205
4517 876 177 905 205
4518 873 178 902 206
4519 873 178 902 206
4520 873 183 902 211
4521 870 182 899 210
4522 869 183 898 211
4523 871 185 900 213
4524 868 187 897 215
4525 867 189 896 217
4526 869 192 898 220
4527 868 194 897 222
4528 864 194 893 222
4529 862 196 891 224
4530 862 196 891 224
4531 861 198 890 226
4532 861 198 890 226
4533 857 202 886 230
4534 857 205 886 233
4535 857 207 886 235
4536 856 210 885 238
4537 857 212 886 240
4538 855 215 884 243
4539 855 217 884 245
4540 853 214 882 242
4541 854 216 883 244
4542 853 226 882 254
4543 852 230 881 258
4544 852 231 881 259
4545 852 235 881 263
4546 851 238 880 266
4547 848 225 877 253
4548 845 227 874 255
4549 845 230 874 258
4550 843 230 872 258
4551 841 233 870 261
4552 843 235 872 263
4553 840 237 869 265
4554 839 240 868 268
4555 840 242 869 270
4556 840 243 869 271
4557 839 245 868 273
4558 836 246 865 274
4559 835 248 864 276
4560 834 250 863 278
4561 834 254 863 282
4562 832 254 861 282
4563 831 253 860 281
4564 834 259 863 287
4565 833 260 862 288
4566 831 262 860 290
4567 830 265 859 293
4568 830 266 859 294
4569 831 271 860 299
4570 829 273 858 301
4571 829 277 858 305
4572 828 279 857 307
4573 820 275 849 303
4574 820 277 849 305
4575 820 279 849 307
4576 819 284 848 312
4577 820 284 849 312
4578 821 289 850 317
4579 818 286 847 314
4580 818 288 847 316
4581 817 291 846 319
4582 817 293 846 321
4583 816 296 845 324
4584 815 298 844 326
4585 815 301 844 329
4586 815 304 844 332
4587 814 305 843 333
4588 813 307 842 335
4589 812 310 841 338
4590 810 311 839 339
4591 810 313 839 341
4592 809 316 838 344
4593 806 317 835 345
4594 806 320 835 348
4595 804 321 833 349
4596 804 323 833 351
4597 804 325 833 353
4598 804 329 833 357
4599 803 334 832 362
4600 804 332 833 360
4601 804 334 833 362
4602 802 336 831 364
4603 802 337 831 365
4604 802 340 831 368
4605 801 343 830 371
4606 800 343 829 371
4607 800 346 829 374
4608 798 347 827 375
4609 798 351 827 379
4610 797 353 826 381
4611 798 355 827 383
4612 798 357 827 385
4613 794 357 823 385
4614 794 361 823 389
4615 794 361 823 389
4616 795 364 824 392
4617 794 367 823 395
4618 793 370 822 398
4619 785 364 814 392
4620 785 366 814 394
4621 785 368 814 396
4622 785 371 814 399
4623 785 372 814 400
4624 786 376 815 404
4625 786 379 815 407
4626 784 381 813 409
4627 783 382 812 410
4628 783 385 812 413
4629 782 387 811 415
4630 784 390 813 418
4631 783 393 812 421
4632 784 394 813 422
4633 779 392 805 414
4634 780 389 805 413
4635 774 395 802 419
4636 767 391 799 421
4637 767 395 795 423
4638 771 400 799 423
4639 771 398 799 426
4640 771 405 796 428
4641 769 404 794 429
4642 763 405 796 431
4643 766 404 793 428
4644 764 408 791 432
4645 765 409 790 437
4646 760 406 793 442
4647 757 410 795 438
4648 759 416 791 443
4649 762 416 787 448
4650 761 420 788 449
4651 761 423 788 452
4652 761 425 788 454
4653 762 427 789 456
4654 761 429 788 458
4655 762 431 789 460
4656 758 432 785 461
4657 758 433 785 462
4658 757 437 784 466
4659 756 436 783 465
4660 755 442 782 471
4661 755 443 782 472
4662 755 446 782 475
4663 755 449 782 478
4664 754 451 781 480
4665 754 454 781 483
4666 753 457 780 486
4667 753 451 771 476
4668 747 450 776 483
4669 750 451 775 481
4670 749 456 772 482
4671 744 452 771 481
4672 744 456 771 485
4673 745 458 772 487
4674 743 458 770 487
4675 742 460 769 489
4676 744 465 771 494
4677 744 469 771 498
4678 743 471 770 500
4679 744 473 771 502
4680 742 477 769 506
4681 742 482 769 511
4682 738 480 765 509
4683 738 483 765 512
4684 739 486 766 515
4685 737 489 764 518
4686 736 490 763 519
4687 727 475 754 504
4688 727 480 754 509
4689 728 483 755 512
4690 728 487 755 516
4691 727 489 754 518
4692 725 494 752 523
4693 725 499 752 528
4694 722 496 749 525
4695 724 505 751 534
4696 725 506 752 535
4697 724 508 751 537
4698 724 513 751 542
4699 717 504 743 534
4700 719 509 743 535
4701 719 510 739 534
4702 714 507 743 538
4703 713 512 741 539
4704 717 511 738 542
4705 712 513 737 540
4706 711 512 738 540
4707 708 512 738 541
4708 706 513 734 542
4709 708 517 734 544
4710 704 521 735 551
4711 704 525 733 557
4712 704 528 733 560
4713 702 529 731 561
4714 702 532 731 564
4715 702 533 731 565
4716 701 537 730 569
4717 700 540 729 572
4718 700 541 729 573
4719 701 544 730 576
4720 701 545 730 577
4721 700 551 729 583
4722 699 552 728 584
4723 700 554 729 586
4724 690 545 717 574
4725 689 544 716 575
4726 689 544 713 575
4727 689 549 714 575
4728 683 549 711 581
4729 687 551 712 579
4730 690 553 711 578
4731 687 556 709 582
4732 685 554 710 586
4733 685 555 710 586
4734 682 559 707 587
4735 683 561 709 591
4736 682 563 708 593
4737 682 565 708 595
4738 680 567 706 597
4739 679 569 705 599
4740 679 571 705 601
4741 678 573 704 603
4742 678 575 704 605
4743 676 576 702 606
4744 675 580 701 610
4745 676 583 702 613
4746 676 585 702 615
4747 675 588 701 618
4748 674 590 700 620
4749 673 592 699 622
4750 673 595 699 625
4751 672 598 698 628
4752 675 599 701 629
4753 672 605 698 635
4754 673 604 699 634
4755 674 606 700 636
4756 674 610 700 640
4757 670 612 696 642
4758 667 613 693 643
4759 663 607 689 637
4760 667 610 693 640
4761 664 618 690 648
4762 663 613 689 643
4763 662 616 688 646
4764 661 618 687 648
4765 660 619 686 649
4766 661 623 687 653
4767 660 624 686 654
4768 659 626 685 656
4769 658 628 684 658
4770 656 628 682 658
4771 655 629 681 659
4772 653 630 679 660
4773 653 634 679 664
4774 653 639 679 669
4775 651 637 677 667
4776 650 640 676 670
4777 649 643 675 673
4778 649 645 675 675
4779 648 645 674 675
4780 648 648 674 678
4781 649 651 675 681
4782 650 653 676 683
4783 649 656 675 686
4784 649 659 675 689
4785 648 662 674 692
4786 649 667 675 697
4787 645 663 671 693
4788 642 660 668 690
4789 640 662 666 692
4790 640 664 666 694
4791 639 667 665 697
4792 640 669 666 699
4793 638 671 664 701
4794 636 671 662 701
4795 635 674 661 704
4796 634 676 660 706
4797 633 677 659 707
4798 632 678 658 708
4799 632 680 658 710
4800 630 682 656 712
4801 629 681 655 711
4802 628 685 654 715
4803 627 688 653 718
4804 628 688 654 718
4805 627 689 653 719
4806 627 689 653 719
4807 625 689 651 719
4808 624 689 650 719
4809 624 689 650 719
4810 623 689 649 719
4811 623 689 649 719
4812 620 689 646 719
4813 618 689 644 719