5382 645 5 672 30
5383 644 8 671 33
5384 644 10 671 35
5385 646 12 673 37
5386 645 14 672 39
5387 645 17 672 42
5388 645 20 672 45
5389 645 23 672 48
5390 643 25 670 50
5391 644 27 671 52
5392 643 29 670 54
5393 642 32 669 57
5394 642 33 669 58
5395 642 36 669 61
5396 642 38 669 63
5397 641 40 668 65
5398 642 43 669 68
5399 643 47 670 72
5400 640 48 667 73
5401 640 52 667 77
5402 641 53 668 78
5403 641 56 668 81
5404 638 58 665 83
5405 638 61 665 86
5406 638 63 665 88
5407 640 66 667 91
5408 638 68 665 93
5409 637 70 664 95
5410 636 71 663 96
5411 636 72 663 97
5412 636 76 663 101
5413 635 77 662 102
5414 635 81 662 106
5415 634 82 661 107
5416 634 85 661 110
5417 635 88 662 113
5418 632 91 659 116
5419 633 93 660 118
5420 633 94 660 119
5421 632 97 659 122
5422 632 100 659 125
5423 632 102 659 127
5424 632 103 659 128
5425 632 107 659 132
5426 631 110 658 135
5427 630 112 657 137
5428 630 114 657 139
5429 630 116 657 141
5430 630 119 657 144
5431 629 122 656 147
5432 629 124 656 149
5433 629 127 656 152
5434 628 128 655 153
5435 627 131 654 156
5436 626 133 653 158
5437 626 135 653 160
5438 626 138 653 163
5439 625 141 652 166
5440 625 143 652 168
5441 624 146 651 171
5442 623 148 650 173
5443 623 151 650 176
5444 623 153 650 178
5445 623 155 650 180
5446 623 158 650 183
5447 622 160 649 185
5448 621 162 648 187
5449 621 165 648 190
5450 620 167 647 192
5451 620 169 647 194
5452 619 171 646 196
5453 619 174 646 199
5454 617 176 644 201
5455 618 178 645 203
5456 617 181 644 206
5457 617 183 644 208
5458 617 185 644 210
5459 615 187 642 212
5460 617 190 644 215
5461 615 192 642 217
5462 615 194 642 219
5463 615 197 642 222
5464 614 199 641 224
5465 613 201 640 226
5466 613 203 640 228
5467 612 205 639 230
5468 613 207 640 232
5469 612 209 639 234
5470 611 212 638 237
5471 610 214 637 239
5472 610 217 637 242
5473 609 218 636 243
5474 608 220 635 245
5475 608 222 635 247
5476 607 225 634 250
5477 607 227 634 252
5478 606 229 633 254
5479 606 230 633 255
5480 605 233 632 258
5481 605 236 632 261
5482 605 238 632 263
5483 604 240 631 265
5484 603 243 630 268
5485 602 245 629 270
5486 602 248 629 273
5487 602 250 629 275
5488 601 252 628 277
5489 601 254 628 279
5490 600 256 627 281
5491 601 257 628 282
5492 600 258 627 283
5493 599 260 626 285
5494 599 263 626 288
5495 598 264 625 289
5496 598 266 625 291
5497 597 269 624 294
5498 596 272 623 297
5499 595 273 622 298
5500 594 275 621 300
5501 593 278 620 303
5502 593 280 620 305
5503 592 283 619 308
5504 591 284 618 309
5505 590 286 617 311
5506 591 289 618 314
5507 590 291 617 316
5508 589 294 616 319
5509 589 295 616 320
5510 588 297 615 322
5511 588 299 615 324
5512 587 303 614 328
5513 585 303 612 328
5514 586 307 613 332
5515 585 309 612 334
5516 584 313 611 338
5517 584 314 611 339
5518 583 316 610 341
5519 582 319 609 344
5520 581 320 608 345
5521 581 323 608 348
5522 580 325 607 350
5523 580 327 607 352
5524 580 329 607 354
5525 579 333 606 358
5526 578 334 605 359
5527 578 337 605 362
5528 576 338 603 363
5529 576 340 603 365
5530 575 343 602 368
5531 576 345 603 370
5532 574 347 601 372
5533 575 350 602 375
5534 574 352 601 377
5535 575 355 602 380
5536 573 357 600 382
5537 572 359 599 384
5538 573 363 600 388
5539 571 365 598 390
5540 570 367 597 392
5541 569 369 596 394
5542 569 372 596 397
5543 568 374 595 399
5544 569 378 596 403
5545 568 378 595 403
5546 567 382 594 407
5547 566 384 593 409
5548 566 387 593 412
5549 566 389 593 414
5550 566 392 593 417
5551 565 393 592 418
5552 564 395 591 420
5553 564 398 591 423
5554 564 400 591 425
5555 564 403 591 428
5556 563 405 590 430
5557 561 406 588 431
5558 561 409 588 434
5559 561 411 588 436
5560 561 414 588 439
5561 560 416 587 441
5562 560 419 587 444
5563 559 422 586 447
5564 558 423 585 448
5565 557 426 584 451
5566 558 429 585 454
5567 556 431 583 456
5568 557 434 584 459
5569 556 437 583 462
5570 556 438 583 463
5571 556 440 583 465
5572 556 443 583 468
5573 556 446 583 471
5574 555 448 582 473
5575 554 451 581 476
5576 554 453 581 478
5577 554 456 581 481
5578 554 457 581 482
5579 551 459 578 484
5580 552 460 579 485
5581 550 463 577 488
5582 550 466 577 491
5583 551 468 578 493
5584 549 470 576 495
5585 550 473 577 498
5586 549 476 576 501
5587 549 478 576 503
5588 549 480 576 505
5589 548 483 575 508
5590 547 485 574 510
5591 547 487 574 512
5592 547 489 574 514
5593 547 492 574 517
5594 546 494 573 519
5595 545 496 572 521
5596 544 499 571 524
5597 545 502 572 527
5598 545 505 572 530
5599 543 506 570 531
5600 541 509 568 534
5601 540 511 567 536
5602 540 513 567 538
5603 540 516 567 541
5604 540 517 567 542
5605 538 520 565 545
5606 539 522 566 547
5607 539 525 566 550
5608 538 527 565 552
5609 537 530 564 555
5610 538 532 565 557
5611 536 534 563 559
5612 535 537 562 562
5613 535 538 562 563
5614 535 540 562 565
5615 534 542 561 567
5616 531 543 558 568
5617 532 548 559 573
5618 530 548 557 573
5619 529 551 556 576
5620 530 554 557 579
5621 529 557 556 582
5622 528 559 555 584
5623 528 560 555 585
5624 527 563 554 588
5625 526 566 553 591
5626 527 568 554 593
5627 526 570 553 595
5628 527 571 554 596
5629 526 574 553 599
5630 525 577 552 602
5631 524 577 551 602
5632 525 580 552 605
5633 524 583 551 608
5634 523 585 550 610
5635 522 588 549 613
5636 518 591 545 616
5637 522 591 549 616
5638 525 598 552 623
5639 526 603 553 628
5640 517 599 544 624
5641 515 604 542 629
5642 514 607 541 632
5643 515 608 542 633
5644 517 604 544 629
5645 515 601 543 631
5646 519 607 546 632
5647 521 604 544 630
5648 520 612 544 633
5649 518 614 547 636
5650 518 612 541 636
5651 513 615 543 642
5652 518 619 543 639
5653 516 619 540 645
5654 516 624 541 646
5655 515 622 541 648
5656 516 628 539 651
5657 511 635 538 652
5658 509 632 540 658
5659 515 636 540 661
5660 512 636 538 664
5661 512 638 537 662
5662 511 640 539 665
5663 510 637 538 673
5664 510 642 542 668
5665 514 644 538 669
5666 508 649 543 674
5667 514 651 536 674
5668 513 655 537 677
5669 512 655 539 676
5670 510 656 542 682
5671 509 665 535 688
5672 508 666 534 689
5673 508 668 534 691
5674 507 670 533 693
5675 506 670 532 693
5676 506 671 532 694
5677 505 674 531 697
5678 505 675 531 698
5679 505 678 531 701
5680 506 680 532 703
5681 506 682 532 705
5682 506 686 532 709
5683 507 688 533 711
5684 508 690 534 713
5685 509 693 535 716
5686 509 695 535 718
5687 509 696 535 719
5688 507 696 533 719
5689 504 696 530 719
