5545 805 55 840 87
5546 805 59 840 91
5547 804 60 839 92
5548 804 63 839 95
5549 803 66 838 98
5550 803 68 838 100
5551 802 70 837 102
5552 802 72 837 104
5553 802 74 837 106
5554 801 76 836 108
5555 801 78 836 110
5556 801 80 836 112
5557 800 82 835 114
5558 800 84 835 116
5559 798 86 833 118
5560 798 89 833 121
5561 798 91 833 123
5562 798 93 833 125
5563 797 96 832 128
5564 796 99 831 131
5565 796 101 831 133
5566 796 105 831 137
5567 796 105 831 137
5568 795 107 830 139
5569 795 112 830 144
5570 795 112 830 144
5571 794 115 829 147
5572 793 118 828 150
5573 793 121 828 153
5574 793 123 828 155
5575 792 124 827 156
5576 792 127 827 159
5577 791 129 826 161
5578 791 129 826 161
5579 791 132 826 164
5580 791 135 826 167
5581 790 137 825 169
5582 789 138 824 170
5583 788 141 823 173
5584 789 144 824 176
5585 788 146 823 178
5586 788 148 823 180
5587 787 152 822 184
5588 786 154 821 186
5589 786 157 821 189
5590 786 159 821 191
5591 785 161 820 193
5592 784 164 819 196
5593 784 167 819 199
5594 783 170 818 202
5595 782 173 817 205
5596 782 172 817 204
5597 781 174 816 206
5598 781 177 816 209
5599 780 180 815 212
5600 780 183 815 215
5601 780 184 815 216
5602 779 185 814 217
5603 779 189 814 221
5604 779 189 814 221
5605 779 191 814 223
5606 778 194 813 226
5607 777 197 812 229
5608 777 200 812 232
5609 776 201 811 233
5610 776 203 811 235
5611 775 206 810 238
5612 775 207 810 239
5613 775 210 810 242
5614 774 212 809 244
5615 775 212 810 244
5616 774 214 809 246
5617 773 217 808 249
5618 772 219 807 251
5619 772 222 807 254
5620 771 225 806 257
5621 771 228 806 260
5622 771 230 806 262
5623 771 231 806 263
5624 770 234 805 266
5625 771 234 806 266
5626 769 238 804 270
5627 770 239 805 271
5628 770 241 805 273
5629 769 241 804 273
5630 769 243 804 275
5631 768 245 803 277
5632 768 248 803 280
5633 768 250 803 282
5634 767 252 802 284
5635 767 255 802 287
5636 766 257 801 289
5637 766 259 801 291
5638 766 260 801 292
5639 766 263 801 295
5640 765 264 800 296
5641 765 266 800 298
5642 765 269 800 301
5643 765 272 800 304
5644 764 272 799 304
5645 764 274 799 306
5646 763 279 798 311
5647 763 280 798 312
5648 763 281 798 313
5649 762 283 797 315
5650 762 286 797 318
5651 762 286 797 318
5652 762 289 797 321
5653 762 292 797 324
5654 762 292 797 324
5655 762 294 797 326
5656 762 296 797 328
5657 761 297 796 329
5658 761 299 796 331
5659 761 302 796 334
5660 761 303 796 335
5661 761 304 796 336
5662 761 307 796 339
5663 761 308 796 340
5664 760 311 795 343
5665 760 313 795 345
5666 760 315 795 347
5667 759 316 794 348
5668 759 319 794 351
5669 759 322 794 354
5670 759 324 794 356
5671 760 327 795 359
5672 759 329 794 361
5673 759 331 794 363
5674 758 331 793 363
5675 759 334 794 366
5676 760 334 795 366
5677 761 336 796 368
5678 758 338 793 370
5679 760 339 795 371
5680 759 341 794 373
5681 759 341 794 373
5682 758 343 793 375
5683 758 344 793 376
5684 758 347 793 379
5685 758 348 793 380
5686 757 349 792 381
5687 757 352 792 384
5688 756 354 791 386
5689 756 357 791 389
5690 755 359 790 391
5691 755 362 790 394
5692 755 361 790 393
5693 756 364 791 396
5694 756 366 791 398
5695 755 369 790 401
5696 756 370 791 402
5697 755 372 790 404
5698 754 375 789 407
5699 755 375 790 407
5700 755 377 790 409
5701 755 380 790 412
5702 755 381 790 413
5703 753 384 788 416
5704 753 384 788 416
5705 754 386 789 418
5706 753 389 788 421
5707 753 390 788 422
5708 751 393 786 425
5709 753 396 788 428
5710 753 397 788 429
5711 752 398 787 430
5712 752 401 787 433
5713 754 406 789 438
5714 752 404 787 436
5715 752 407 787 439
5716 751 410 786 442
5717 751 413 786 445
5718 750 414 785 446
5719 752 413 787 445
5720 752 415 787 447
5721 751 417 786 449
5722 751 418 786 450
5723 749 421 784 453
5724 749 423 784 455
5725 751 424 786 456
5726 750 426 785 458
5727 749 429 784 461
5728 749 431 784 463
5729 748 433 783 465
5730 748 435 783 467
5731 747 438 782 470
5732 746 441 781 473
5733 744 443 779 475
5734 745 445 780 477
5735 745 446 780 478
5736 744 448 779 480
5737 744 451 779 483
5738 743 454 778 486
5739 746 455 781 487
5740 745 457 780 489
5741 745 459 780 491
5742 745 461 780 493
5743 743 464 778 496
5744 748 465 783 497
5745 745 467 780 499
5746 745 470 780 502
5747 745 473 780 505
5748 744 476 779 508
5749 744 479 779 511
5750 743 482 778 514
5751 740 482 775 514
5752 741 487 776 519
5753 740 482 775 514
5754 740 485 775 517
5755 739 487 774 519
5756 739 489 774 521
5757 738 492 773 524
5758 739 493 774 525
5759 739 495 774 527
5760 738 498 773 530
5761 737 501 772 533
5762 736 503 771 535
5763 736 506 771 538
5764 736 508 771 540
5765 735 510 770 542
5766 734 513 769 545
5767 734 515 769 547
5768 733 518 768 550
5769 733 521 768 553
5770 732 523 767 555
5771 731 526 766 558
5772 730 529 765 561
5773 731 531 766 563
5774 731 531 766 563
5775 729 535 764 567
5776 728 537 763 569
5777 728 541 763 573
5778 728 542 763 574
5779 728 546 763 578
5780 727 550 762 582
5781 727 553 762 585
5782 725 555 760 587
5783 724 558 759 590
5784 724 560 759 592
5785 723 562 758 594
5786 717 551 745 576
5787 722 550 745 583
5788 719 556 747 581
5789 724 558 744 582
5790 722 559 746 585
5791 720 563 743 587
5792 723 565 746 592
5793 720 566 744 595
5794 715 565 743 596
5795 718 569 742 602
5796 719 572 742 598
5797 719 572 745 604
5798 715 583 738 609
5799 715 586 738 612
5800 716 587 739 613
5801 717 592 740 618
5802 716 595 739 621
5803 714 596 737 622
5804 714 602 737 628
5805 713 606 736 632
5806 711 609 734 635
5807 711 612 734 638
5808 717 604 738 630
5809 713 605 742 634
5810 710 603 735 631
5811 705 606 737 633
5812 713 609 735 640
5813 710 613 733 640
5814 711 612 736 643
5815 712 617 734 646
5816 713 616 734 644
5817 708 619 737 648
5818 711 624 737 652
5819 711 627 737 655
5820 711 629 737 657
5821 711 632 737 660
5822 709 635 735 663
5823 708 637 734 665
5824 708 641 734 669
5825 707 644 733 672
5826 708 646 734 674
5827 707 648 733 676
5828 705 652 731 680
5829 707 650 733 678
5830 707 655 733 683
5831 706 655 732 683
5832 707 657 733 685
5833 705 661 731 689
5834 705 662 731 690
5835 703 666 729 694
5836 704 665 730 693
5837 704 669 730 697
5838 703 672 729 700
5839 702 674 728 702
5840 703 676 729 704
5841 702 679 728 707
5842 701 682 727 710
5843 700 685 726 713
5844 702 686 728 714
5845 702 688 728 716
5846 703 688 729 716
5847 702 691 728 719
5848 703 691 729 719
5849 702 691 728 719
5850 702 691 728 719
5851 700 691 726 719
