5611 1180 50 1216 80
5612 1180 53 1216 83
5613 1180 56 1216 86
5614 1180 59 1216 89
5615 1180 62 1216 92
5616 1180 65 1216 95
5617 1180 67 1216 97
5618 1179 70 1215 100
5619 1179 73 1215 103
5620 1180 75 1216 105
5621 1179 77 1215 107
5622 1178 79 1214 109
5623 1178 82 1214 112
5624 1177 87 1213 117
5625 1178 89 1214 119
5626 1177 91 1213 121
5627 1178 93 1214 123
5628 1179 94 1215 124
5629 1177 95 1213 125
5630 1177 98 1213 128
5631 1176 101 1212 131
5632 1174 104 1210 134
5633 1173 107 1209 137
5634 1181 114 1217 144
5635 1173 114 1209 144
5636 1175 116 1211 146
5637 1176 121 1212 151
5638 1174 123 1210 153
5639 1177 126 1213 156
5640 1174 130 1210 160
5641 1178 133 1214 163
5642 1176 136 1212 166
5643 1175 138 1211 168
5644 1176 140 1212 170
5645 1177 144 1213 174
5646 1177 147 1213 177
5647 1175 150 1211 180
5648 1177 149 1213 179
5649 1176 152 1212 182
5650 1173 155 1209 185
5651 1174 157 1210 187
5652 1174 159 1210 189
5653 1173 162 1209 192
5654 1173 164 1209 194
5655 1173 166 1209 196
5656 1172 169 1208 199
5657 1172 170 1208 200
5658 1171 174 1207 204
5659 1172 177 1208 207
5660 1172 179 1208 209
5661 1172 181 1208 211
5662 1172 184 1208 214
5663 1172 187 1208 217
5664 1172 189 1208 219
5665 1172 192 1208 222
5666 1173 194 1209 224
5667 1172 197 1208 227
5668 1175 201 1211 231
5669 1175 202 1211 232
5670 1176 205 1212 235
5671 1176 207 1212 237
5672 1175 209 1211 239
5673 1175 214 1211 244
5674 1174 214 1210 244
5675 1175 216 1211 246
5676 1174 221 1210 251
5677 1174 220 1210 250
5678 1173 222 1209 252
5679 1174 225 1210 255
5680 1174 227 1210 257
5681 1174 231 1210 261
5682 1176 236 1212 266
5683 1179 239 1215 269
5684 1179 244 1215 274
5685 1170 238 1198 264
5686 1169 245 1203 268
5687 1167 246 1199 274
5688 1169 246 1200 269
5689 1171 244 1211 274
5690 1168 240 1198 276
5691 1169 245 1200 275
5692 1172 252 1199 278
5693 1170 254 1196 281
5694 1173 262 1202 283
5695 1170 258 1200 291
5696 1170 259 1195 284
5697 1170 258 1197 288
5698 1172 264 1196 291
5699 1170 264 1202 288
5700 1171 266 1197 293
5701 1166 265 1199 301
5702 1166 267 1199 303
5703 1165 268 1198 304
5704 1163 272 1196 308
5705 1163 275 1196 311
5706 1162 278 1195 314
5707 1163 281 1196 317
5708 1161 283 1194 319
5709 1159 284 1192 320
5710 1159 289 1192 325
5711 1159 292 1192 328
5712 1158 295 1191 331
5713 1158 298 1191 334
5714 1158 303 1191 339
5715 1158 306 1191 342
5716 1155 306 1188 342
5717 1153 308 1186 344
5718 1155 311 1188 347
5719 1152 315 1185 351
5720 1156 317 1189 353
5721 1155 324 1188 360
5722 1155 326 1188 362
5723 1152 328 1185 364
5724 1152 331 1185 367
5725 1153 335 1186 371
5726 1155 341 1188 377
5727 1154 341 1187 377
5728 1151 345 1184 381
5729 1152 349 1185 385
5730 1151 351 1184 387
5731 1149 353 1182 389
5732 1149 356 1182 392
5733 1149 360 1182 396
5734 1149 362 1182 398
5735 1149 366 1182 402
5736 1149 369 1182 405
5737 1149 372 1182 408
5738 1149 377 1182 413
5739 1149 380 1182 416
5740 1152 382 1185 418
5741 1150 386 1183 422
5742 1150 389 1183 425
5743 1150 392 1183 428
5744 1149 395 1182 431
5745 1150 398 1183 434
5746 1150 401 1183 437
5747 1151 405 1184 441
5748 1150 408 1183 444
5749 1149 411 1182 447
5750 1150 414 1183 450
5751 1150 416 1183 452
5752 1148 420 1181 456
5753 1149 423 1182 459
5754 1151 426 1184 462
5755 1150 428 1183 464
5756 1150 431 1183 467
5757 1152 434 1185 470
5758 1150 437 1183 473
5759 1150 439 1183 475
5760 1149 443 1182 479
5761 1149 446 1182 482
5762 1149 450 1182 486
5763 1147 451 1180 487
5764 1149 457 1182 493
5765 1149 459 1182 495
5766 1146 458 1179 494
5767 1146 461 1179 497
5768 1146 464 1179 500
5769 1145 471 1178 507
5770 1147 478 1180 514
5771 1146 481 1179 517
5772 1147 484 1180 520
5773 1147 488 1180 524
5774 1147 492 1180 528
5775 1146 495 1179 531
5776 1146 498 1179 534
5777 1146 502 1179 538
5778 1145 505 1178 541
5779 1146 509 1179 545
5780 1145 512 1178 548
5781 1143 517 1176 553
5782 1141 520 1174 556
5783 1142 524 1175 560
5784 1142 528 1175 564
5785 1141 531 1174 567
5786 1141 534 1174 570
5787 1140 538 1173 574
5788 1140 541 1173 577
5789 1139 545 1172 581
5790 1140 548 1173 584
5791 1140 552 1173 588
5792 1133 529 1171 557
5793 1132 532 1170 560
5794 1132 535 1170 563
5795 1131 539 1169 567
5796 1131 543 1169 571
5797 1132 549 1170 577
5798 1132 552 1170 580
5799 1131 556 1169 584
5800 1130 561 1168 589
5801 1130 564 1168 592
5802 1128 568 1166 596
5803 1128 571 1166 599
5804 1127 577 1165 605
5805 1128 579 1166 607
5806 1127 584 1165 612
5807 1127 589 1165 617
5808 1126 592 1164 620
5809 1126 596 1164 624
5810 1127 601 1165 629
5811 1126 604 1164 632
5812 1126 608 1164 636
5813 1126 612 1164 640
5814 1126 615 1164 643
5815 1126 619 1164 647
5816 1127 624 1165 652
5817 1125 627 1163 655
5818 1125 631 1163 659
5819 1124 636 1162 664
5820 1124 640 1162 668
5821 1120 603 1148 632
5822 1120 604 1148 633
5823 1120 607 1148 636
5824 1118 612 1146 641
5825 1118 615 1146 644
5826 1117 618 1145 647
5827 1119 623 1147 652
5828 1119 626 1147 655
5829 1119 634 1147 663
5830 1119 636 1147 665
5831 1117 638 1145 667
5832 1118 642 1146 671
5833 1122 650 1150 679
5834 1121 655 1149 684
5835 1121 658 1149 687
5836 1121 662 1149 691
5837 1125 668 1153 697
5838 1124 671 1152 700
5839 1124 676 1152 705
5840 1124 678 1152 707
5841 1123 681 1151 710
5842 1123 684 1151 713
5843 1123 688 1151 717
5844 1122 690 1150 719
5845 1135 685 1163 714
5846 1142 676 1170 705
5847 1142 679 1170 708
5848 1142 682 1170 711
5849 1144 683 1172 712
5850 1143 688 1171 717
5851 1142 690 1170 719
5852 1144 690 1172 719