1230 1060 357 1087 381
1231 1059 359 1086 383
1232 1058 362 1085 386
1233 1059 364 1086 388
1234 1059 367 1086 391
1235 1059 370 1086 394
1236 1058 372 1085 396
1237 1059 374 1086 398
1238 1059 376 1086 400
1239 1059 378 1086 402
1240 1059 378 1086 402
1241 1059 383 1086 407
1242 1059 384 1086 408
1243 1058 386 1085 410
1244 1058 388 1085 412
1245 1058 390 1085 414
1246 1058 392 1085 416
1247 1060 393 1087 417
1248 1059 395 1086 419
1249 1061 397 1088 421
1250 1061 400 1088 424
1251 1061 401 1088 425
1252 1061 403 1088 427
1253 1061 405 1088 429
1254 1061 406 1088 430
1255 1061 410 1088 434
1256 1061 411 1088 435
1257 1062 413 1089 437
1258 1062 415 1089 439
1259 1062 416 1089 440
1260 1063 418 1090 442
1261 1062 421 1089 445
1262 1062 421 1089 445
1263 1061 424 1088 448
1264 1062 426 1089 450
1265 1063 428 1090 452
1266 1063 429 1090 453
1267 1062 433 1089 457
1268 1063 434 1090 458
1269 1062 436 1089 460
1270 1063 437 1090 461
1271 1062 440 1089 464
1272 1062 443 1089 467
1273 1063 444 1090 468
1274 1063 447 1090 471
1275 1064 448 1091 472
1276 1064 449 1091 473
1277 1064 452 1091 476
1278 1064 453 1091 477
1279 1065 455 1092 479
1280 1065 457 1092 481
1281 1066 459 1093 483
1282 1066 461 1093 485
1283 1066 463 1093 487
1284 1065 465 1092 489
1285 1067 466 1094 490
1286 1067 468 1094 492
1287 1067 470 1094 494
1288 1067 472 1094 496
1289 1068 474 1095 498
1290 1067 476 1094 500
1291 1066 479 1093 503
1292 1067 480 1094 504
1293 1066 482 1093 506
1294 1068 484 1095 508
1295 1067 487 1094 511
1296 1068 489 1095 513
1297 1067 489 1094 513
1298 1067 492 1094 516
1299 1067 494 1094 518
1300 1067 496 1094 520
1301 1067 498 1094 522
1302 1067 501 1094 525
1303 1067 503 1094 527
1304 1067 505 1094 529
1305 1067 507 1094 531
1306 1067 509 1094 533
1307 1067 511 1094 535
1308 1067 514 1094 538
1309 1067 516 1094 540
1310 1067 517 1094 541
1311 1067 520 1094 544
1312 1067 521 1094 545
1313 1068 523 1095 547
1314 1069 525 1096 549
1315 1069 525 1096 549
1316 1070 530 1097 554
1317 1070 532 1097 556
1318 1070 533 1097 557
1319 1071 535 1098 559
1320 1071 536 1098 560
1321 1071 539 1098 563
1322 1070 539 1097 563
1323 1072 541 1099 565
1324 1070 544 1097 568
1325 1071 546 1098 570
1326 1071 548 1098 572
1327 1071 549 1098 573
1328 1070 549 1097 573
1329 1071 553 1098 577
1330 1071 556 1098 580
1331 1070 558 1097 582
1332 1070 560 1097 584
1333 1071 560 1098 584
1334 1071 564 1098 588
1335 1071 564 1098 588
1336 1071 566 1098 590
1337 1071 569 1098 593
1338 1071 572 1098 596
1339 1071 573 1098 597
1340 1072 576 1099 600
1341 1071 578 1098 602
1342 1073 580 1100 604
1343 1072 582 1099 606
1344 1073 584 1100 608
1345 1072 586 1099 610
1346 1073 588 1100 612
1347 1073 590 1100 614
1348 1073 592 1100 616
1349 1073 592 1100 616
1350 1072 596 1099 620
1351 1074 598 1101 622
1352 1074 600 1101 624
1353 1075 600 1102 624
1354 1076 600 1103 624
1355 1076 602 1103 626
1356 1075 604 1102 628
1357 1076 606 1103 630
1358 1076 608 1103 632
1359 1077 609 1104 633
1360 1078 611 1105 635
1361 1078 614 1105 638
1362 1078 614 1105 638
1363 1078 618 1105 642
1364 1078 619 1105 643
1365 1079 620 1106 644
1366 1079 622 1106 646
1367 1079 624 1106 648
1368 1079 627 1106 651
1369 1079 629 1106 653
1370 1079 631 1106 655
1371 1079 633 1106 657
1372 1080 635 1107 659
1373 1080 638 1107 662
1374 1080 640 1107 664
1375 1079 639 1106 663
1376 1080 642 1107 666
1377 1080 643 1107 667
1378 1079 645 1106 669
1379 1079 647 1106 671
1380 1079 650 1106 674
1381 1080 651 1107 675
1382 1080 653 1107 677
1383 1079 654 1106 678
1384 1079 658 1106 682
1385 1078 658 1105 682
1386 1079 659 1106 683
1387 1079 660 1106 684
1388 1078 663 1105 687
1389 1079 665 1106 689
1390 1080 665 1107 689
1391 1080 667 1107 691
1392 1080 669 1107 693
1393 1080 671 1107 695
1394 1081 674 1108 698
1395 1082 676 1109 700
1396 1082 677 1109 701
1397 1082 679 1109 703
1398 1081 679 1108 703
1399 1082 683 1109 707
1400 1082 685 1109 709
1401 1082 685 1109 709
1402 1082 687 1109 711
1403 1082 689 1109 713
1404 1083 692 1110 716
1405 1084 693 1111 717
1406 1083 694 1110 718
1407 1084 695 1111 719
1408 1084 695 1111 719
1409 1084 695 1111 719
1410 1084 695 1111 719
1411 1085 695 1112 719
1412 1086 695 1113 719
