721 1106 17 1138 46
722 1106 20 1138 49
723 1107 23 1139 52
724 1107 25 1139 54
725 1107 27 1139 56
726 1107 29 1139 58
727 1108 32 1140 61
728 1107 34 1139 63
729 1108 36 1140 65
730 1108 38 1140 67
731 1108 40 1140 69
732 1108 43 1140 72
733 1108 45 1140 74
734 1108 48 1140 77
735 1108 50 1140 79
736 1108 52 1140 81
737 1108 55 1140 84
738 1108 57 1140 86
739 1108 60 1140 89
740 1108 62 1140 91
741 1108 64 1140 93
742 1108 66 1140 95
743 1108 68 1140 97
744 1108 70 1140 99
745 1108 72 1140 101
746 1108 75 1140 104
747 1108 77 1140 106
748 1109 80 1141 109
749 1109 82 1141 111
750 1110 85 1142 114
751 1110 87 1142 116
752 1110 89 1142 118
753 1110 92 1142 121
754 1110 94 1142 123
755 1110 96 1142 125
756 1110 99 1142 128
757 1110 102 1142 131
758 1111 104 1143 133
759 1111 106 1143 135
760 1111 108 1143 137
761 1112 111 1144 140
762 1112 113 1144 142
763 1112 115 1144 144
764 1112 117 1144 146
765 1112 119 1144 148
766 1112 122 1144 151
767 1113 125 1145 154
768 1112 127 1144 156
769 1114 129 1146 158
770 1114 131 1146 160
771 1115 133 1147 162
772 1115 135 1147 164
773 1115 138 1147 167
774 1115 140 1147 169
775 1115 143 1147 172
776 1115 146 1147 175
777 1115 148 1147 177
778 1115 150 1147 179
779 1115 153 1147 182
780 1116 155 1148 184
781 1115 157 1147 186
782 1116 161 1148 190
783 1116 163 1148 192
784 1117 166 1149 195
785 1118 168 1150 197
786 1118 170 1150 199
787 1118 173 1150 202
788 1118 175 1150 204
789 1118 177 1150 206
790 1119 179 1151 208
791 1119 181 1151 210
792 1120 185 1152 214
793 1119 186 1151 215
794 1119 189 1151 218
795 1120 191 1152 220
796 1120 194 1152 223
797 1121 197 1153 226
798 1121 199 1153 228
799 1121 201 1153 230
800 1122 203 1154 232
801 1122 206 1154 235
802 1122 208 1154 237
803 1122 211 1154 240
804 1123 213 1155 242
805 1124 215 1156 244
806 1124 217 1156 246
807 1125 220 1157 249
808 1123 224 1155 253
809 1124 225 1156 254
810 1124 227 1156 256
811 1124 230 1156 259
812 1126 233 1158 262
813 1126 235 1158 264
814 1126 237 1158 266
815 1126 239 1158 268
816 1126 241 1158 270
817 1126 245 1158 274
818 1127 246 1159 275
819 1127 248 1159 277
820 1127 251 1159 280
821 1127 254 1159 283
822 1128 256 1160 285
823 1128 259 1160 288
824 1128 261 1160 290
825 1128 263 1160 292
826 1129 266 1161 295
827 1129 268 1161 297
828 1131 270 1163 299
829 1131 273 1163 302
830 1131 275 1163 304
831 1131 278 1163 307
832 1131 280 1163 309
833 1131 282 1163 311
834 1130 284 1162 313
835 1132 287 1164 316
836 1131 290 1163 319
837 1132 292 1164 321
838 1132 294 1164 323
839 1132 297 1164 326
840 1132 299 1164 328
841 1132 302 1164 331
842 1132 304 1164 333
843 1132 306 1164 335
844 1132 308 1164 337
845 1133 311 1165 340
846 1133 313 1165 342
847 1133 316 1165 345
848 1133 318 1165 347
849 1133 320 1165 349
850 1134 323 1166 352
851 1134 325 1166 354
852 1134 327 1166 356
853 1134 330 1166 359
854 1135 332 1167 361
855 1133 334 1165 363
856 1134 337 1166 366
857 1134 339 1166 368
858 1135 341 1167 370
859 1134 344 1166 373
860 1134 345 1166 374
861 1134 347 1166 376
862 1135 351 1167 380
863 1134 353 1166 382
864 1135 355 1167 384
865 1135 357 1167 386
866 1135 359 1167 388
867 1135 363 1167 392
868 1135 365 1167 394
869 1135 367 1167 396
870 1135 369 1167 398
871 1136 373 1168 402
872 1136 375 1168 404
873 1136 377 1168 406
874 1136 379 1168 408
875 1137 382 1169 411
876 1137 385 1169 414
877 1138 387 1170 416
878 1138 392 1170 421
879 1140 395 1172 424
880 1139 396 1171 425
881 1139 399 1171 428
882 1139 401 1171 430
883 1140 404 1172 433
884 1141 406 1173 435
885 1141 409 1173 438
886 1140 412 1172 441
887 1141 414 1173 443
888 1141 417 1173 446
889 1143 420 1175 449
890 1142 421 1174 450
891 1143 425 1175 454
892 1142 427 1174 456
893 1142 430 1174 459
894 1143 432 1175 461
895 1143 435 1175 464
896 1143 437 1175 466
897 1142 440 1174 469
898 1143 442 1175 471
899 1142 444 1174 473
900 1142 447 1174 476
901 1142 449 1174 478
902 1143 452 1175 481
903 1143 454 1175 483
904 1143 457 1175 486
905 1143 459 1175 488
906 1143 461 1175 490
907 1143 464 1175 493
908 1143 466 1175 495
909 1144 468 1176 497
910 1143 470 1175 499
911 1143 473 1175 502
912 1143 475 1175 504
913 1143 478 1175 507
914 1143 481 1175 510
915 1144 484 1176 513
916 1143 485 1175 514
917 1143 488 1175 517
918 1143 490 1175 519
919 1145 493 1177 522
920 1145 495 1177 524
921 1145 498 1177 527
922 1145 500 1177 529
923 1145 502 1177 531
924 1146 506 1178 535
925 1145 508 1177 537
926 1145 510 1177 539
927 1145 513 1177 542
928 1145 516 1177 545
929 1145 519 1177 548
930 1146 521 1178 550
931 1145 523 1177 552
932 1146 526 1178 555
933 1146 528 1178 557
934 1147 530 1179 559
935 1148 533 1180 562
936 1148 535 1180 564
937 1147 539 1179 568
938 1147 542 1179 571
939 1148 544 1180 573
940 1148 547 1180 576
941 1148 549 1180 578
942 1149 552 1181 581
943 1149 554 1181 583
944 1148 556 1180 585
945 1149 559 1181 588
946 1149 564 1181 593
947 1148 563 1180 592
948 1149 566 1181 595
949 1149 569 1181 598
950 1149 571 1181 600
951 1149 575 1181 604
952 1149 578 1181 607
953 1150 580 1182 609
954 1149 583 1181 612
955 1149 585 1181 614
956 1150 590 1182 619
957 1150 592 1182 621
958 1150 595 1182 624
959 1150 597 1182 626
960 1150 600 1182 629
961 1150 602 1182 631
962 1150 604 1182 633
963 1150 606 1182 635
964 1150 609 1182 638
965 1150 612 1182 641
966 1150 614 1182 643
967 1150 616 1182 645
968 1150 619 1182 648
969 1150 622 1182 651
970 1150 624 1182 653
971 1151 626 1183 655
972 1151 629 1183 658
973 1150 631 1182 660
974 1150 634 1182 663
975 1150 636 1182 665
976 1150 638 1182 667
977 1151 641 1183 670
978 1151 643 1183 672
979 1151 646 1183 675
980 1151 649 1183 678
981 1153 652 1185 681
982 1152 653 1184 682
983 1153 656 1185 685
984 1153 659 1185 688
985 1153 662 1185 691
986 1153 665 1185 694
987 1153 668 1185 697
988 1154 671 1186 700
989 1154 673 1186 702
990 1155 676 1187 705
991 1155 679 1187 708
992 1155 681 1187 710
993 1155 683 1187 712
994 1155 686 1187 715
995 1156 690 1188 719
996 1155 690 1187 719
997 1153 690 1185 719
998 1152 690 1184 719
