3975 1227 45 1259 72
3976 1226 48 1258 75
3977 1225 50 1257 77
3978 1225 52 1257 79
3979 1224 54 1256 81
3980 1225 56 1257 83
3981 1225 58 1257 85
3982 1224 59 1256 86
3983 1224 62 1256 89
3984 1223 63 1255 90
3985 1223 65 1255 92
3986 1222 67 1254 94
3987 1222 69 1254 96
3988 1221 71 1253 98
3989 1221 73 1253 100
3990 1221 74 1253 101
3991 1220 76 1252 103
3992 1219 79 1251 106
3993 1219 80 1251 107
3994 1218 81 1250 108
3995 1217 85 1249 112
3996 1217 87 1249 114
3997 1216 88 1248 115
3998 1215 90 1247 117
3999 1215 92 1247 119
4000 1215 94 1247 121
4001 1214 96 1246 123
4002 1214 98 1246 125
4003 1213 99 1245 126
4004 1213 102 1245 129
4005 1211 103 1243 130
4006 1212 104 1244 131
4007 1210 107 1242 134
4008 1210 109 1242 136
4009 1209 111 1241 138
4010 1209 112 1241 139
4011 1209 114 1241 141
4012 1208 116 1240 143
4013 1209 117 1241 144
4014 1207 119 1239 146
4015 1207 121 1239 148
4016 1206 123 1238 150
4017 1205 125 1237 152
4018 1205 127 1237 154
4019 1205 129 1237 156
4020 1205 130 1237 157
4021 1204 133 1236 160
4022 1204 134 1236 161
4023 1204 136 1236 163
4024 1204 138 1236 165
4025 1203 138 1235 165
4026 1203 140 1235 167
4027 1203 142 1235 169
4028 1201 145 1233 172
4029 1201 146 1233 173
4030 1201 148 1233 175
4031 1200 150 1232 177
4032 1200 152 1232 179
4033 1199 154 1231 181
4034 1199 156 1231 183
4035 1198 158 1230 185
4036 1198 159 1230 186
4037 1198 161 1230 188
4038 1198 162 1230 189
4039 1197 164 1229 191
4040 1197 166 1229 193
4041 1196 169 1228 196
4042 1196 170 1228 197
4043 1196 171 1228 198
4044 1196 173 1228 200
4045 1195 175 1227 202
4046 1195 176 1227 203
4047 1196 178 1228 205
4048 1195 180 1227 207
4049 1194 182 1226 209
4050 1194 183 1226 210
4051 1193 185 1225 212
4052 1193 186 1225 213
4053 1192 188 1224 215
4054 1191 190 1223 217
4055 1191 191 1223 218
4056 1190 193 1222 220
4057 1190 195 1222 222
4058 1189 198 1221 225
4059 1188 200 1220 227
4060 1189 201 1221 228
4061 1188 203 1220 230
4062 1187 205 1219 232
4063 1187 206 1219 233
4064 1187 208 1219 235
4065 1187 210 1219 237
4066 1186 212 1218 239
4067 1185 214 1217 241
4068 1185 215 1217 242
4069 1185 217 1217 244
4070 1184 219 1216 246
4071 1184 221 1216 248
4072 1184 224 1216 251
4073 1183 226 1215 253
4074 1183 228 1215 255
4075 1182 230 1214 257
4076 1182 232 1214 259
4077 1181 234 1213 261
4078 1180 236 1212 263
4079 1180 238 1212 265
4080 1179 240 1211 267
4081 1179 241 1211 268
4082 1179 243 1211 270
4083 1179 245 1211 272
4084 1177 248 1209 275
4085 1177 250 1209 277
4086 1178 252 1210 279
4087 1176 255 1208 282
4088 1175 256 1207 283
4089 1175 259 1207 286
4090 1175 261 1207 288
4091 1175 263 1207 290
4092 1175 265 1207 292
4093 1173 266 1205 293
4094 1173 268 1205 295
4095 1173 270 1205 297
4096 1172 273 1204 300
4097 1172 275 1204 302
4098 1171 278 1203 305
4099 1171 280 1203 307
4100 1170 282 1202 309
4101 1170 285 1202 312
4102 1170 287 1202 314
4103 1169 290 1201 317
4104 1169 291 1201 318
4105 1169 294 1201 321
4106 1168 296 1200 323
4107 1168 298 1200 325
4108 1167 300 1199 327
4109 1167 303 1199 330
4110 1166 305 1198 332
4111 1164 306 1196 333
4112 1165 310 1197 337
4113 1165 312 1197 339
4114 1164 314 1196 341
4115 1164 316 1196 343
4116 1164 318 1196 345
4117 1163 321 1195 348
4118 1163 323 1195 350
4119 1162 325 1194 352
4120 1162 328 1194 355
4121 1162 330 1194 357
4122 1161 333 1193 360
4123 1161 335 1193 362
4124 1161 337 1193 364
4125 1161 339 1193 366
4126 1160 342 1192 369
4127 1161 345 1193 372
4128 1159 345 1191 372
4129 1159 348 1191 375
4130 1157 350 1189 377
4131 1157 352 1189 379
4132 1159 355 1191 382
4133 1156 358 1188 385
4134 1156 360 1188 387
4135 1158 362 1190 389
4136 1156 365 1188 392
4137 1157 367 1189 394
4138 1155 368 1187 395
4139 1155 370 1187 397
4140 1155 374 1187 401
4141 1155 375 1187 402
4142 1155 377 1187 404
4143 1156 380 1188 407
4144 1155 382 1187 409
4145 1155 383 1187 410
4146 1155 385 1187 412
4147 1155 389 1187 416
4148 1155 391 1187 418
4149 1154 394 1186 421
4150 1154 397 1186 424
4151 1152 397 1184 424
4152 1153 400 1185 427
4153 1151 402 1183 429
4154 1151 404 1183 431
4155 1149 405 1181 432
4156 1149 408 1181 435
4157 1149 410 1181 437
4158 1148 413 1180 440
4159 1148 415 1180 442
4160 1148 418 1180 445
4161 1148 422 1180 449
4162 1150 423 1182 450
4163 1149 424 1181 451
4164 1149 427 1181 454
4165 1149 430 1181 457
4166 1147 431 1179 458
4167 1145 433 1177 460
4168 1145 436 1177 463
4169 1145 438 1177 465
4170 1145 440 1177 467
4171 1145 443 1177 470
4172 1144 445 1176 472
4173 1144 447 1176 474
4174 1144 448 1176 475
4175 1144 451 1176 478
4176 1143 454 1175 481
4177 1142 456 1174 483
4178 1143 459 1175 486
4179 1141 461 1173 488
4180 1141 463 1173 490
4181 1141 465 1173 492
4182 1141 467 1173 494
4183 1140 470 1172 497
4184 1139 471 1171 498
4185 1139 474 1171 501
4186 1139 477 1171 504
4187 1138 478 1170 505
4188 1137 480 1169 507
4189 1138 483 1170 510
4190 1137 485 1169 512
4191 1137 487 1169 514
4192 1136 489 1168 516
4193 1135 491 1167 518
4194 1135 494 1167 521
4195 1136 496 1168 523
4196 1135 499 1167 526
4197 1135 501 1167 528
4198 1134 502 1166 529
4199 1134 504 1166 531
4200 1133 507 1165 534
4201 1132 509 1164 536
4202 1133 512 1165 539
4203 1132 514 1164 541
4204 1132 516 1164 543
4205 1131 520 1163 547
4206 1132 522 1164 549
4207 1132 524 1164 551
4208 1133 528 1165 555
4209 1132 529 1164 556
4210 1130 531 1162 558
4211 1132 533 1164 560
4212 1130 536 1162 563
4213 1130 539 1162 566
4214 1130 542 1162 569
4215 1130 545 1162 572
4216 1129 548 1161 575
4217 1129 550 1161 577
4218 1126 548 1158 575
4219 1125 549 1157 576
4220 1125 552 1157 579
4221 1127 555 1159 582
4222 1126 556 1158 583
4223 1124 559 1156 586
4224 1125 561 1157 588
4225 1123 563 1155 590
4226 1124 565 1156 592
4227 1123 568 1155 595
4228 1123 571 1155 598
4229 1124 573 1156 600
4230 1123 575 1155 602
4231 1122 577 1154 604
4232 1122 579 1154 606
4233 1123 583 1155 610
4234 1123 585 1155 612
4235 1121 585 1153 612
4236 1120 587 1152 614
4237 1120 590 1152 617
4238 1120 592 1152 619
4239 1119 595 1151 622
4240 1118 597 1150 624
4241 1117 598 1149 625
4242 1116 601 1148 628
4243 1116 603 1148 630
4244 1118 605 1150 632
4245 1117 607 1149 634
4246 1117 610 1149 637
4247 1116 612 1148 639
4248 1116 614 1148 641
4249 1116 616 1148 643
4250 1115 618 1147 645
4251 1113 620 1145 647
4252 1113 623 1145 650
4253 1114 625 1146 652
4254 1114 627 1146 654
4255 1113 629 1145 656
4256 1113 631 1145 658
4257 1112 633 1144 660
4258 1111 634 1143 661
4259 1111 637 1143 664
4260 1111 638 1143 665
4261 1110 641 1142 668
4262 1110 644 1142 671
4263 1110 645 1142 672
4264 1110 648 1142 675
4265 1110 651 1142 678
4266 1110 653 1142 680
4267 1108 654 1140 681
4268 1109 659 1141 686
4269 1109 663 1141 690
4270 1108 665 1140 692
4271 1109 668 1141 695
4272 1106 666 1138 693
4273 1106 666 1138 693
4274 1106 668 1138 695
4275 1106 670 1138 697
4276 1105 672 1137 699
4277 1105 674 1137 701
4278 1105 674 1137 701
4279 1105 676 1137 703
4280 1105 679 1137 706
4281 1106 681 1138 708
4282 1106 683 1138 710
4283 1104 685 1136 712
4284 1105 689 1137 716
4285 1106 691 1138 718
4286 1105 692 1137 719
4287 1102 692 1134 719
4288 1101 692 1133 719
4289 1100 692 1132 719
4290 1100 692 1132 719
4291 1098 692 1130 719
4292 1099 692 1131 719
4293 1096 692 1128 719
4294 1094 692 1126 719