4020 894 4 916 22
4021 893 5 915 23
4022 892 7 914 25
4023 891 8 913 26
4024 890 10 912 28
4025 890 12 912 30
4026 890 15 912 33
4027 890 17 912 35
4028 889 19 911 37
4029 890 20 912 38
4030 889 23 911 41
4031 888 26 910 44
4032 888 28 910 46
4033 887 30 909 48
4034 887 33 909 51
4035 885 34 907 52
4036 886 37 908 55
4037 884 37 906 55
4038 883 37 905 55
4039 881 40 903 58
4040 881 41 903 59
4041 881 44 903 62
4042 881 45 903 63
4043 880 48 902 66
4044 874 37 901 59
4045 873 39 900 61
4046 873 41 900 63
4047 873 44 900 66
4048 874 46 901 68
4049 872 47 899 69
4050 875 52 902 74
4051 875 54 902 76
4052 873 56 900 78
4053 874 57 901 79
4054 872 60 899 82
4055 869 63 896 85
4056 871 63 898 85
4057 868 66 895 88
4058 869 69 896 91
4059 868 70 895 92
4060 868 71 895 93
4061 867 72 894 94
4062 864 73 891 95
4063 865 77 892 99
4064 865 78 892 100
4065 866 80 893 102
4066 865 84 892 106
4067 863 85 890 107
4068 863 87 890 109
4069 863 89 890 111
4070 862 92 889 114
4071 862 93 889 115
4072 862 97 889 119
4073 862 98 889 120
4074 860 100 887 122
4075 861 103 888 125
4076 860 104 887 126
4077 859 107 886 129
4078 857 108 884 130
4079 858 112 885 134
4080 857 112 884 134
4081 857 116 884 138
4082 855 118 882 140
4083 855 121 882 143
4084 856 123 883 145
4085 855 126 882 148
4086 854 128 881 150
4087 854 130 881 152
4088 853 132 880 154
4089 852 135 879 157
4090 852 137 879 159
4091 852 139 879 161
4092 851 142 878 164
4093 850 144 877 166
4094 850 146 877 168
4095 850 148 877 170
4096 849 150 876 172
4097 850 153 877 175
4098 848 154 875 176
4099 848 158 875 180
4100 848 160 875 182
4101 847 162 874 184
4102 846 165 873 187
4103 846 167 873 189
4104 846 169 873 191
4105 845 172 872 194
4106 844 174 871 196
4107 843 176 870 198
4108 843 178 870 200
4109 844 180 871 202
4110 844 183 871 205
4111 843 185 870 207
4112 843 187 870 209
4113 843 189 870 211
4114 841 191 868 213
4115 841 193 868 215
4116 841 197 868 219
4117 841 197 868 219
4118 839 201 866 223
4119 839 202 866 224
4120 839 205 866 227
4121 839 207 866 229
4122 839 210 866 232
4123 839 212 866 234
4124 839 214 866 236
4125 838 217 865 239
4126 837 220 864 242
4127 836 222 863 244
4128 836 224 863 246
4129 837 227 864 249
4130 832 231 859 253
4131 832 236 859 258
4132 832 239 859 261
4133 835 241 862 263
4134 836 244 863 266
4135 836 247 863 269
4136 837 248 864 270
4137 833 245 860 267
4138 835 247 862 269
4139 834 250 861 272
4140 836 252 863 274
4141 833 257 860 279
4142 835 259 862 281
4143 835 261 862 283
4144 836 264 863 286
4145 835 266 862 288
4146 836 270 863 292
4147 836 272 863 294
4148 835 275 862 297
4149 834 278 861 300
4150 834 281 861 303
4151 834 285 861 307
4152 835 288 862 310
4153 832 289 859 311
4154 830 287 857 309
4155 831 288 858 310
4156 830 291 857 313
4157 831 293 858 315
4158 829 296 856 318
4159 829 298 856 320
4160 829 300 856 322
4161 829 304 856 326
4162 829 306 856 328
4163 829 309 856 331
4164 828 312 855 334
4165 830 313 857 335
4166 827 315 854 337
4167 826 316 853 338
4168 827 320 854 342
4169 825 320 852 342
4170 826 323 853 345
4171 824 326 851 348
4172 825 328 852 350
4173 825 330 852 352
4174 825 333 852 355
4175 825 335 852 357
4176 825 338 852 360
4177 824 341 851 363
4178 825 341 852 363
4179 826 342 853 364
4180 824 347 851 369
4181 824 349 851 371
4182 825 352 852 374
4183 822 353 849 375
4184 824 355 851 377
4185 824 358 851 380
4186 821 361 848 383
4187 820 363 847 385
4188 820 364 847 386
4189 820 368 847 390
4190 821 371 848 393
4191 820 372 847 394
4192 820 374 847 396
4193 820 375 847 397
4194 823 380 850 402
4195 823 380 850 402
4196 821 383 848 405
4197 811 402 838 424
4198 822 388 849 410
4199 824 389 851 411
4200 825 393 852 415
4201 835 373 862 395
4202 816 372 843 394
4203 817 396 844 418
4204 818 400 845 422
4205 817 400 844 422
4206 817 401 844 423
4207 819 405 846 427
4208 819 409 846 431
4209 819 411 846 433
4210 820 414 847 436
4211 813 395 840 417
4212 812 397 839 419
4213 821 417 848 439
4214 814 401 841 423
4215 815 407 842 429
4216 815 423 842 445
4217 814 425 841 447
4218 814 427 841 449
4219 814 430 841 452
4220 814 434 841 456
4221 813 435 840 457
4222 815 437 842 459
4223 815 441 842 463
4224 815 444 842 466
4225 816 447 843 469
4226 815 449 842 471
4227 811 451 838 473
4228 802 447 829 469
4229 804 458 831 480
4230 804 461 831 483
4231 803 464 830 486
4232 803 469 830 491
4233 804 470 831 492
4234 805 471 832 493
4235 806 475 833 497
4236 792 470 819 492
4237 790 473 817 495
4238 791 477 818 499
4239 810 486 837 508
4240 810 488 837 510
4241 809 489 836 511
4242 806 494 833 516
4243 807 496 834 518
4244 810 500 837 522
4245 809 501 836 523
4246 797 482 824 504
4247 796 484 823 506
4248 796 488 823 510
4249 796 490 823 512
4250 798 494 825 516
4251 799 497 826 519
4252 797 499 824 521
4253 798 502 825 524
4254 793 505 822 529
4255 799 514 823 530
4256 801 514 822 534
4257 804 516 820 534
4258 798 521 817 539
4259 801 523 815 540
4260 798 522 820 542
4315 785 644 811 674
4316 784 647 810 677
4317 785 649 811 679
4318 785 653 811 683
4319 785 653 811 683
4320 784 656 810 686
4321 784 659 810 689
4322 784 661 810 691
4323 781 665 807 695
4324 781 668 807 698
4325 781 670 807 700
4326 780 673 806 703
4327 780 676 806 706
4328 781 678 807 708
4329 780 682 806 712
4330 782 683 808 713
4331 781 686 807 716
4341 785 684 811 714
4342 786 685 812 715
4343 770 674 796 704