4293 441 32 473 58
4294 443 32 475 58
4295 444 37 476 63
4296 442 40 474 66
4297 442 42 474 68
4298 442 45 474 71
4299 441 48 473 74
4300 443 51 475 77
4301 442 53 474 79
4302 442 54 474 80
4303 441 57 473 83
4304 442 57 474 83
4305 442 59 474 85
4306 442 62 474 88
4307 442 65 474 91
4308 443 67 475 93
4309 442 70 474 96
4310 443 74 475 100
4311 443 74 475 100
4312 442 79 474 105
4313 441 80 473 106
4314 441 83 473 109
4315 440 86 472 112
4316 441 88 473 114
4317 438 90 470 116
4318 442 92 474 118
4319 445 95 477 121
4320 442 98 474 124
4321 440 99 472 125
4322 442 102 474 128
4323 442 106 474 132
4324 440 106 472 132
4325 440 109 472 135
4326 440 112 472 138
4327 440 115 472 141
4328 440 118 472 144
4329 439 121 471 147
4330 439 122 471 148
4331 438 125 470 151
4332 440 126 472 152
4333 438 129 470 155
4334 437 130 469 156
4335 436 133 468 159
4336 436 135 468 161
4337 434 136 466 162
4338 434 139 466 165
4339 434 142 466 168
4340 434 144 466 170
4341 434 146 466 172
4342 433 148 465 174
4343 433 150 465 176
4344 429 141 463 173
4345 428 143 462 175
4346 428 146 462 178
4347 427 148 461 180
4348 430 150 464 182
4349 430 153 464 185
4350 430 155 464 187
4351 430 157 464 189
4352 430 160 464 192
4353 430 162 464 194
4354 429 164 463 196
4355 429 166 463 198
4356 428 169 462 201
4357 428 171 462 203
4358 429 174 463 206
4359 425 174 459 206
4360 425 177 459 209
4361 427 180 461 212
4362 426 182 460 214
4363 426 184 460 216
4364 425 186 459 218
4365 425 188 459 220
4366 423 191 457 223
4367 423 192 457 224
4368 422 195 456 227
4369 424 197 458 229
4370 423 199 457 231
4371 424 201 458 233
4372 424 203 458 235
4373 424 205 458 237
4374 424 208 458 240
4375 424 210 458 242
4376 424 212 458 244
4377 424 214 458 246
4378 423 217 457 249
4379 424 219 458 251
4380 425 221 459 253
4381 425 223 459 255
4382 424 225 458 257
4383 424 228 458 260
4384 424 230 458 262
4385 424 232 458 264
4386 424 234 458 266
4387 424 236 458 268
4388 424 239 458 271
4389 423 239 457 271
4390 425 242 459 274
4391 425 244 459 276
4392 425 246 459 278
4393 426 248 460 280
4394 427 249 461 281
4395 424 251 458 283
4396 424 254 458 286
4397 425 256 459 288
4398 425 258 459 290
4399 426 260 460 292
4400 426 262 460 294
4401 426 264 460 296
4402 426 266 460 298
4403 426 269 460 301
4404 427 272 461 304
4405 426 273 460 305
4406 426 274 460 306
4407 426 276 460 308
4408 425 279 459 311
4409 425 281 459 313
4410 425 283 459 315
4411 425 285 459 317
4412 425 287 459 319
4413 425 289 459 321
4414 426 291 460 323
4415 425 291 459 323
4416 425 294 459 326
4417 425 296 459 328
4418 427 298 461 330
4419 425 300 459 332
4420 425 302 459 334
4421 426 305 460 337
4422 426 307 460 339
4423 426 309 460 341
4424 428 309 462 341
4425 425 313 459 345
4426 426 314 460 346
4427 427 315 461 347
4428 427 317 461 349
4429 427 319 461 351
4430 426 321 460 353
4431 426 323 460 355
4432 426 326 460 358
4433 426 327 460 359
4434 426 329 460 361
4435 426 331 460 363
4436 426 333 460 365
4437 427 335 461 367
4438 425 339 459 371
4439 424 341 458 373
4440 424 343 458 375
4441 424 346 458 378
4442 424 348 458 380
4443 425 348 459 380
4444 425 349 459 381
4445 425 349 459 381
4446 422 353 456 385
4447 421 353 455 385
4448 421 357 455 389
4449 426 360 460 392
4450 424 362 458 394
4451 425 363 459 395
4452 425 366 459 398
4453 426 368 460 400
4454 424 369 458 401
4455 425 372 459 404
4456 422 373 456 405
4457 423 374 457 406
4458 423 378 457 410
4459 422 380 456 412
4460 423 382 457 414
4461 421 385 455 417
4462 422 387 456 419
4463 422 389 456 421
4464 421 392 455 424
4465 422 392 456 424
4466 422 394 456 426
4467 421 396 455 428
4468 420 399 454 431
4469 420 401 454 433
4470 418 403 452 435
4471 421 405 455 437
4472 420 406 454 438
4473 420 408 454 440
4474 420 411 454 443
4475 420 412 454 444
4476 421 415 455 447
4477 420 417 454 449
4478 421 420 455 452
4479 420 422 454 454
4480 420 424 454 456
4481 420 425 454 457
4482 420 428 454 460
4483 419 429 453 461
4484 419 432 453 464
4485 419 434 453 466
4486 422 435 456 467
4487 421 436 455 468
4488 421 439 455 471
4489 421 443 455 475
4490 421 444 455 476
4491 423 446 457 478
4492 423 448 457 480
4493 421 450 455 482
4494 421 452 455 484
4495 422 454 456 486
4496 422 456 456 488
4497 421 459 455 491
4498 421 461 455 493
4499 420 463 454 495
4500 420 464 454 496
4501 419 466 453 498
4502 419 469 453 501
4503 419 471 453 503
4504 419 473 453 505
4505 420 475 454 507
4506 420 477 454 509
4507 420 479 454 511
4508 420 481 454 513
4509 420 484 454 516
4510 420 486 454 518
4511 419 489 453 521
4512 419 491 453 523
4513 419 492 453 524
4514 419 494 453 526
4515 419 496 453 528
4516 419 499 453 531
4517 418 501 452 533
4518 418 503 452 535
4519 418 504 452 536
4520 416 506 450 538
4521 418 508 452 540
4522 418 510 452 542
4523 415 513 449 545
4524 416 515 450 547
4525 415 517 449 549
4526 415 520 449 552
4527 415 522 449 554
4528 416 523 450 555
4529 414 526 448 558
4530 415 528 449 560
4531 415 529 449 561
4532 414 532 448 564
4533 414 534 448 566
4534 413 536 447 568
4535 413 538 447 570
4536 413 540 447 572
4537 412 543 446 575
4538 413 544 447 576
4539 412 546 446 578
4540 413 548 447 580
4541 413 550 447 582
4542 414 552 448 584
4543 414 554 448 586
4544 414 556 448 588
4545 414 558 448 590
4546 414 561 448 593
4547 413 563 447 595
4548 413 565 447 597
4549 413 569 447 601
4550 412 570 446 602
4551 412 571 446 603
4552 412 573 446 605
4553 409 575 443 607
4554 409 576 443 608
4555 410 579 444 611
4556 409 581 443 613
4557 409 583 443 615
4558 409 584 443 616
4559 409 587 443 619
4560 409 588 443 620
4561 410 591 444 623
4562 409 594 443 626
4563 409 596 443 628
4564 409 596 443 628
4565 410 599 444 631
4566 412 601 446 633
4567 410 605 444 637
4568 410 606 444 638
4569 411 608 445 640
4570 410 609 444 641
4571 411 613 445 645
4572 409 614 443 646
4573 411 616 445 648
4574 409 618 443 650
4575 410 621 444 653
4576 409 623 443 655
4577 409 625 443 657
4578 409 627 443 659
4579 409 628 443 660
4580 411 630 445 662
4581 408 633 442 665
4582 408 636 442 668
4583 408 638 442 670
4584 409 640 443 672
4585 408 642 442 674
4586 408 644 442 676
4587 408 644 442 676
4588 409 646 443 678
4589 410 649 444 681
4590 409 652 443 684
4591 409 653 443 685
4592 409 657 443 689
4593 409 659 443 691
4594 409 661 443 693
4595 410 663 444 695
4596 408 666 442 698
4597 410 667 444 699
4598 411 669 445 701
4599 410 671 444 703
4600 410 673 444 705
4601 410 675 444 707
4602 409 677 443 709
4603 409 679 443 711
4604 410 681 444 713
4605 408 683 442 715
4606 409 685 443 717
4607 409 687 443 719
4608 408 687 442 719
4609 409 687 443 719
4610 412 687 446 719
4611 413 687 447 719
4612 413 687 447 719