4440 205 164 231 190
4441 206 166 232 192
4442 206 168 232 194
4443 205 172 231 198
4444 205 174 231 200
4445 204 176 230 202
4446 204 179 230 205
4447 204 182 230 208
4448 204 184 230 210
4449 204 185 230 211
4450 204 188 230 214
4451 203 191 229 217
4452 203 193 229 219
4453 203 195 229 221
4454 202 198 228 224
4455 203 202 229 228
4456 200 202 226 228
4457 201 205 227 231
4458 199 206 225 232
4459 197 207 223 233
4460 196 209 222 235
4461 196 211 222 237
4462 196 212 222 238
4463 196 215 222 241
4464 195 219 221 245
4465 194 221 220 247
4466 194 224 220 250
4467 194 226 220 252
4468 193 230 219 256
4469 193 231 219 257
4470 193 234 219 260
4471 191 235 217 261
4472 190 235 216 261
4473 190 237 216 263
4474 189 240 215 266
4475 188 242 214 268
4476 188 244 214 270
4477 186 247 212 273
4478 188 251 214 277
4479 188 253 214 279
4480 185 254 211 280
4481 185 256 211 282
4482 185 259 211 285
4483 185 262 211 288
4484 185 265 211 291
4485 183 267 209 293
4486 183 268 209 294
4487 182 271 208 297
4488 182 274 208 300
4489 182 276 208 302
4490 181 279 207 305
4491 181 282 207 308
4492 179 284 205 310
4493 181 290 207 316
4494 181 292 207 318
4495 181 294 207 320
4496 179 295 205 321
4497 176 295 202 321
4498 175 298 201 324
4499 176 300 202 326
4500 176 304 202 330
4501 175 306 201 332
4502 175 308 201 334
4503 175 312 201 338
4504 173 313 199 339
4505 172 316 198 342
4506 172 319 198 345
4507 171 320 197 346
4508 171 323 197 349
4509 171 325 197 351
4510 171 327 197 353
4511 169 330 195 356
4512 169 332 195 358
4513 168 334 194 360
4514 167 336 193 362
4515 166 339 192 365
4516 165 341 191 367
4517 164 344 190 370
4518 164 346 190 372
4519 163 348 189 374
4520 164 351 190 377
4521 162 352 188 378
4522 161 354 187 380
4523 161 356 187 382
4524 161 359 187 385
4525 160 362 186 388
4526 159 364 185 390
4527 159 365 185 391
4528 157 367 183 393
4529 157 370 183 396
4530 156 373 182 399
4531 156 376 182 402
4532 155 377 181 403
4533 154 380 180 406
4534 154 382 180 408
4535 153 384 179 410
4536 153 387 179 413
4537 152 389 178 415
4538 151 392 177 418
4539 151 394 177 420
4540 150 397 176 423
4541 149 400 175 426
4542 149 401 175 427
4543 148 403 174 429
4544 147 406 173 432
4545 147 407 173 433
4546 146 410 172 436
4547 146 413 172 439
4548 145 415 171 441
4549 145 417 171 443
4550 144 419 170 445
4551 143 421 169 447
4552 142 423 168 449
4553 142 426 168 452
4554 142 428 168 454
4555 142 430 168 456
4556 141 433 167 459
4557 140 436 166 462
4558 140 439 166 465
4559 139 441 165 467
4560 139 443 165 469
4561 138 444 164 470
4562 138 446 164 472
4563 137 447 163 473
4564 137 451 163 477
4565 137 453 163 479
4566 134 455 160 481
4567 134 456 160 482
4568 134 460 160 486
4569 133 463 159 489
4570 134 464 160 490
4571 133 467 159 493
4572 133 470 159 496
4573 133 472 159 498
4574 132 474 158 500
4575 131 476 157 502
4576 131 479 157 505
4577 130 480 156 506
4578 129 483 155 509
4579 129 487 155 513
4580 129 489 155 515
4581 129 491 155 517
4582 129 494 155 520
4583 129 495 155 521
4584 129 499 155 525
4585 128 501 154 527
4586 128 504 154 530
4587 127 504 153 530
4588 126 508 152 534
4589 126 509 152 535
4590 124 512 150 538
4591 124 514 150 540
4592 124 517 150 543
4593 124 520 150 546
4594 123 522 149 548
4595 123 525 149 551
4596 123 528 149 554
4597 122 530 148 556
4598 122 533 148 559
4599 121 535 147 561
4600 121 536 147 562
4601 121 538 147 564
4602 121 540 147 566
4603 119 543 145 569
4604 119 544 145 570
4605 119 545 145 571
4606 118 548 144 574
4607 119 550 145 576
4608 117 554 143 580
4609 117 555 143 581
4610 117 558 143 584
4611 117 560 143 586
4612 117 563 143 589
4613 116 566 142 592
4614 116 568 142 594
4615 115 571 141 597
4616 115 573 141 599
4617 115 576 141 602
4618 114 578 140 604
4619 114 581 140 607
4620 114 584 140 610
4621 114 584 140 610
4622 111 585 137 611
4623 112 587 138 613
4624 111 588 137 614
4625 111 591 137 617
4626 110 594 136 620
4627 110 597 136 623
4628 109 601 135 627
4629 110 602 136 628
4630 108 605 134 631
4631 107 607 133 633
4632 108 610 134 636
4633 107 612 133 638
4634 106 616 132 642
4635 106 616 132 642
4636 106 618 132 644
4637 105 621 131 647
4638 106 623 132 649
4639 104 625 130 651
4640 105 627 131 653
4641 104 630 130 656
4642 102 631 128 657
4643 102 633 128 659
4644 101 636 127 662
4645 101 637 127 663
4646 100 639 126 665
4647 100 642 126 668
4648 100 644 126 670
4649 99 647 125 673
4650 99 649 125 675
4651 99 652 125 678
4652 99 654 125 680
4653 98 656 124 682
4654 98 659 124 685
4655 96 660 122 686
4656 96 663 122 689
4657 96 666 122 692
4658 96 668 122 694
4659 95 670 121 696
4660 94 671 120 697
4661 93 674 119 700
4662 93 676 119 702
4663 92 679 118 705
4664 92 681 118 707
4665 92 682 118 708
4666 92 685 118 711
4667 91 688 117 714
4668 91 692 117 718
4669 91 693 117 719
4670 90 693 116 719
4671 88 693 114 719
4672 88 693 114 719
4673 86 693 112 719
4674 85 693 111 719
4675 83 693 109 719
4676 83 693 109 719
4677 81 693 107 719
