4665 1236 205 1261 232
4666 1235 207 1260 234
4667 1235 210 1260 237
4668 1233 213 1258 240
4669 1232 214 1257 241
4670 1232 216 1257 243
4671 1231 218 1256 245
4672 1230 219 1255 246
4673 1230 221 1255 248
4674 1229 223 1254 250
4675 1230 223 1255 250
4676 1228 226 1253 253
4677 1228 228 1253 255
4678 1227 229 1252 256
4679 1226 232 1251 259
4680 1225 234 1250 261
4681 1223 236 1248 263
4682 1223 237 1248 264
4683 1222 239 1247 266
4684 1223 240 1248 267
4685 1223 241 1248 268
4686 1222 243 1247 270
4687 1220 246 1245 273
4688 1218 248 1243 275
4689 1218 250 1243 277
4690 1219 252 1244 279
4691 1218 254 1243 281
4692 1217 255 1242 282
4693 1217 257 1242 284
4694 1214 259 1239 286
4695 1216 260 1241 287
4696 1213 263 1238 290
4697 1211 265 1236 292
4698 1211 267 1236 294
4699 1211 268 1236 295
4700 1210 270 1235 297
4701 1210 272 1235 299
4702 1209 274 1234 301
4703 1209 276 1234 303
4704 1209 278 1234 305
4705 1209 279 1234 306
4706 1209 281 1234 308
4707 1208 283 1233 310
4708 1208 283 1233 310
4709 1208 286 1233 313
4710 1208 288 1233 315
4711 1207 289 1232 316
4712 1205 291 1230 318
4713 1206 293 1231 320
4714 1203 296 1228 323
4715 1206 295 1231 322
4716 1204 299 1229 326
4717 1204 301 1229 328
4718 1204 303 1229 330
4719 1202 305 1227 332
4720 1202 306 1227 333
4721 1205 306 1230 333
4722 1205 308 1230 335
4723 1202 311 1227 338
4724 1200 314 1225 341
4725 1201 315 1226 342
4726 1201 317 1226 344
4727 1200 318 1225 345
4728 1196 323 1221 350
4729 1197 325 1222 352
4730 1196 327 1221 354
4731 1196 329 1221 356
4732 1196 330 1221 357
4733 1197 331 1222 358
4734 1197 333 1222 360
4735 1197 335 1222 362
4736 1197 337 1222 364
4737 1195 340 1220 367
4738 1194 342 1219 369
4739 1193 345 1218 372
4740 1193 345 1218 372
4741 1193 347 1218 374
4742 1193 349 1218 376
4743 1192 351 1217 378
4744 1192 353 1217 380
4745 1191 356 1216 383
4746 1192 356 1217 383
4747 1190 359 1215 386
4748 1190 361 1215 388
4749 1190 362 1215 389
4750 1189 364 1214 391
4751 1189 366 1214 393
4752 1189 368 1214 395
4753 1189 370 1214 397
4754 1187 373 1212 400
4755 1187 374 1212 401
4756 1187 377 1212 404
4757 1185 379 1210 406
4758 1185 381 1210 408
4759 1184 383 1209 410
4760 1185 383 1210 410
4761 1183 386 1208 413
4762 1183 388 1208 415
4763 1182 391 1207 418
4764 1183 391 1208 418
4765 1182 394 1207 421
4766 1182 395 1207 422
4767 1181 397 1206 424
4768 1180 399 1205 426
4769 1177 403 1202 430
4770 1180 403 1205 430
4771 1179 405 1204 432
4772 1179 406 1204 433
4773 1179 408 1204 435
4774 1179 410 1204 437
4775 1177 413 1202 440
4776 1178 413 1203 440
4777 1176 417 1201 444
4778 1177 417 1202 444
4779 1177 419 1202 446
4780 1176 421 1201 448
4781 1176 422 1201 449
4782 1176 425 1201 452
4783 1175 427 1200 454
4784 1174 430 1199 457
4785 1173 431 1198 458
4786 1173 434 1198 461
4787 1172 436 1197 463
4788 1173 437 1198 464
4789 1173 439 1198 466
4790 1172 440 1197 467
4791 1170 442 1195 469
4792 1170 444 1195 471
4793 1170 446 1195 473
4794 1169 449 1194 476
4795 1169 450 1194 477
4796 1167 454 1192 481
4797 1168 455 1193 482
4798 1167 458 1192 485
4799 1167 459 1192 486
4800 1167 462 1192 489
4801 1167 462 1192 489
4802 1168 464 1193 491
4803 1166 467 1191 494
4804 1166 469 1191 496
4805 1166 470 1191 497
4806 1165 473 1190 500
4807 1164 475 1189 502
4808 1164 475 1189 502
4809 1162 478 1187 505
4810 1164 479 1189 506
4811 1164 481 1189 508
4812 1163 482 1188 509
4813 1163 484 1188 511
4814 1162 486 1187 513
4815 1162 489 1187 516
4816 1162 490 1187 517
4817 1160 493 1185 520
4818 1160 494 1185 521
4819 1160 496 1185 523
4820 1160 498 1185 525
4821 1159 501 1184 528
4822 1159 502 1184 529
4823 1159 504 1184 531
4824 1158 505 1183 532
4825 1158 508 1183 535
4826 1157 510 1182 537
4827 1157 512 1182 539
4828 1156 513 1181 540
4829 1155 515 1180 542
4830 1156 516 1181 543
4831 1156 518 1181 545
4832 1155 521 1180 548
4833 1155 523 1180 550
4834 1154 526 1179 553
4835 1155 527 1180 554
4836 1155 529 1180 556
4837 1154 531 1179 558
4838 1154 533 1179 560
4839 1154 533 1179 560
4840 1153 536 1178 563
4841 1152 538 1177 565
4842 1152 539 1177 566
4843 1151 541 1176 568
4844 1151 543 1176 570
4845 1151 545 1176 572
4846 1151 546 1176 573
4847 1151 548 1176 575
4848 1152 549 1177 576
4849 1151 551 1176 578
4850 1152 554 1177 581
4851 1150 555 1175 582
4852 1150 557 1175 584
4853 1150 559 1175 586
4854 1149 561 1174 588
4855 1149 563 1174 590
4856 1151 563 1176 590
4857 1149 567 1174 594
4858 1149 568 1174 595
4859 1149 569 1174 596
4860 1149 571 1174 598
4861 1148 573 1173 600
4862 1148 574 1173 601
4863 1147 578 1172 605
4864 1149 578 1174 605
4865 1150 580 1175 607
4866 1152 580 1177 607
4867 1152 582 1177 609
4868 1150 584 1175 611
4869 1148 585 1173 612
4870 1150 589 1175 616
4871 1149 591 1174 618
4872 1148 593 1173 620
4873 1147 593 1172 620
4874 1147 596 1172 623
4875 1148 598 1173 625
4876 1148 600 1173 627
4877 1148 602 1173 629
4878 1147 604 1172 631
4879 1147 605 1172 632
4880 1147 608 1172 635
4881 1147 611 1172 638
4882 1147 613 1172 640
4883 1147 615 1172 642
4884 1148 616 1173 643
4885 1148 618 1173 645
4886 1148 620 1173 647
4887 1147 623 1172 650
4888 1147 623 1172 650
4889 1147 625 1172 652
4890 1147 628 1172 655
4891 1147 629 1172 656
4892 1147 632 1172 659
4893 1147 634 1172 661
4894 1146 635 1171 662
4895 1148 638 1173 665
4896 1146 640 1171 667
4897 1146 642 1171 669
4898 1148 642 1173 669
4899 1146 646 1171 673
4900 1146 647 1171 674
4901 1148 648 1173 675
4902 1148 653 1173 680
4903 1146 656 1171 683
4904 1150 656 1175 683
4905 1150 658 1175 685
4906 1150 661 1175 688
4907 1141 662 1166 689
4908 1140 664 1165 691
4909 1141 665 1166 692
4910 1141 668 1166 695
4911 1142 669 1167 696
4912 1142 672 1167 699
4913 1142 671 1167 698
4914 1142 675 1167 702
4915 1144 675 1169 702
4916 1141 678 1166 705
4917 1142 679 1167 706
4918 1142 682 1167 709
4919 1142 683 1167 710
4920 1136 686 1159 713