4650 1246 175 1269 200
4651 1245 177 1268 202
4652 1245 179 1268 204
4653 1244 181 1267 206
4654 1242 183 1265 208
4655 1243 184 1266 209
4656 1241 186 1264 211
4657 1240 188 1263 213
4658 1240 190 1263 215
4659 1239 191 1262 216
4660 1239 193 1262 218
4661 1240 194 1263 219
4662 1239 195 1262 220
4663 1237 197 1260 222
4664 1237 199 1260 224
4665 1236 201 1259 226
4666 1234 203 1257 228
4667 1234 205 1257 230
4668 1232 207 1255 232
4669 1232 208 1255 233
4670 1232 210 1255 235
4671 1231 212 1254 237
4672 1231 214 1254 239
4673 1231 215 1254 240
4674 1230 217 1253 242
4675 1231 219 1254 244
4676 1229 220 1252 245
4677 1230 222 1253 247
4678 1229 223 1252 248
4679 1228 228 1251 253
4680 1225 228 1248 253
4681 1224 229 1247 254
4682 1223 232 1246 257
4683 1222 233 1245 258
4684 1223 235 1246 260
4685 1223 236 1246 261
4686 1222 239 1245 264
4687 1223 240 1246 265
4688 1222 241 1245 266
4689 1220 244 1243 269
4690 1221 245 1244 270
4691 1219 248 1242 273
4692 1219 249 1242 274
4693 1219 252 1242 277
4694 1217 253 1240 278
4695 1215 255 1238 280
4696 1218 257 1241 282
4697 1215 259 1238 284
4698 1215 260 1238 285
4699 1215 262 1238 287
4700 1214 264 1237 289
4701 1214 265 1237 290
4702 1214 267 1237 292
4703 1213 269 1236 294
4704 1213 273 1236 298
4705 1213 273 1236 298
4706 1213 275 1236 300
4707 1212 278 1235 303
4708 1211 279 1234 304
4709 1211 281 1234 306
4710 1206 284 1229 309
4711 1206 285 1229 310
4712 1207 285 1230 310
4713 1204 289 1227 314
4714 1208 289 1231 314
4715 1204 293 1227 318
4716 1205 294 1228 319
4717 1206 295 1229 320
4718 1206 298 1229 323
4719 1204 300 1227 325
4720 1204 301 1227 326
4721 1203 304 1226 329
4722 1203 304 1226 329
4723 1204 307 1227 332
4724 1203 310 1226 335
4725 1202 312 1225 337
4726 1201 314 1224 339
4727 1200 316 1223 341
4728 1201 317 1224 342
4729 1200 320 1223 345
4730 1201 321 1224 346
4731 1201 324 1224 349
4732 1202 325 1225 350
4733 1201 327 1224 352
4734 1201 329 1224 354
4735 1201 331 1224 356
4736 1200 333 1223 358
4737 1199 335 1222 360
4738 1198 337 1221 362
4739 1197 339 1220 364
4740 1196 341 1219 366
4741 1196 342 1219 367
4742 1196 344 1219 369
4743 1196 346 1219 371
4744 1196 349 1219 374
4745 1195 351 1218 376
4746 1195 352 1218 377
4747 1194 354 1217 379
4748 1193 355 1216 380
4749 1193 357 1216 382
4750 1192 359 1215 384
4751 1191 362 1214 387
4752 1191 363 1214 388
4753 1191 366 1214 391
4754 1190 368 1213 393
4755 1190 370 1213 395
4756 1190 372 1213 397
4757 1190 374 1213 399
4758 1189 376 1212 401
4759 1189 377 1212 402
4760 1188 380 1211 405
4761 1187 381 1210 406
4762 1186 383 1209 408
4763 1184 383 1207 408
4764 1184 385 1207 410
4765 1184 387 1207 412
4766 1184 389 1207 414
4767 1183 391 1206 416
4768 1181 394 1204 419
4769 1181 395 1204 420
4770 1181 397 1204 422
4771 1180 400 1203 425
4772 1182 400 1205 425
4773 1182 403 1205 428
4774 1181 405 1204 430
4775 1181 407 1204 432
4776 1179 410 1202 435
4777 1181 412 1204 437
4778 1179 414 1202 439
4779 1178 416 1201 441
4780 1177 418 1200 443
4781 1177 419 1200 444
4782 1178 422 1201 447
4783 1175 422 1198 447
4784 1177 426 1200 451
4785 1174 426 1197 451
4786 1175 428 1198 453
4787 1174 431 1197 456
4788 1172 434 1195 459
4789 1173 433 1196 458
4790 1173 436 1196 461
4791 1173 438 1196 463
4792 1172 440 1195 465
4793 1172 443 1195 468
4794 1171 446 1194 471
4795 1171 447 1194 472
4796 1170 448 1193 473
4797 1170 450 1193 475
4798 1169 452 1192 477
4799 1170 454 1193 479
4800 1169 457 1192 482
4801 1169 458 1192 483
4802 1169 460 1192 485
4803 1169 462 1192 487
4804 1167 465 1190 490
4805 1166 466 1189 491
4806 1165 469 1188 494
4807 1164 471 1187 496
4808 1163 473 1186 498
4809 1162 475 1185 500
4810 1162 477 1185 502
4811 1161 479 1184 504
4812 1162 480 1185 505
4813 1161 483 1184 508
4814 1160 485 1183 510
4815 1161 485 1184 510
4816 1161 487 1184 512
4817 1160 489 1183 514
4818 1161 491 1184 516
4819 1159 494 1182 519
4820 1160 495 1183 520
4821 1159 498 1182 523
4822 1159 499 1182 524
4823 1158 502 1181 527
4824 1157 504 1180 529
4825 1157 506 1180 531
4826 1156 508 1179 533
4827 1155 509 1178 534
4828 1154 511 1177 536
4829 1155 512 1178 537
4830 1154 516 1177 541
4831 1153 517 1176 542
4832 1153 519 1176 544
4833 1154 521 1177 546
4834 1154 524 1177 549
4835 1154 524 1177 549
4836 1154 528 1177 553
4837 1153 531 1176 556
4838 1152 531 1175 556
4839 1151 533 1174 558
4840 1151 534 1174 559
4841 1151 536 1174 561
4842 1150 537 1173 562
4843 1150 539 1173 564
4844 1150 542 1173 567
4845 1150 543 1173 568
4846 1149 545 1172 570
4847 1148 547 1171 572
4848 1149 548 1172 573
4849 1149 550 1172 575
4850 1149 551 1172 576
4851 1149 553 1172 578
4852 1149 555 1172 580
4853 1150 556 1173 581
4854 1150 558 1173 583
4855 1148 559 1171 584
4856 1147 561 1170 586
4857 1147 563 1170 588
4858 1147 565 1170 590
4859 1148 567 1171 592
4860 1146 570 1169 595
4861 1147 571 1170 596
4862 1147 572 1170 597
4863 1149 575 1172 600
4864 1148 576 1171 601
4865 1149 577 1172 602
4866 1148 578 1171 603
4867 1149 580 1172 605
4868 1148 583 1171 608
4869 1147 585 1170 610
4870 1148 587 1171 612
4871 1150 587 1173 612
4872 1147 590 1170 615
4873 1146 594 1169 619
4874 1147 595 1170 620
4875 1146 597 1169 622
4876 1147 597 1170 622
4877 1146 600 1169 625
4878 1145 602 1168 627
4879 1144 604 1167 629
4880 1145 606 1168 631
4881 1145 609 1168 634
4882 1146 610 1169 635
4883 1145 612 1168 637
4884 1145 615 1168 640
4885 1146 616 1169 641
4886 1146 619 1169 644
4887 1144 620 1167 645
4888 1146 622 1169 647
4889 1144 624 1167 649
4890 1145 626 1168 651
4891 1144 628 1167 653
4892 1144 630 1167 655
4893 1145 632 1168 657
4894 1145 634 1168 659
4895 1146 636 1169 661
4896 1146 638 1169 663
4897 1147 640 1170 665
4898 1147 641 1170 666
4899 1148 643 1171 668
4900 1148 647 1171 672
4901 1148 648 1171 673
4902 1149 650 1172 675
4903 1147 656 1170 681
4904 1148 658 1171 683
4905 1146 662 1169 687
4906 1147 663 1170 688
4907 1149 665 1172 690
4908 1148 668 1171 693
4909 1147 669 1170 694
4910 1146 672 1169 697
4911 1146 674 1169 699
4912 1145 674 1168 699
4913 1145 677 1168 702
4914 1145 678 1168 703
4915 1145 679 1168 704
4916 1144 680 1167 705
4917 1145 682 1168 707
4918 1144 684 1167 709
4919 1145 686 1168 711
4920 1144 690 1167 715
4921 1145 693 1168 718
4922 1142 693 1165 718
4923 1141 693 1164 718
4924 1142 694 1165 719
4925 1141 694 1164 719
4926 1141 694 1164 719
4927 1142 694 1165 719
4928 1141 694 1164 719
4929 1142 694 1165 719