481 642 38 661 59
482 640 44 659 65
483 640 47 659 68
484 639 52 658 73
485 637 55 656 76
486 635 59 654 80
487 635 64 654 85
488 633 68 652 89
489 632 70 651 91
490 630 73 649 94
491 628 78 647 99
492 626 81 645 102
493 625 85 644 106
494 623 88 642 109
495 622 91 641 112
496 620 97 639 118
497 617 100 636 121
498 617 104 636 125
499 616 108 635 129
500 613 111 632 132
501 612 115 631 136
502 611 120 630 141
503 609 123 628 144
504 607 126 626 147
505 605 129 624 150
506 603 133 622 154
507 601 136 620 157
508 600 140 619 161
509 598 144 617 165
510 595 148 614 169
511 594 150 613 171
512 592 154 611 175
513 591 157 610 178
514 588 162 607 183
515 586 165 605 186
516 584 168 603 189
517 582 173 601 194
518 580 173 599 194
519 578 176 597 197
520 577 180 596 201
521 574 186 593 207
522 572 190 591 211
523 570 193 589 214
524 568 195 587 216
525 566 197 585 218
526 564 202 583 223
527 562 204 581 225
528 561 207 580 228
529 557 210 576 231
530 557 214 576 235
531 554 215 573 236
532 553 219 572 240
533 551 224 570 245
534 549 226 568 247
535 547 230 566 251
536 546 231 565 252
537 544 236 563 257
538 541 241 560 262
539 538 243 557 264
540 536 244 555 265
541 534 247 553 268
542 534 248 553 269
543 532 251 551 272
544 531 253 550 274
545 530 256 549 277
546 528 246 544 268
547 527 250 543 272
548 525 249 541 271
549 523 253 539 275
550 521 258 537 280
551 518 262 534 284
552 517 265 533 287
553 514 267 530 289
554 511 269 527 291
555 510 271 526 293
556 507 274 523 296
557 506 274 522 296
558 505 276 521 298
559 504 280 520 302
560 502 283 518 305
561 502 285 518 307
562 498 288 514 310
563 497 290 513 312
564 495 292 511 314
565 491 294 507 316
566 489 296 505 318
567 489 298 505 320
568 488 300 504 322
569 486 302 502 324
570 484 301 500 323
571 486 305 502 327
572 483 306 499 328
573 482 310 498 332
574 481 314 497 336
575 480 315 496 337
576 469 319 495 342
577 469 321 495 344
578 467 322 493 345
579 466 323 492 346
580 464 329 490 352
581 463 330 489 353
582 462 332 488 355
583 459 332 485 355
584 458 335 484 358
585 457 338 483 361
586 455 337 481 360
587 457 341 483 364
588 452 341 478 364
589 451 344 477 367
590 450 341 476 364
591 450 345 476 368
592 449 346 475 369
593 448 349 474 372
594 448 347 474 370
595 448 346 474 369
596 447 350 473 373
597 443 355 469 378
598 439 358 465 381
599 438 360 464 383
600 438 358 464 381
601 441 359 467 382
602 440 360 466 383
603 438 368 464 391
604 438 367 464 390
605 435 369 461 392
606 435 369 461 392
607 433 371 459 394
608 433 371 459 394
609 433 371 459 394
610 433 373 459 396
611 432 373 458 396
612 431 375 457 398
613 433 379 459 402
614 430 381 456 404
615 432 384 458 407
616 427 384 453 407
617 426 387 452 410
618 425 388 451 411
619 428 387 454 410
620 426 390 452 413
621 425 392 451 415
622 425 390 451 413
623 425 392 451 415
624 425 398 451 421
625 425 401 451 424
626 425 401 451 424
627 424 404 450 427
628 426 401 452 424
629 427 403 453 426
630 425 404 451 427
631 422 407 448 430
632 420 411 446 434
633 422 414 448 437
634 422 416 448 439
635 420 416 446 439
636 419 418 445 441
637 417 418 443 441
638 415 421 441 444
639 415 423 441 446
640 415 422 441 445
641 415 423 441 446
642 417 428 443 451
643 415 430 441 453
644 414 434 440 457
645 415 433 441 456
646 414 436 440 459
647 414 437 440 460
648 415 440 441 463
649 416 439 442 462
650 416 442 442 465
651 414 444 440 467
652 416 448 442 471
653 415 450 441 473
654 415 452 441 475
655 414 452 440 475
656 414 455 440 478
657 399 445 425 468
658 399 449 425 472
659 416 461 442 484