7414 276 11 302 33
7415 275 10 301 32
7416 275 12 301 34
7417 276 14 302 36
7418 274 14 300 36
7419 274 16 300 38
7420 274 18 300 40
7421 274 20 300 42
7422 276 22 302 44
7423 277 26 303 48
7424 274 25 300 47
7425 274 27 300 49
7426 277 31 303 53
7427 273 32 299 54
7428 275 35 301 57
7429 275 36 301 58
7430 275 38 301 60
7431 275 37 301 59
7432 275 42 301 64
7433 276 43 302 65
7434 275 46 301 68
7435 274 45 300 67
7436 275 48 301 70
7437 274 48 300 70
7438 273 51 299 73
7439 273 52 299 74
7440 273 53 299 75
7441 274 55 300 77
7442 274 57 300 79
7443 273 58 299 80
7444 273 61 299 83
7445 273 62 299 84
7446 273 64 299 86
7447 274 67 300 89
7448 274 68 300 90
7449 274 69 300 91
7450 273 69 299 91
7451 274 73 300 95
7452 273 73 299 95
7453 272 77 298 99
7454 272 75 298 97
7455 272 78 298 100
7456 272 79 298 101
7457 270 79 296 101
7458 271 81 297 103
7459 272 85 298 107
7460 272 85 298 107
7461 271 89 297 111
7462 271 90 297 112
7463 272 92 298 114
7464 271 93 297 115
7465 272 94 298 116
7466 271 96 297 118
7467 270 97 296 119
7468 271 99 297 121
7469 271 101 297 123
7470 271 102 297 124
7471 272 105 298 127
7472 270 107 296 129
7473 272 107 298 129
7474 271 94 299 125
7475 270 96 298 127
7476 270 98 298 129
7477 270 100 298 131
7478 271 101 299 132
7479 271 103 299 134
7480 271 105 299 136
7481 271 106 299 137
7482 270 108 298 139
7483 272 108 300 139
7484 270 111 298 142
7485 271 112 299 143
7486 272 114 300 145
7487 273 115 301 146
7488 272 117 300 148
7489 273 119 301 150
7490 271 119 299 150
7491 273 121 301 152
7492 273 123 301 154
7493 271 123 299 154
7494 272 125 300 156
7495 271 127 299 158
7496 273 128 301 159
7497 272 130 300 161
7498 273 132 301 163
7499 268 131 296 162
7500 272 134 300 165
7501 273 136 301 167
7502 273 137 301 168
7503 272 140 300 171
7504 273 140 301 171
7505 273 141 301 172
7506 274 142 302 173
7507 273 143 301 174
7508 273 146 301 177
7509 273 146 301 177
7510 274 149 302 180
7511 275 151 303 182
7512 275 152 303 183
7513 275 155 303 186
7514 274 155 302 186
7515 273 155 301 186
7516 272 158 300 189
7517 271 159 299 190
7518 274 160 302 191
7519 274 162 302 193
7520 275 164 303 195
7521 276 166 304 197
7522 276 167 304 198
7523 276 167 304 198
7524 277 168 305 199
7525 275 169 303 200
7526 277 171 305 202
7527 278 174 306 205
7528 277 175 305 206
7529 277 177 305 208
7530 277 177 305 208
7531 277 179 305 210
7532 277 181 305 212
7533 277 181 305 212
7534 278 182 306 213
7535 278 184 306 215
7536 278 186 306 217
7537 278 186 306 217
7538 278 188 306 219
7539 278 189 306 220
7540 279 192 307 223
7541 278 193 306 224
7542 276 195 304 226
7543 279 196 307 227
7544 279 198 307 229
7545 279 200 307 231
7546 279 200 307 231
7547 280 200 308 231
7548 279 203 307 234
7549 280 205 308 236
7550 280 206 308 237
7551 280 207 308 238
7552 281 209 309 240
7553 281 210 309 241
7554 280 212 308 243
7555 281 214 309 245
7556 281 215 309 246
7557 281 216 309 247
7558 281 217 309 248
7559 281 220 309 251
7560 282 221 310 252
7561 281 222 309 253
7562 281 224 309 255
7563 280 224 308 255
7564 281 225 309 256
7565 281 227 309 258
7566 282 229 310 260
7567 280 230 308 261
7568 282 232 310 263
7569 282 234 310 265
7570 282 235 310 266
7571 282 237 310 268
7572 282 237 310 268
7573 282 239 310 270
7574 283 241 311 272
7575 283 243 311 274
7576 283 244 311 275
7577 283 245 311 276
7578 283 247 311 278
7579 283 247 311 278
7580 283 248 311 279
7581 283 250 311 281
7582 283 252 311 283
7583 283 254 311 285
7584 283 255 311 286
7585 283 257 311 288
7586 284 259 312 290
7587 283 260 311 291
7588 284 262 312 293
7589 282 262 310 293
7590 284 263 312 294
7591 284 265 312 296
7592 284 266 312 297
7593 285 268 313 299
7594 284 269 312 300
7595 284 270 312 301
7596 285 272 313 303
7597 285 274 313 305
7598 285 274 313 305
7599 286 276 314 307
7600 286 277 314 308
7601 286 278 314 309
7602 286 280 314 311
7603 286 283 314 314
7604 286 284 314 315
7605 286 286 314 317
7606 287 287 315 318
7607 287 288 315 319
7608 287 291 315 322
7609 287 293 315 324
7610 287 295 315 326
7611 286 295 314 326
7612 286 296 314 327
7613 287 299 315 330
7614 287 300 315 331
7615 287 302 315 333
7616 287 304 315 335
7617 286 302 314 333
7618 287 304 315 335
7619 287 307 315 338
7620 286 309 314 340
7621 287 311 315 342
7622 287 312 315 343
7623 287 314 315 345
7624 288 315 316 346
7625 288 319 316 350
7626 286 317 314 348
7627 287 321 315 352
7628 288 322 316 353
7629 287 325 315 356
7630 287 325 315 356
7631 288 326 316 357
7632 287 327 315 358
7633 287 328 315 359
7634 287 330 315 361
7635 287 332 315 363
7636 287 333 315 364
7637 287 335 315 366
7638 287 337 315 368
7639 287 339 315 370
7640 288 340 316 371
7641 287 343 315 374
7642 287 344 315 375
7643 287 345 315 376
7644 287 348 315 379
7645 287 349 315 380
7646 287 350 315 381
7647 287 352 315 383
7648 284 352 312 383
7649 288 354 316 385
7650 288 357 316 388
7651 288 359 316 390
7652 288 358 316 389
7653 288 362 316 393
7654 288 364 316 395
7655 287 360 315 391
7656 287 364 315 395
7657 287 366 315 397
7658 287 369 315 400
7659 287 370 315 401
7660 286 374 314 405
7661 285 373 313 404
7662 287 374 315 405
7663 287 376 315 407
7664 287 377 315 408
7665 287 379 315 410
7666 287 381 315 412
7667 287 383 315 414
7668 285 385 313 416
7669 285 386 313 417
7670 286 389 314 420
7671 285 390 313 421
7672 285 392 313 423
7673 285 394 313 425
7674 285 396 313 427
7675 285 398 313 429
7676 285 399 313 430
7677 286 399 314 430
7678 286 402 314 433
7679 287 404 315 435
7680 286 405 314 436
7681 286 407 314 438
7682 286 409 314 440
7683 286 409 314 440
7684 286 410 314 441
7685 285 411 313 442
7686 285 413 313 444
7687 285 415 313 446
7688 283 419 311 450
7689 285 419 313 450
7690 285 420 313 451
7691 284 423 312 454
7692 284 425 312 456
7693 284 427 312 458
7694 284 428 312 459
7695 284 430 312 461
7696 284 430 312 461
7697 284 433 312 464
7698 282 435 310 466
7699 283 437 311 468
7700 283 438 311 469
7701 283 439 311 470
7702 283 442 311 473
7703 284 442 312 473
7704 283 445 311 476
7705 282 447 310 478
7706 282 448 310 479
7707 283 448 311 479
7708 282 449 310 480
7709 282 451 310 482
7710 282 452 310 483
7711 281 454 309 485
7712 282 456 310 487
7713 282 458 310 489
7714 282 460 310 491
7715 281 462 309 493
7716 280 466 308 497
7717 279 467 307 498
7718 281 468 309 499
7719 281 467 309 498
7720 281 472 309 503
7721 281 473 309 504
7722 280 473 308 504
7723 280 474 308 505
7724 279 477 307 508
7725 279 478 307 509
7726 279 481 307 512
7727 280 483 308 514
7728 280 482 308 513
7729 280 483 308 514
7730 279 487 307 518
7731 278 490 306 521
7732 278 492 306 523
7733 278 493 306 524
7734 278 493 306 524
7735 277 497 305 528
7736 275 499 303 530
7737 277 498 305 529
7738 276 500 304 531
7739 276 502 304 533
7740 275 505 303 536
7741 276 505 304 536
7742 275 508 303 539
7743 273 510 301 541
7744 274 511 302 542
7745 275 513 303 544
7746 274 514 302 545
7747 274 516 302 547
7748 273 517 301 548
7749 273 519 301 550
7750 276 521 304 552
7751 271 523 299 554
7752 270 525 298 556
7753 270 527 298 558
7754 270 526 298 557
7755 269 528 297 559
7756 270 531 298 562
7757 270 532 298 563
7758 270 534 298 565
7759 272 536 300 567
7760 270 538 298 569
7761 268 538 296 569
7762 268 540 296 571
7763 268 541 296 572
7764 267 544 295 575
7765 267 544 295 575
7766 268 547 296 578
7767 266 547 294 578
7768 267 551 295 582
7769 267 551 295 582
7770 266 553 294 584
7771 266 555 294 586
7772 265 557 293 588
7773 264 557 292 588
7774 265 561 293 592
7775 265 561 293 592
7776 265 562 293 593
7777 265 563 293 594
7778 264 566 292 597
7779 264 567 292 598
7780 264 569 292 600
7781 263 569 291 600
7782 264 573 292 604
7783 263 573 291 604
7784 263 576 291 607
7785 263 577 291 608
7786 263 579 291 610
7787 262 581 290 612
7788 262 583 290 614
7789 262 584 290 615
7790 262 586 290 617
7791 261 587 289 618
7792 261 589 289 620
7793 261 591 289 622
7794 261 593 289 624
7795 260 594 288 625
7796 262 596 290 627
7797 260 597 288 628
7798 260 600 288 631
7799 260 601 288 632
7800 259 603 287 634
7801 259 604 287 635
7802 259 606 287 637
7803 259 608 287 639
7804 259 610 287 641
7805 259 613 287 644
7806 259 614 287 645
7807 259 615 287 646
7808 259 617 287 648
7809 258 619 286 650
7810 258 621 286 652
7811 258 623 286 654
7812 258 624 286 655
7813 258 626 286 657
7814 258 627 286 658
7815 257 629 285 660
7816 257 630 285 661
7817 256 632 284 663
7818 257 635 285 666
7819 257 637 285 668
7820 256 639 284 670
7821 257 638 285 669
7822 257 640 285 671
7823 256 642 284 673
7824 256 644 284 675
7825 255 646 283 677
7826 255 647 283 678
7827 255 649 283 680
7828 255 651 283 682
7829 256 652 284 683
7830 256 654 284 685
7831 255 656 283 687
7832 254 658 282 689
7833 254 660 282 691
7834 253 662 281 693
7835 253 664 281 695
7836 253 665 281 696
7837 253 668 281 699
7838 253 670 281 701
7839 253 672 281 703
7840 253 674 281 705
7841 251 676 279 707
7842 251 677 279 708
7843 250 679 278 710
7844 250 680 278 711
7845 250 683 278 714
7846 251 686 279 717
7847 249 686 277 717
7848 249 688 277 719
7849 250 688 278 719
7850 250 688 278 719
7851 257 671 285 702
7852 257 672 285 703
7853 256 677 284 708
7854 257 677 285 708
7855 256 680 284 711
7856 256 683 284 714
