8217 374 24 402 46
8218 375 32 403 54
8219 374 35 402 57
8220 375 33 403 55
8221 374 36 402 58
8222 372 38 400 60
8223 371 41 399 63
8224 370 43 398 65
8225 368 47 396 69
8226 368 50 396 72
8227 366 52 394 74
8228 365 53 393 75
8229 364 56 392 78
8230 363 58 391 80
8231 361 60 389 82
8232 360 63 388 85
8233 359 65 387 87
8234 356 68 384 90
8235 356 69 384 91
8236 353 74 381 96
8237 353 74 381 96
8238 353 79 381 101
8239 351 81 379 103
8240 351 84 379 106
8241 350 87 378 109
8242 350 89 378 111
8243 348 90 376 112
8244 343 93 371 115
8245 347 98 375 120
8246 342 99 370 121
8247 341 102 369 124
8248 343 106 371 128
8249 342 108 370 130
8250 343 111 371 133
8251 340 116 368 138
8252 337 115 365 137
8253 337 121 365 143
8254 336 123 364 145
8255 335 125 363 147
8256 335 130 363 152
8257 334 131 362 153
8258 333 135 361 157
8259 332 137 360 159
8260 330 138 358 160
8261 329 142 357 164
8262 329 145 357 167
8263 327 148 355 170
8264 326 151 354 173
8265 324 151 352 173
8266 323 154 351 176
8267 322 156 350 178
8268 319 159 347 181
8269 318 162 346 184
8270 318 164 346 186
8271 317 168 345 190
8272 315 171 343 193
8273 314 174 342 196
8274 312 177 340 199
8275 311 180 339 202
8276 309 183 337 205
8277 311 185 339 207
8278 309 187 337 209
8279 308 190 336 212
8280 307 193 335 215
8281 306 196 334 218
8282 306 198 334 220
8283 304 202 332 224
8284 303 206 331 228
8285 302 208 330 230
8286 302 210 330 232
8287 300 213 328 235
8288 297 216 325 238
8289 297 219 325 241
8290 295 223 323 245
8291 294 226 322 248
8292 295 228 323 250
8293 292 232 320 254
8294 291 236 319 258
8295 290 239 318 261
8296 290 241 318 263
8297 288 245 316 267
8298 288 247 316 269
8299 286 251 314 273
8300 286 254 314 276
8301 285 257 313 279
8302 284 260 312 282
8303 283 264 311 286
8304 283 266 311 288
8305 283 269 311 291
8306 281 272 309 294
8307 280 275 308 297
8308 279 278 307 300
8309 278 282 306 304
8310 277 285 305 307
8311 277 289 305 311
8312 277 291 305 313
8313 276 294 304 316
8314 275 297 303 319
8315 275 301 303 323
8316 274 304 302 326
8317 273 307 301 329
8318 272 310 300 332
8319 271 313 299 335
8320 270 317 298 339
8321 270 319 298 341
8322 269 322 297 344
8323 268 325 296 347
8324 268 327 296 349
8325 267 330 295 352
8326 266 335 294 357
8327 265 339 293 361
8328 266 340 294 362
8329 265 343 293 365
8330 264 348 292 370
8331 264 351 292 373
8332 263 354 291 376
8333 263 357 291 379
8334 261 361 289 383
8335 260 364 288 386
8336 260 367 288 389
8337 259 370 287 392
8338 259 373 287 395
8339 258 376 286 398
8340 257 379 285 401
8341 257 382 285 404
8342 255 385 283 407
8343 254 389 282 411
8344 255 393 283 415
8345 254 395 282 417
8346 254 398 282 420
8347 253 401 281 423
8348 252 404 280 426
8349 251 408 279 430
8350 251 410 279 432
8351 250 414 278 436
8352 249 417 277 439
8353 250 420 278 442
8354 249 422 277 444
8355 247 427 275 449
8356 247 430 275 452
8357 246 434 274 456
8358 246 437 274 459
8359 245 439 273 461
8360 245 442 273 464
8361 244 446 272 468
8362 244 448 272 470
8363 243 452 271 474
8364 243 454 271 476
8365 242 459 270 481
8366 242 462 270 484
8367 241 464 269 486
8368 240 467 268 489
8369 240 471 268 493
8370 239 474 267 496
8371 239 477 267 499
8372 238 480 266 502
8373 238 483 266 505
8374 238 486 266 508
8375 238 488 266 510
8376 236 492 264 514
8377 236 496 264 518
8378 235 499 263 521
8379 236 501 264 523
8380 236 504 264 526
8381 234 507 262 529
8382 235 510 263 532
8383 234 513 262 535
8384 234 516 262 538
8385 233 519 261 541
8386 234 522 262 544
8387 234 526 262 548
8388 233 528 261 550
8389 232 531 260 553
8390 232 534 260 556
8391 231 538 259 560
8392 230 541 258 563
8393 231 543 259 565
8394 231 546 259 568
8395 231 549 259 571
8396 230 552 258 574
8397 230 555 258 577
8398 230 557 258 579
8399 230 560 258 582
8400 229 563 257 585
8401 229 566 257 588
8402 229 569 257 591
8403 229 572 257 594
8404 228 576 256 598
8405 227 579 255 601
8406 226 582 254 604
8407 226 584 254 606
8408 227 587 255 609
8409 228 591 256 613
8410 227 594 255 616
8411 226 596 254 618
8412 226 599 254 621
8413 226 602 254 624
8414 227 605 255 627
8415 226 608 254 630
8416 223 610 251 632
8417 226 613 254 635
8418 225 616 253 638
8419 225 619 253 641
8420 225 622 253 644
8421 224 626 252 648
8422 224 627 252 649
8423 224 630 252 652
8424 225 632 253 654
8425 225 635 253 657
8426 223 638 251 660
8427 223 641 251 663
8428 224 644 252 666
8429 224 648 252 670
8430 224 651 252 673
8431 224 653 252 675
8432 223 657 251 679
8433 223 660 251 682
8434 223 662 251 684
8435 223 665 251 687
8436 224 667 252 689
8437 224 671 252 693
8438 223 673 251 695
8439 224 676 252 698
8440 223 680 251 702
8441 223 683 251 705
8442 224 685 252 707
8443 223 689 251 711
8444 225 692 253 714
8445 224 694 252 716
8446 224 697 252 719
8447 223 697 251 719
8448 222 697 250 719
8449 222 697 250 719
