90 623 657 660 690
91 620 652 657 685
92 617 647 654 680
93 614 645 651 678
94 612 642 649 675
95 610 638 647 671
96 609 635 646 668
97 606 633 643 666
98 607 627 644 660
99 608 623 645 656
100 606 616 643 649
101 604 614 641 647
102 603 610 640 643
103 601 607 638 640
104 599 602 636 635
105 596 601 633 634
106 596 595 633 628
107 597 589 634 622
108 592 589 629 622
109 589 588 626 621
110 588 583 625 616
111 589 579 626 612
112 586 576 623 609
113 586 574 623 607
114 583 571 620 604
115 584 568 621 601
116 584 564 621 597
117 582 560 619 593
118 582 556 619 589
119 579 555 616 588
120 578 551 615 584
121 579 549 616 582
122 578 545 615 578
123 577 542 614 575
124 576 540 613 573
125 575 536 612 569
126 575 532 612 565
127 575 530 612 563
128 570 532 607 565
129 570 529 607 562
130 570 523 607 556
131 569 521 606 554
132 569 517 606 550
133 569 515 606 548
134 569 512 606 545
135 570 507 607 540
136 567 505 604 538
137 567 501 604 534
138 568 497 605 530
139 569 493 606 526
140 567 490 604 523
141 573 486 610 519
142 570 482 607 515
143 568 478 605 511
144 568 474 605 507
145 569 473 606 506
146 567 468 604 501
147 567 464 604 497
148 569 463 606 496
149 571 462 608 495
150 571 459 608 492
151 572 456 609 489
152 573 452 610 485
153 574 449 611 482
154 572 447 609 480
155 573 443 610 476
156 568 443 605 476
157 570 439 607 472
158 568 435 605 468
159 568 433 605 466
160 570 429 607 462
161 571 425 608 458
162 571 421 608 454
163 572 418 609 451
164 572 414 609 447
165 571 411 608 444
166 572 408 609 441
167 572 405 609 438
168 574 402 611 435
169 572 400 609 433
170 573 397 610 430
171 574 394 611 427
172 574 392 611 425
173 575 388 612 421
174 576 385 613 418
175 575 382 612 415
176 576 381 613 414
177 576 378 613 411
178 576 375 613 408
179 577 371 614 404
180 576 371 613 404
181 578 367 615 400
182 578 365 615 398
183 576 364 613 397
184 578 361 615 394
185 579 358 616 391
186 579 354 616 387
187 580 351 617 384
188 580 352 617 385
189 581 348 618 381
190 580 342 617 375
191 580 338 617 371
192 583 338 620 371
193 582 334 619 367
194 582 331 619 364
195 584 329 621 362
196 582 328 619 361
197 584 327 621 360
198 586 324 623 357
199 587 320 624 353
200 588 316 625 349
201 589 312 626 345
202 589 311 626 344
203 590 308 627 341
204 591 305 628 338
205 591 303 628 336
206 592 301 629 334
207 593 297 630 330
208 592 295 629 328
209 593 293 630 326
210 592 291 629 324
211 595 288 632 321
212 596 287 633 320
213 596 284 633 317
214 597 281 634 314
215 597 278 634 311
216 598 274 635 307
217 596 274 633 307
218 597 271 634 304
219 598 268 635 301
220 599 265 636 298
221 600 262 637 295
222 599 261 636 294
223 600 258 637 291
224 601 256 638 289
225 601 253 638 286
226 601 251 638 284
227 601 250 638 283
228 602 246 639 279
229 604 243 641 276
230 604 241 641 274
231 605 240 642 273
232 605 237 642 270
233 604 236 641 269
234 607 230 644 263
235 605 228 642 261
236 604 226 641 259
237 607 223 644 256
238 607 220 644 253
239 609 217 646 250
240 610 215 647 248
241 609 213 646 246
242 610 211 647 244
243 612 207 649 240
244 613 204 650 237
245 613 202 650 235
246 613 200 650 233
247 612 198 649 231
248 614 195 651 228
249 614 192 651 225
250 613 191 650 224
251 614 190 651 223
252 615 186 652 219
253 615 183 652 216
254 615 182 652 215
255 616 179 653 212
256 616 177 653 210
257 617 174 654 207
258 617 171 654 204
259 615 170 652 203
260 615 168 652 201
261 618 165 655 198
262 619 164 656 197
263 620 160 657 193
264 619 157 656 190
265 620 156 647 187
266 619 152 646 183
267 620 150 647 181
268 619 148 646 179
269 620 147 647 178
270 620 145 647 176
271 622 141 649 172
272 621 139 648 170
273 622 138 649 169
274 623 135 650 166
275 624 131 651 162
276 624 130 651 161
277 624 127 651 158
278 625 125 652 156
279 625 121 652 152
280 626 120 653 151
281 626 117 653 148
282 628 113 655 144
283 626 112 653 143
284 626 110 653 141
285 628 107 655 138
286 627 104 654 135
287 628 102 655 133
288 628 100 655 131
289 629 96 656 127
290 630 93 657 124
291 629 92 656 123
292 630 89 657 120
293 631 86 658 117
294 630 84 657 115
295 630 81 657 112
296 631 79 658 110
297 630 76 657 107
298 631 74 658 105
299 632 71 659 102
300 632 69 659 100
301 631 65 658 96
302 632 64 659 95
303 632 61 659 92
304 633 59 660 90
305 632 56 659 87
306 632 53 659 84
307 632 51 659 82
308 634 48 661 79
309 634 46 661 77
310 636 43 663 74
311 636 41 663 72
312 636 38 663 69
313 637 35 664 66
314 637 33 664 64
315 637 31 664 62
316 636 26 663 57
317 636 24 663 55
318 637 22 664 53
319 637 19 664 50
320 638 17 665 48
321 638 14 665 45
322 638 10 665 41
323 637 8 664 39
324 637 4 664 35
325 639 3 666 34
326 639 0 666 31
327 639 0 666 31
328 639 0 666 31
329 641 0 668 31
330 638 0 665 31