9777 601 21 623 39
9778 600 22 622 40
9779 601 24 623 42
9780 602 26 624 44
9781 601 27 623 45
9782 604 29 626 47
9783 604 31 626 49
9784 601 31 623 49
9785 601 33 623 51
9786 602 34 624 52
9787 602 36 624 54
9788 604 35 626 53
9789 602 38 624 56
9790 602 38 624 56
9791 602 42 624 60
9792 602 42 624 60
9793 602 44 624 62
9794 602 46 624 64
9795 603 47 625 65
9796 603 49 625 67
9797 603 51 625 69
9798 603 52 625 70
9799 603 55 625 73
9800 603 56 625 74
9801 603 58 625 76
9802 605 58 627 76
9803 607 58 629 76
9804 605 60 627 78
9805 607 62 629 80
9806 607 64 629 82
9807 607 66 629 84
9808 607 66 629 84
9809 607 69 629 87
9810 607 71 629 89
9811 608 71 630 89
9812 608 71 630 89
9813 608 76 630 94
9814 608 77 630 95
9815 608 79 630 97