2580 621 36 649 60
2581 620 38 648 62
2582 618 40 646 64
2583 617 42 645 66
2584 616 44 644 68
2585 614 47 642 71
2586 611 50 639 74
2587 610 53 638 77
2588 607 55 635 79
2589 606 57 634 81
2590 605 60 633 84
2591 603 63 631 87
2592 606 63 634 87
2593 604 65 632 89
2594 602 69 630 93
2595 603 72 631 96
2596 604 73 632 97
2597 601 76 629 100
2598 602 77 630 101
2599 598 80 626 104
2600 599 81 627 105
2601 596 85 624 109
2602 596 87 624 111
2603 596 88 624 112
2604 591 91 619 115
2605 590 90 618 114
2606 587 96 615 120
2607 584 101 612 125
2608 585 102 613 126
2609 585 104 613 128
2610 582 108 610 132
2611 581 109 609 133
2612 578 109 606 133
2613 578 114 606 138
2614 574 117 602 141
2615 575 118 603 142
2616 581 122 609 146
2617 579 123 607 147
2618 579 126 607 150
2619 578 127 606 151
2620 574 129 602 153
2621 573 132 601 156
2622 574 135 602 159
2623 573 134 601 158
2624 571 139 599 163
2625 570 142 598 166
2626 566 147 594 171
2627 564 147 592 171
2628 565 148 593 172
2629 563 151 591 175
2630 564 153 592 177
2631 563 153 591 177
2632 562 158 590 182
2633 561 156 589 180
2634 561 161 589 185
2635 560 164 588 188
2636 557 164 585 188
2637 558 167 586 191
2638 558 174 586 198
2639 557 175 585 199
2640 555 176 583 200
2641 553 180 581 204
2642 553 183 581 207
2643 551 186 579 210
2644 549 188 577 212
2645 548 191 576 215
2646 549 193 577 217
2647 549 194 577 218
2648 547 195 575 219
2649 546 196 574 220
2650 546 202 574 226
2651 545 205 573 229
2652 544 208 572 232
2653 542 210 570 234
2654 539 215 567 239
2655 538 218 566 242
2656 537 221 565 245
2657 536 222 564 246
2658 535 222 563 246
2659 534 225 562 249
2660 534 226 562 250
2661 533 229 561 253
2662 533 230 561 254
2663 532 232 560 256
2664 529 235 557 259
2665 532 241 560 265
2666 529 242 557 266
2667 529 245 557 269
2668 528 247 556 271
2669 525 251 553 275
2670 526 253 554 277
2671 525 255 553 279
2672 523 260 551 284
2673 520 261 548 285
2674 521 263 549 287
2675 521 265 549 289
2676 518 267 546 291
2677 517 269 545 293
2678 516 271 544 295
2679 515 274 543 298
2680 514 276 542 300
2681 513 280 541 304
2682 513 283 541 307
2683 513 287 541 311
2684 513 289 541 313
2685 510 292 538 316
2686 509 295 537 319
2687 508 298 536 322
2688 508 300 536 324
2689 508 302 536 326
2690 508 302 536 326
2691 506 305 534 329
2692 505 307 533 331
2693 504 310 532 334
2694 503 313 531 337
2695 502 314 530 338
2696 502 316 530 340
2697 501 318 529 342
2698 500 321 528 345
2699 499 326 527 350
2700 498 328 526 352
2701 498 332 526 356
2702 496 336 524 360
2703 496 337 524 361
2704 494 340 522 364
2705 495 341 523 365
2706 493 344 521 368
2707 492 346 520 370
2708 491 348 519 372
2709 490 352 518 376
2710 489 353 517 377
2711 489 356 517 380
2712 488 358 516 382
2713 487 359 515 383
2714 486 359 514 383
2715 486 360 514 384
2716 484 362 512 386
2717 482 365 510 389
2718 481 367 509 391
2719 480 370 508 394
2720 482 383 510 407
2721 482 385 510 409
2722 479 388 507 412
2723 479 392 507 416
2724 478 393 506 417
2725 476 396 504 420
2726 475 398 503 422
2727 476 400 504 424
2728 475 401 503 425
2729 473 405 501 429
2730 471 409 499 433
2731 471 409 499 433
2732 469 412 497 436
2733 469 415 497 439
2734 471 421 499 445
2735 470 422 498 446
2736 470 426 498 450
2737 469 427 497 451
2738 467 429 495 453
2739 465 431 493 455
2740 465 433 493 457
2741 463 437 491 461
2742 462 439 490 463
2743 460 443 488 467
2744 457 448 485 472
2745 455 451 483 475
2746 457 452 485 476
2747 456 453 484 477
2748 456 456 484 480
2749 456 459 484 483
2750 455 461 483 485
2751 456 464 484 488
2752 455 466 483 490
2753 454 468 482 492
2754 454 471 482 495
2755 452 473 480 497
2756 451 476 479 500
2757 450 479 478 503
2758 449 481 477 505
2759 448 485 476 509
2760 447 488 475 512
2761 447 490 475 514
2762 446 493 474 517
2763 447 498 475 522
2764 446 500 474 524
2765 446 504 474 528
2766 445 507 473 531
2767 444 509 472 533
2768 444 510 472 534
2769 442 512 470 536
2770 441 516 469 540
2771 440 518 468 542
2772 439 520 467 544
2773 439 523 467 547
2774 438 526 466 550
2775 437 528 465 552
2776 436 531 464 555
2777 434 536 462 560
2778 434 539 462 563
2779 433 544 461 568
2780 432 547 460 571
2781 431 548 459 572
2782 430 550 458 574
2783 429 552 457 576
2784 428 556 456 580
2785 427 558 455 582
2786 427 561 455 585
2787 427 563 455 587
2788 427 566 455 590
2789 426 569 454 593
2790 425 571 453 595
2791 424 573 452 597
2792 425 575 453 599
2793 423 581 451 605
2794 422 582 450 606
2795 421 585 449 609
2796 420 589 448 613
2797 420 591 448 615
2798 419 593 447 617
2799 419 596 447 620
2800 418 599 446 623
2801 418 601 446 625
2802 417 603 445 627
2803 416 607 444 631
2804 416 609 444 633
2805 416 612 444 636
2806 415 614 443 638
2807 415 618 443 642
2808 414 622 442 646
2809 413 624 441 648
2810 412 626 440 650
2811 412 630 440 654
2812 411 633 439 657
2813 410 634 438 658
2814 411 637 439 661
2815 408 640 436 664
2816 408 641 436 665
2817 408 647 436 671
2818 407 650 435 674
2819 406 652 434 676
2820 405 654 433 678
2821 404 657 432 681
2822 404 658 432 682
2823 404 660 432 684
2824 405 668 433 692
2825 404 671 432 695
2826 403 674 431 698
2827 402 676 430 700
2828 401 678 429 702
2829 400 678 428 702
2830 400 680 428 704
2831 399 684 427 708
2832 399 686 427 710