523 126 38 160 64
524 126 39 160 65
525 126 41 160 67
526 127 42 161 68
527 127 44 161 70
528 127 48 161 74
529 127 48 161 74
530 125 50 159 76
531 126 52 160 78
532 126 54 160 80
533 128 56 162 82
534 128 60 162 86
535 129 62 163 88
536 129 65 163 91
537 130 67 164 93
538 128 70 162 96
539 129 70 163 96
540 129 74 163 100
541 129 73 163 99
542 129 77 163 103
543 132 79 166 105
544 130 81 164 107
545 135 81 169 107
546 135 83 169 109
547 133 89 167 115
548 135 87 169 113
549 136 91 170 117
550 136 92 170 118
551 136 94 170 120
552 136 97 170 123
553 137 100 171 126
554 138 99 172 125
555 136 105 170 131
556 137 108 171 134
557 138 110 172 136
558 139 110 173 136
559 138 114 172 140
560 138 116 172 142
561 138 120 172 146
562 138 119 172 145
563 138 122 172 148
564 139 125 173 151
565 138 126 172 152
566 139 127 173 153
567 140 132 174 158
568 140 135 174 161
569 140 139 174 165
570 141 138 175 164
571 141 140 175 166
572 142 143 176 169
573 141 148 175 174
574 141 150 175 176
575 143 153 177 179
576 143 152 177 178
577 143 156 177 182
578 142 160 176 186
579 141 162 175 188
580 142 164 176 190
581 142 170 176 196
582 143 172 177 198
583 143 175 177 201
584 144 177 178 203
585 144 179 178 205
586 144 180 178 206
587 143 179 177 205
588 144 184 178 210
589 144 186 178 212
590 145 188 179 214
591 145 190 179 216
592 145 193 179 219
593 145 195 179 221
594 146 198 180 224
595 147 200 181 226
596 145 203 179 229
597 145 204 179 230
598 146 208 180 234
599 147 210 181 236
600 147 212 181 238
601 147 214 181 240
602 148 216 182 242
603 148 217 182 243
604 147 222 181 248
605 147 222 181 248
606 148 226 182 252
607 148 228 182 254
608 149 231 183 257
609 149 233 183 259
610 148 235 182 261
611 149 236 183 262
612 148 237 182 263
613 149 242 183 268
614 149 244 183 270
615 148 246 182 272
616 148 248 182 274
617 151 251 185 277
618 150 254 184 280
619 150 257 184 283
620 150 259 184 285
621 150 262 184 288
622 149 264 183 290
623 149 267 183 293
624 150 269 184 295
625 149 270 183 296
626 150 273 184 299
627 150 276 184 302
628 150 279 184 305
629 150 281 184 307
630 151 284 185 310
631 150 286 184 312
632 150 289 184 315
633 150 291 184 317
634 150 293 184 319
635 150 295 184 321
636 149 297 183 323
637 150 300 184 326
638 149 301 183 327
639 149 305 183 331
640 149 306 183 332
641 149 309 183 335
642 149 311 183 337
643 149 314 183 340
644 149 315 183 341
645 148 320 182 346
646 147 323 181 349
647 148 323 182 349
648 147 327 181 353
649 147 331 181 357
650 147 332 181 358
651 148 332 182 358
652 148 337 182 363
653 146 339 180 365
654 147 339 181 365
655 147 343 181 369
656 147 345 181 371
657 148 346 182 372
658 147 350 181 376
659 147 352 181 378
660 147 354 181 380
661 147 357 181 383
662 147 357 181 383
663 148 359 182 385
664 148 362 182 388
665 146 366 180 392
666 147 368 181 394
667 147 371 181 397
668 147 373 181 399
669 148 375 182 401
670 148 377 182 403
671 149 380 183 406
672 149 382 183 408
673 149 384 183 410
674 148 387 182 413
675 148 389 182 415
676 147 392 181 418
677 148 395 182 421
678 148 397 182 423
679 147 399 181 425
680 146 402 180 428
681 147 405 181 431
682 146 407 180 433
683 146 410 180 436
684 146 412 180 438
685 145 414 179 440
686 144 416 178 442
687 145 419 179 445
688 145 421 179 447
689 145 423 179 449
690 146 425 180 451
691 144 428 178 454
692 145 430 179 456
693 145 432 179 458
694 145 434 179 460
695 145 436 179 462
696 144 439 178 465
697 144 441 178 467
698 144 444 178 470
699 145 446 179 472
700 143 448 177 474
701 143 452 177 478
702 144 452 178 478
703 143 456 177 482
704 144 458 178 484
705 142 460 176 486
706 142 462 176 488
707 144 466 178 492
708 143 468 177 494
709 143 469 177 495
710 143 472 177 498
711 143 474 177 500
712 143 478 177 504
713 142 480 176 506
714 143 483 177 509
715 141 484 175 510
716 143 487 177 513
717 142 489 176 515
718 142 491 176 517
719 142 494 176 520
720 141 497 175 523
721 140 499 174 525
722 142 501 176 527
723 140 503 174 529
724 140 505 174 531
725 142 508 176 534
726 142 510 176 536
727 141 513 175 539
728 141 516 175 542
729 141 519 175 545
730 140 521 174 547
731 140 523 174 549
732 140 525 174 551
733 140 528 174 554
734 140 530 174 556
735 140 532 174 558
736 139 535 173 561
737 138 538 172 564
738 139 539 173 565
739 138 542 172 568
740 137 544 171 570
741 136 546 170 572
742 137 549 171 575
743 137 551 171 577
744 137 554 171 580
745 137 556 171 582
746 137 559 171 585
747 138 561 172 587
748 136 563 170 589
749 136 565 170 591
750 134 568 168 594
751 135 570 169 596
752 135 572 169 598
753 133 577 167 603
754 133 578 167 604
755 132 578 166 604
756 132 582 166 608
757 132 585 166 611
758 131 587 165 613
759 131 589 165 615
760 130 591 164 617
761 130 594 164 620
762 130 597 164 623
763 132 596 166 622
764 130 602 164 628
765 132 601 166 627
766 130 607 164 633
767 129 609 163 635
768 130 611 164 637
769 129 614 163 640
770 129 616 163 642
771 128 619 162 645
772 128 621 162 647
773 126 621 160 647
774 125 625 159 651
775 126 627 160 653
776 126 631 160 657
777 126 631 160 657
778 125 635 159 661
779 124 636 158 662
780 125 637 159 663
781 124 638 158 664
782 121 643 155 669
783 120 644 154 670
784 123 651 157 677
785 120 649 154 675
786 123 656 157 682
787 120 657 154 683
788 119 656 153 682
789 119 660 153 686
790 120 661 154 687
791 118 667 152 693
792 118 669 152 695
793 118 671 152 697
794 119 675 153 701
795 119 677 153 703
796 119 678 153 704
797 118 681 152 707
798 118 683 152 709
799 117 686 151 712
800 116 687 150 713
801 116 689 150 715
802 116 692 150 718
803 116 691 150 717
804 116 692 150 718
805 115 692 149 718
806 114 693 148 719