827 997 7 1021 32
828 996 10 1020 35
829 996 12 1020 37
830 997 14 1021 39
831 997 18 1021 43
832 998 21 1022 46
833 997 23 1021 48
834 998 25 1022 50
835 1000 26 1024 51
836 1000 32 1024 57
837 999 34 1023 59
838 999 36 1023 61
839 999 39 1023 64
840 1001 41 1025 66
841 1000 45 1024 70
842 1000 49 1024 74
843 1000 52 1024 77
844 999 55 1023 80
845 1000 56 1024 81
846 1002 58 1026 83
847 1002 60 1026 85
848 1002 63 1026 88
849 1002 66 1026 91
850 1002 68 1026 93
851 1002 73 1026 98
852 1000 79 1024 104
853 1001 77 1025 102
854 1001 79 1025 104
855 1003 82 1027 107
856 1002 84 1026 109
857 1002 87 1026 112
858 1002 93 1026 118
859 1002 93 1026 118
860 1002 96 1026 121
861 1003 97 1027 122
862 1003 102 1027 127
863 1006 105 1030 130
864 1005 107 1029 132
865 1004 109 1028 134
866 1006 115 1030 140
867 1004 116 1028 141
868 1004 119 1028 144
869 1003 121 1027 146
870 1004 123 1028 148
871 1005 124 1029 149
872 1005 128 1029 153
873 1008 133 1032 158
874 1006 136 1030 161
875 1004 138 1028 163
876 1004 140 1028 165
877 1005 143 1029 168
878 1005 144 1029 169
879 1005 146 1029 171
880 1003 152 1027 177
881 1005 153 1029 178
882 1004 156 1028 181
883 1005 161 1029 186
884 1004 166 1028 191
885 1008 167 1032 192
886 1006 172 1030 197
887 1008 174 1032 199
888 1007 175 1031 200
889 1006 177 1030 202
890 1005 179 1029 204
891 1006 182 1030 207
892 1006 185 1030 210
893 1004 186 1028 211
894 1006 189 1030 214
895 1006 192 1030 217
896 1006 193 1030 218
897 1004 197 1028 222
898 1004 199 1028 224
899 1003 202 1027 227
900 1004 204 1028 229
901 1004 206 1028 231
902 1006 211 1030 236
903 1006 217 1030 242
904 1003 220 1027 245
905 1005 221 1029 246
906 1004 225 1028 250
907 1004 226 1028 251
908 1003 230 1027 255
909 1003 230 1027 255
910 1000 235 1024 260
911 1001 237 1025 262
912 1007 247 1031 272
913 1008 245 1032 270
914 1008 244 1032 269
915 1008 248 1032 273
916 1009 250 1033 275
917 1008 255 1032 280
918 1007 257 1031 282
919 1007 260 1031 285
920 1024 276 1048 301
921 1026 280 1050 305
922 1006 271 1030 296
923 1008 272 1032 297
924 1004 275 1028 300
925 1004 280 1028 305
926 1002 280 1026 305
927 1004 282 1028 307
928 1002 286 1026 311
929 1003 287 1027 312
930 1001 290 1025 315
931 1004 291 1028 316
932 1001 295 1025 320
933 1002 297 1026 322
934 998 301 1022 326
935 999 301 1023 326
936 999 307 1023 332
937 1007 318 1031 343
938 1002 314 1026 339
939 1004 318 1028 343
940 1002 318 1026 343
941 1003 324 1027 349
942 1004 326 1028 351
943 1001 327 1025 352
944 1003 332 1027 357
945 1005 337 1029 362
946 1005 338 1029 363
947 1004 340 1028 365
948 1003 344 1027 369
949 1005 351 1029 376
950 1007 350 1031 375
951 1007 352 1031 377
952 1006 358 1030 383
953 1004 358 1028 383
954 1004 360 1028 385
955 1002 362 1026 387
956 1003 365 1027 390
957 1006 370 1030 395
958 1005 372 1029 397
959 1004 376 1028 401
960 1000 379 1024 404
961 998 378 1022 403
962 1005 385 1029 410
963 1004 387 1028 412
964 1002 389 1026 414
965 1001 391 1025 416
966 1000 394 1024 419
967 1002 398 1026 423
968 1002 398 1026 423
969 1004 402 1028 427
970 1007 406 1031 431
971 1006 408 1030 433
972 1006 410 1030 435
973 1006 413 1030 438
974 1005 416 1029 441
975 1004 418 1028 443
976 1008 424 1032 449
977 1006 426 1030 451
978 1008 429 1032 454
979 1006 431 1030 456
980 1005 433 1029 458
981 1005 436 1029 461
982 1004 438 1028 463
983 1006 442 1030 467
984 1006 446 1030 471
985 1007 447 1031 472
986 1009 450 1033 475
987 1007 453 1031 478
988 1008 456 1032 481
989 1008 459 1032 484
990 1008 462 1032 487
991 1008 464 1032 489
992 1008 468 1032 493
993 1008 471 1032 496
994 1007 474 1031 499
995 1008 477 1032 502
996 1008 480 1032 505
997 1009 482 1033 507
998 1007 485 1031 510
999 1007 488 1031 513
1000 1008 491 1032 516
1001 1006 494 1030 519
1002 1007 496 1031 521
1003 1009 500 1033 525
1004 1009 503 1033 528
1005 1005 504 1029 529
1006 1005 508 1029 533
1007 1004 510 1028 535
1008 1003 512 1027 537
1009 1003 514 1027 539
1010 1004 518 1028 543
1011 1003 521 1027 546
1012 1004 524 1028 549
1013 1004 527 1028 552
1014 1004 530 1028 555
1015 1005 535 1029 560
1016 1005 539 1029 564
1017 1003 541 1027 566
1018 1003 544 1027 569
1019 1005 546 1029 571
1020 1007 549 1031 574
1021 1003 552 1027 577
1022 1003 555 1027 580
1023 1002 557 1026 582
1024 1004 561 1028 586
1025 1004 565 1028 590
1026 1003 568 1027 593
1027 1004 571 1028 596
1028 1002 573 1026 598
1029 1002 576 1026 601
1030 1001 580 1025 605
1031 1001 583 1025 608
1032 1001 586 1025 611
1033 1000 589 1024 614
1034 1000 590 1024 615
1035 999 594 1023 619
1036 999 597 1023 622
1037 1000 601 1024 626
1038 1000 604 1024 629
1039 1000 607 1024 632
1040 1000 610 1024 635
1041 1000 612 1024 637
1042 1000 615 1024 640
1043 999 619 1023 644
1044 999 622 1023 647
1045 998 625 1022 650
1046 998 627 1022 652
1047 997 630 1021 655
1048 997 633 1021 658
1049 997 637 1021 662
1050 996 640 1020 665
1051 996 643 1020 668
1052 995 645 1019 670
1053 994 648 1018 673
1054 996 652 1020 677
1055 995 654 1019 679
1056 995 658 1019 683
1057 995 661 1019 686
1058 993 664 1017 689
1059 993 667 1017 692
1060 993 669 1017 694
1061 992 672 1016 697
1062 991 674 1015 699
1063 992 679 1016 704
1064 991 682 1015 707
1065 991 684 1015 709
1066 990 688 1014 713
1067 989 691 1013 716
1068 988 693 1012 718
1069 988 694 1012 719
1070 987 694 1011 719
1071 986 694 1010 719
1072 986 694 1010 719
1073 985 694 1009 719
