4155 755 17 788 55
4156 755 21 788 59
4157 756 25 789 63
4158 756 27 789 65
4159 756 30 789 68
4160 756 30 789 68
4161 757 32 790 70
4162 758 35 791 73
4163 758 38 791 76
4164 758 39 791 77
4165 759 42 792 80
4166 759 45 792 83
4167 760 49 793 87
4168 761 52 794 90
4169 761 54 794 92
4170 761 57 794 95
4171 761 59 794 97
4172 762 61 795 99
4173 763 63 796 101
4174 763 66 796 104
4175 764 67 797 105
4176 767 68 800 106
4177 765 73 798 111
4178 766 76 799 114
4179 766 79 799 117
4180 766 82 799 120
4181 767 85 800 123
4182 769 87 802 125
4183 769 88 802 126
4184 769 91 802 129
4185 769 93 802 131
4186 768 95 801 133
4187 771 98 804 136
4188 771 101 804 139
4189 772 104 805 142
4190 773 106 806 144
4191 774 110 807 148
4192 774 113 807 151
4193 774 115 807 153
4194 775 117 808 155
4195 775 119 808 157
4196 776 121 809 159
4197 776 124 809 162
4198 777 126 810 164
4199 777 130 810 168
4200 779 132 812 170
4201 779 134 812 172
4202 779 137 812 175
4203 779 141 812 179
4204 780 143 813 181
4205 780 146 813 184
4206 781 148 814 186
4207 780 151 813 189
4208 782 152 815 190
4209 782 154 815 192
4210 783 158 816 196
4211 785 161 818 199
4212 784 163 817 201
4213 783 166 816 204
4214 784 168 817 206
4215 784 170 817 208
4216 785 173 818 211
4217 785 175 818 213
4218 786 176 819 214
4219 786 179 819 217
4220 787 183 820 221
4221 787 186 820 224
4222 788 189 821 227
4223 788 192 821 230
4224 789 194 822 232
4225 790 195 823 233
4226 790 198 823 236
4227 790 202 823 240
4228 791 205 824 243
4229 793 205 826 243
4230 793 207 826 245
4231 793 212 826 250
4232 794 215 827 253
4233 795 216 828 254
4234 795 219 828 257
4235 796 222 829 260
4236 797 225 830 263
4237 797 228 830 266
4238 798 230 831 268
4239 799 233 832 271
4240 800 234 833 272
4241 800 236 833 274
4242 801 239 834 277
4243 801 241 834 279
4244 802 244 835 282
4245 802 246 835 284
4246 803 248 836 286
4247 805 250 838 288
4248 806 255 839 293
4249 807 257 840 295
4250 808 260 841 298
4251 808 263 841 301
4252 808 267 841 305
4253 808 269 841 307
4254 809 270 842 308
4255 810 271 843 309
4256 811 273 844 311
4257 812 278 845 316
4258 812 279 845 317
4259 814 282 847 320
4260 815 285 848 323
4261 816 289 849 327
4262 816 291 849 329
4263 816 294 849 332
4264 817 294 850 332
4265 818 297 851 335
4266 818 301 851 339
4267 819 301 852 339
4268 820 305 853 343
4269 820 308 853 346
4270 820 310 853 348
4271 823 312 856 350
4272 823 314 856 352
4273 823 316 856 354
4274 823 319 856 357
4275 824 321 857 359
4276 825 325 858 363
4277 825 326 858 364
4278 825 328 858 366
4279 827 330 860 368
4280 827 333 860 371
4281 828 335 861 373
4282 828 337 861 375
4283 829 340 862 378
4284 830 344 863 382
4285 831 347 864 385
4286 831 349 864 387
4287 831 351 864 389
4288 831 354 864 392
4289 832 355 865 393
4290 832 359 865 397
4291 833 359 866 397
4292 834 361 867 399
4293 834 365 867 403
4294 834 367 867 405
4295 835 369 868 407
4296 836 370 869 408
4297 836 373 869 411
4298 835 375 868 413
4299 836 378 869 416
4300 837 379 870 417
4301 837 383 870 421
4302 837 385 870 423
4303 837 388 870 426
4304 837 390 870 428
4305 838 392 871 430
4306 838 394 871 432
4307 839 396 872 434
4308 839 401 872 439
4309 837 403 870 441
4310 840 404 873 442
4311 840 407 873 445
4312 840 409 873 447
4313 841 412 874 450
4314 841 414 874 452
4315 842 416 875 454
4316 841 418 874 456
4317 841 421 874 459
4318 842 423 875 461
4319 841 428 874 466
4320 841 430 874 468
4321 840 433 873 471
4322 843 433 876 471
4323 843 436 876 474
4324 843 438 876 476
4325 842 443 875 481
4326 842 445 875 483
4327 844 447 877 485
4328 844 450 877 488
4329 845 451 878 489
4330 845 454 878 492
4331 845 456 878 494
4332 845 458 878 496
4333 846 460 879 498
4334 846 463 879 501
4335 845 468 878 506
4336 846 470 879 508
4337 847 472 880 510
4338 847 474 880 512
4339 847 477 880 515
4340 846 480 879 518
4341 847 481 880 519
4342 847 483 880 521
4343 848 486 881 524
4344 848 489 881 527
4345 849 491 882 529
4346 850 495 883 533
4347 849 498 882 536
4348 849 501 882 539
4349 848 503 881 541
4350 849 506 882 544
4351 848 508 881 546
4352 847 511 880 549
4353 848 514 881 552
4354 850 516 883 554
4355 848 518 881 556
4356 849 521 882 559
4357 849 523 882 561
4358 850 526 883 564
4359 851 528 884 566
4360 851 531 884 569
4361 850 533 883 571
4362 852 534 885 572
4363 852 539 885 577
4364 853 539 886 577
4365 853 542 886 580
4366 852 544 885 582
4367 853 547 886 585
4368 853 547 886 585
4369 853 552 886 590
4370 853 554 886 592
4371 855 558 888 596
4372 854 560 887 598
4373 852 562 885 600
4374 851 565 884 603
4375 855 565 888 603
4376 855 566 888 604
4377 855 569 888 607
4378 854 572 887 610
4379 857 578 890 616
4380 854 578 887 616
4381 855 581 888 619
4382 856 584 889 622
4383 857 589 890 627
4384 857 592 890 630
4385 858 589 891 627
4386 857 591 890 629
4387 859 593 892 631
4388 857 598 890 636
4389 859 601 892 639
4390 861 603 894 641
4391 857 604 890 642
4392 858 605 891 643
4393 859 609 892 647
4394 858 610 891 648
4395 859 612 892 650
4396 859 615 892 653
4397 862 618 895 656
4398 862 619 895 657
4399 861 621 894 659
4400 861 625 894 663
4401 860 626 893 664
4402 860 628 893 666
4403 860 631 893 669
4404 858 634 891 672
4405 858 637 891 675
4406 858 639 891 677
4407 859 641 892 679
4408 857 645 890 683
4409 855 647 888 685
4410 857 648 890 686
4411 855 653 888 691
4412 860 653 893 691
4413 863 657 896 695
4414 864 658 897 696
4415 863 660 896 698
4416 862 663 895 701
4417 863 665 896 703
4418 862 667 895 705
4419 863 668 896 706
4420 863 671 896 709
4421 861 673 894 711
4422 862 675 895 713
4423 861 678 894 716
4424 860 681 893 719
4425 860 681 893 719
4426 861 681 894 719
4427 863 681 896 719
4428 864 681 897 719
4429 865 681 898 719
4430 863 681 896 719
4431 865 681 898 719
4432 865 681 898 719
