6469 691 26 723 51
6470 692 29 724 54
6471 693 32 725 57
6472 692 33 724 58
6473 692 35 724 60
6474 693 37 725 62
6475 692 39 724 64
6476 693 40 725 65
6477 692 44 724 69
6478 692 46 724 71
6479 693 47 725 72
6480 693 50 725 75
6481 695 51 727 76
6482 695 53 727 78
6483 695 52 727 77
6484 694 57 726 82
6485 695 59 727 84
6486 695 60 727 85
6487 695 63 727 88
6488 695 65 727 90
6489 694 66 726 91
6490 695 68 727 93
6491 695 70 727 95
6492 697 70 729 95
6493 697 73 729 98
6494 697 75 729 100
6495 697 78 729 103
6496 697 80 729 105
6497 698 82 730 107
6498 699 84 731 109
6499 699 87 731 112
6500 701 88 733 113
6501 701 90 733 115
6502 701 93 733 118
6503 701 95 733 120
6504 702 96 734 121
6505 702 99 734 124
6506 702 102 734 127
6507 702 105 734 130
6508 705 105 737 130
6509 703 110 735 135
6510 706 109 738 134
6511 706 111 738 136
6512 707 114 739 139
6513 708 115 740 140
6514 708 117 740 142
6515 709 120 741 145
6516 710 124 742 149
6517 710 125 742 150
6518 711 128 743 153
6519 713 131 745 156
6520 713 133 745 158
6521 714 133 746 158
6522 714 137 746 162
6523 714 137 746 162
6524 715 141 747 166
6525 715 142 747 167
6526 715 144 747 169
6527 715 147 747 172
6528 718 149 750 174
6529 720 150 752 175
6530 720 152 752 177
6531 720 154 752 179
6532 721 156 753 181
6533 721 158 753 183
6534 721 161 753 186
6535 722 163 754 188
6536 722 164 754 189
6537 723 166 755 191
6538 724 169 756 194
6539 726 172 758 197
6540 725 171 757 196
6541 727 175 759 200
6542 727 175 759 200
6543 728 179 760 204
6544 728 181 760 206
6545 728 183 760 208
6546 729 185 761 210
6547 729 187 761 212
6548 730 190 762 215
6549 731 191 763 216
6550 733 193 765 218
6551 734 196 766 221
6552 734 196 766 221
6553 734 198 766 223
6554 734 200 766 225
6555 735 203 767 228
6556 735 205 767 230
6557 734 207 766 232
6558 735 211 767 236
6559 739 212 771 237
6560 739 217 771 242
6561 740 214 772 239
6562 740 217 772 242
6563 740 219 772 244
6564 740 222 772 247
6565 740 224 772 249
6566 741 224 773 249
6567 741 225 773 250
6568 743 227 775 252
6569 745 230 777 255
6570 746 232 778 257
6571 746 235 778 260
6572 746 237 778 262
6573 746 239 778 264
6574 746 241 778 266
6575 746 243 778 268
6576 746 245 778 270
6577 750 246 782 271
6578 752 248 784 273
6579 751 250 783 275
6580 752 252 784 277
6581 752 254 784 279
6582 752 257 784 282
6583 752 262 784 287
6584 752 265 784 290
6585 752 267 784 292
6586 755 268 787 293
6587 755 269 787 294
6588 756 271 788 296
6589 757 269 789 294
6590 756 273 788 298
6591 756 278 788 303
6592 757 281 789 306
6593 759 284 791 309
6594 758 284 790 309
6595 758 287 790 312
6596 758 290 790 315
6597 760 288 792 313
6598 761 291 793 316
6599 761 294 793 319
6600 762 294 794 319
6601 762 297 794 322
6602 762 300 794 325
6603 762 302 794 327
6604 763 305 795 330
6605 764 308 796 333
6606 762 309 794 334
6607 767 309 799 334
6608 768 309 800 334
6609 768 315 800 340
6610 768 319 800 344
6611 768 322 800 347
6612 768 325 800 350
6613 768 324 800 349
6614 770 328 802 353
6615 770 331 802 356
6616 771 332 803 357
6617 773 336 805 361
6618 774 336 806 361
6619 777 340 809 365
6620 775 339 807 364
6621 775 343 807 368
6622 775 345 807 370
6623 776 348 808 373
6624 777 350 809 375
6625 779 352 811 377
6626 779 353 811 378
6627 780 356 812 381
6628 780 359 812 384
6629 781 362 813 387
6630 783 364 815 389
6631 782 367 814 392
6632 783 368 815 393
6633 785 373 817 398
6634 785 374 817 399
6635 786 374 818 399
6636 787 376 819 401
6637 788 378 820 403
6638 789 383 821 408
6639 790 384 822 409
6640 791 387 823 412
6641 792 390 824 415
6642 793 393 825 418
6643 793 393 825 418
6644 793 395 825 420
6645 795 398 827 423
6646 796 401 828 426
6647 796 403 828 428
6648 797 406 829 431
6649 798 409 830 434
6650 797 405 829 430
6651 797 408 829 433
6652 798 411 830 436
6653 800 414 832 439
6654 803 415 835 440
6655 803 420 835 445
6656 802 421 834 446
6657 803 420 835 445
6658 808 425 840 450
6659 808 429 840 454
6660 808 431 840 456
6661 808 434 840 459
6662 808 435 840 460
6663 809 438 841 463
6664 810 440 842 465
6665 811 442 843 467
6666 813 444 845 469
6667 812 446 844 471
6668 813 445 845 470
6669 812 448 844 473
6670 814 451 846 476
6671 816 454 848 479
6672 818 457 850 482
6673 819 460 851 485
6674 820 462 852 487
6675 821 465 853 490
6676 821 467 853 492
6677 822 470 854 495
6678 821 470 853 495
6679 822 473 854 498
6680 826 478 858 503
6681 826 479 858 504
6682 826 480 858 505
6683 827 484 859 509
6684 828 486 860 511
6685 828 488 860 513
6686 828 490 860 515
6687 828 492 860 517
6688 828 494 860 519
6689 829 496 861 521
6690 829 500 861 525
6691 832 501 864 526
6692 833 502 865 527
6693 833 505 865 530
6694 834 507 866 532
6695 835 510 867 535
6696 837 511 869 536
6697 837 514 869 539
6698 836 515 868 540
6699 838 519 870 544
6700 838 521 870 546
6701 839 522 871 547
6702 840 524 872 549
6703 840 526 872 551
6704 842 529 874 554
6705 843 531 875 556
6706 843 534 875 559
6707 842 536 874 561
6708 842 538 874 563
6709 843 540 875 565
6710 847 543 879 568
6711 847 546 879 571
6712 847 545 879 570
6713 847 548 879 573
6714 848 551 880 576
6715 847 552 879 577
6716 847 555 879 580
6717 849 557 881 582
6718 848 560 880 585
6719 851 560 883 585
6720 850 563 882 588
6721 850 561 882 586
6722 850 566 882 591
6723 850 569 882 594
6724 850 569 882 594
6725 851 573 883 598
6726 855 576 887 601
6727 856 577 888 602
6728 855 581 887 606
6729 857 585 889 610
6730 856 588 888 613
6731 857 590 889 615
6732 855 589 887 614
6733 856 593 888 618
6734 856 594 888 619
6735 855 597 887 622
6736 855 597 887 622
6737 855 600 887 625
6738 862 601 894 626
6739 864 604 896 629
6740 864 606 896 631
6741 863 608 895 633
6742 861 610 893 635
6743 861 611 893 636
6744 863 614 895 639
6745 862 616 894 641
6746 862 620 894 645
6747 864 622 896 647
6748 863 624 895 649
6749 865 627 897 652
6750 864 629 896 654
6751 868 629 900 654
6752 867 632 899 657
6753 867 634 899 659
6754 867 637 899 662
6755 865 640 897 665
6756 866 642 898 667
6757 866 646 898 671
6758 867 649 899 674
6759 867 650 899 675
6760 869 635 896 673
6761 873 641 900 679
6762 871 640 898 678
6763 872 643 899 681
6764 873 645 900 683
6765 874 648 901 686
6766 874 652 901 690
6767 874 656 901 694
6768 874 659 901 697
6769 874 662 901 700
6770 873 663 900 701
6771 872 669 899 707
6772 875 669 902 707
6773 874 669 901 707
6774 873 675 900 713
6775 873 680 900 718
6776 873 680 900 718
6777 873 681 900 719
6778 875 681 902 719
6779 874 681 901 719
6780 877 680 904 718
6781 876 681 903 719
6782 875 681 902 719
6783 872 681 899 719
6784 872 681 899 719
6785 872 681 899 719