1431 1007 56 1023 68
1432 1009 60 1025 72
1433 1008 64 1024 76
1434 1008 67 1024 79
1435 1026 83 1042 95
1436 1009 74 1025 86
1437 1010 79 1026 91
1438 1010 83 1026 95
1439 1008 87 1024 99
1440 1010 90 1026 102
1441 1010 94 1026 106
1442 1011 98 1027 110
1443 1010 100 1026 112
1444 1011 105 1027 117
1445 1011 107 1027 119
1446 1027 124 1050 136
1447 1010 113 1033 125
1448 1010 117 1033 129
1449 1011 121 1034 133
1450 1011 124 1034 136
1451 1013 129 1036 141
1452 1011 132 1034 144
1453 1011 136 1034 148
1454 1013 139 1036 151
1455 1013 144 1036 156
1456 1029 163 1052 175
1457 1032 167 1055 179
1458 1032 170 1055 182
1459 1015 154 1038 166
1460 1016 162 1039 174
1461 1033 180 1056 192
1462 1034 185 1057 197
1463 1035 188 1058 200
1464 1035 193 1058 205
1465 1036 197 1059 209
1466 1036 200 1059 212
1467 1037 205 1060 217
1468 1036 209 1059 221
1469 1037 212 1060 224
1470 1038 215 1061 227
1471 1039 219 1062 231
1472 1039 224 1062 236
1473 1040 228 1063 240
1474 1041 231 1064 243
1475 1040 236 1063 248
1476 1041 239 1064 251
1477 1042 243 1065 255
1478 1042 246 1065 258
1479 1042 250 1065 262
1480 1042 254 1065 266
1481 1045 259 1068 271
1482 1044 264 1067 276
1483 1046 266 1069 278
1484 1025 253 1048 265
1485 1026 255 1049 267
1486 1025 258 1048 270
1487 1027 260 1050 272
1488 1026 265 1049 277
1489 1026 268 1049 280
1490 1026 269 1049 281
1491 1025 277 1048 289
1492 1027 280 1050 292
1493 1029 284 1052 296
1494 1049 296 1074 329
1495 1051 301 1076 334
1496 1048 303 1073 336
1497 1049 307 1074 340
1498 1030 291 1055 324
1499 1030 293 1055 326
1500 1028 295 1053 328
1501 1028 300 1053 333
1502 1033 302 1058 335
1503 1031 305 1056 338
1504 1028 312 1053 345
1505 1033 315 1058 348
1506 1031 319 1056 352
1507 1033 323 1058 356
1508 1034 325 1059 358
1509 1035 331 1060 364
1510 1054 367 1080 387
1511 1054 369 1080 389
1512 1055 373 1081 393
1513 1054 377 1080 397
1514 1056 382 1082 402
1515 1056 385 1082 405
1516 1054 391 1080 411
1517 1056 393 1082 413
1518 1058 398 1084 418
1519 1058 403 1084 423
1520 1059 404 1085 424
1521 1058 409 1084 429
1522 1058 413 1084 433
1523 1058 417 1084 437
1524 1059 420 1085 440
1525 1060 423 1086 443
1526 1059 427 1085 447
1527 1061 430 1087 450
1528 1061 434 1087 454
1529 1062 438 1088 458
1530 1062 443 1088 463
1531 1061 447 1087 467
1532 1063 450 1089 470
1533 1063 453 1089 473
1534 1062 456 1088 476
1535 1063 461 1089 481
1536 1063 465 1089 485
1537 1062 468 1088 488
1538 1061 473 1087 493
1539 1062 476 1088 496
1540 1064 480 1090 500
1541 1064 484 1090 504
1542 1063 487 1089 507
1543 1063 491 1089 511
1544 1063 495 1089 515
1545 1063 499 1089 519
1546 1061 503 1087 523
1547 1061 507 1087 527
1548 1063 510 1089 530
1549 1064 513 1090 533
1550 1064 517 1090 537
1551 1062 521 1088 541
1552 1064 525 1090 545
1553 1063 529 1089 549
1554 1063 532 1089 552
1555 1065 535 1091 555
1556 1067 539 1093 559
1557 1067 542 1093 562
1558 1066 545 1092 565
1559 1066 549 1092 569
1560 1068 554 1094 574
1561 1066 557 1092 577
1562 1066 560 1092 580
1563 1066 565 1092 585
1564 1066 568 1092 588
1565 1065 571 1091 591
1566 1066 576 1092 596
1567 1067 579 1093 599
1568 1068 583 1094 603
1569 1068 587 1094 607
1570 1067 590 1093 610
1571 1065 592 1091 612
1572 1067 597 1093 617
1573 1067 601 1093 621
1574 1066 605 1092 625
1575 1065 608 1091 628
1576 1067 612 1093 632
1577 1069 617 1095 637
1578 1068 619 1094 639
1579 1067 623 1093 643
1580 1067 628 1093 648
1581 1067 631 1093 651
1582 1068 635 1094 655
1583 1067 638 1093 658
1584 1067 643 1093 663
1585 1067 646 1093 666
1586 1068 651 1094 671
1587 1069 654 1095 674
1588 1066 656 1092 676
1589 1067 662 1093 682
1590 1067 666 1093 686
1591 1067 670 1093 690
1592 1067 673 1093 693
1593 1068 678 1094 698
1594 1067 681 1093 701
1595 1065 684 1091 704
1596 1066 690 1092 710
1597 1067 693 1093 713
1598 1066 696 1092 716
1599 1066 699 1092 719
1600 1063 697 1089 717
1601 1041 686 1067 706
1602 1042 686 1068 706
1603 1042 690 1068 710
1604 1042 695 1068 715