1432 1000 49 1026 76
1433 1002 51 1028 78
1434 1001 56 1027 83
1435 1001 59 1027 86
1436 1001 62 1027 89
1437 1004 67 1030 94
1438 1002 71 1028 98
1439 1002 74 1028 101
1440 1004 78 1030 105
1441 1002 82 1028 109
1442 1002 87 1028 114
1443 1003 89 1029 116
1444 1004 93 1030 120
1445 1004 97 1030 124
1446 1005 102 1031 129
1447 1005 105 1031 132
1448 1006 109 1032 136
1449 1006 112 1032 139
1450 1006 116 1032 143
1451 1006 120 1032 147
1452 1007 123 1033 150
1453 1007 126 1033 153
1454 1008 132 1034 159
1455 1008 135 1034 162
1456 1009 139 1035 166
1457 1008 144 1034 171
1458 1009 146 1035 173
1459 1010 150 1036 177
1460 1010 154 1036 181
1461 1010 157 1036 184
1462 1010 161 1036 188
1463 1010 164 1036 191
1464 1009 166 1035 193
1465 1011 172 1037 199
1466 1011 176 1037 203
1467 1011 181 1037 208
1468 1011 184 1037 211
1469 1012 188 1038 215
1470 1012 191 1038 218
1471 1015 193 1041 220
1472 1014 196 1040 223
1473 1015 201 1041 228
1474 1014 201 1040 228
1475 1015 205 1041 232
1476 1016 210 1042 237
1477 1017 214 1043 241
1478 1016 217 1042 244
1479 1015 221 1041 248
1480 1018 225 1044 252
1481 1019 228 1045 255
1482 1019 232 1045 259
1483 1019 236 1045 263
1484 1018 241 1044 268
1485 1017 244 1043 271
1486 1019 249 1045 276
1487 1020 252 1046 279
1488 1020 256 1046 283
1489 1021 259 1047 286
1490 1022 264 1048 291
1491 1021 263 1047 290
1492 1021 270 1047 297
1493 1022 275 1048 302
1494 1023 275 1049 302
1495 1026 280 1052 307
1496 1026 282 1052 309
1497 1024 288 1050 315
1498 1026 290 1052 317
1499 1028 295 1054 322
1500 1027 300 1053 327
1501 1026 303 1052 330
1502 1028 308 1054 335
1503 1026 311 1052 338
1504 1026 315 1052 342
1505 1027 319 1053 346
1506 1027 325 1053 352
1507 1027 327 1053 354
1508 1028 332 1054 359
1509 1028 334 1054 361
1510 1031 336 1057 363
1511 1029 341 1055 368
1512 1029 345 1055 372
1513 1029 348 1055 375
1514 1029 351 1055 378
1515 1029 355 1055 382
1516 1030 358 1056 385
1517 1030 363 1056 390
1518 1030 367 1056 394
1519 1030 373 1056 400
1520 1031 374 1057 401
1521 1031 378 1057 405
1522 1031 382 1057 409
1523 1031 385 1057 412
1524 1030 389 1056 416
1525 1031 393 1057 420
1526 1032 398 1058 425
1527 1033 400 1059 427
1528 1032 406 1058 433
1529 1031 406 1057 433
1530 1032 412 1058 439
1531 1033 415 1059 442
1532 1033 419 1059 446
1533 1033 422 1059 449
1534 1034 426 1060 453
1535 1034 430 1060 457
1536 1035 433 1061 460
1537 1034 438 1060 465
1538 1034 442 1060 469
1539 1035 446 1061 473
1540 1033 450 1059 477
1541 1034 453 1060 480
1542 1034 457 1060 484
1543 1034 459 1060 486
1544 1034 464 1060 491
1545 1035 468 1061 495
1546 1035 471 1061 498
1547 1038 473 1064 500
1548 1036 479 1062 506
1549 1035 482 1061 509
1550 1035 487 1061 514
1551 1036 490 1062 517
1552 1035 493 1061 520
1553 1035 499 1061 526
1554 1037 500 1063 527
1555 1036 505 1062 532
1556 1035 507 1061 534
1557 1036 512 1062 539
1558 1037 517 1063 544
1559 1038 522 1064 549
1560 1037 524 1063 551
1561 1036 528 1062 555
1562 1037 530 1063 557
1563 1039 538 1065 565
1564 1037 538 1063 565
1565 1037 542 1063 569
1566 1037 546 1063 573
1567 1038 550 1064 577
1568 1038 554 1064 581
1569 1038 557 1064 584
1570 1037 560 1063 587
1571 1038 564 1064 591
1572 1038 568 1064 595
1573 1040 573 1066 600
1574 1037 575 1063 602
1575 1038 580 1064 607
1576 1038 587 1064 614
1577 1037 588 1063 615
1578 1038 591 1064 618
1579 1037 595 1063 622
1580 1037 599 1063 626
1581 1037 604 1063 631
1582 1037 607 1063 634
1583 1037 609 1063 636
1584 1038 614 1064 641
1585 1038 617 1064 644
1586 1039 624 1065 651
1587 1034 625 1060 652
1588 1037 630 1063 657
1589 1037 633 1063 660
1590 1037 637 1063 664
1591 1037 641 1063 668
1592 1037 644 1063 671
1593 1037 649 1063 676
1594 1037 652 1063 679
1595 1037 656 1063 683
1596 1037 659 1063 686
1597 1037 666 1063 693
1598 1037 668 1063 695
1599 1037 672 1063 699
1600 1037 676 1063 703
1601 1037 680 1063 707
1602 1037 684 1063 711
1603 1036 688 1062 715
1604 1037 692 1063 719
1605 1036 692 1062 719
1606 1037 692 1063 719
1607 1035 692 1061 719
1608 1040 692 1066 719
