1434 1019 24 1043 48
1435 1022 30 1046 54
1436 1020 31 1044 55
1437 1020 34 1044 58
1438 1021 37 1045 61
1439 1021 41 1045 65
1440 1022 43 1046 67
1441 1024 51 1048 75
1442 1022 53 1046 77
1443 1025 58 1049 82
1444 1025 61 1049 85
1445 1025 65 1049 89
1446 1025 69 1049 93
1447 1025 73 1049 97
1448 1026 77 1050 101
1449 1027 80 1051 104
1450 1027 85 1051 109
1451 1027 87 1051 111
1452 1025 90 1049 114
1453 1028 94 1052 118
1454 1028 97 1052 121
1455 1029 100 1053 124
1456 1030 103 1054 127
1457 1031 107 1055 131
1458 1031 111 1055 135
1459 1031 115 1055 139
1460 1032 118 1056 142
1461 1031 123 1055 147
1462 1032 125 1056 149
1463 1033 128 1057 152
1464 1032 132 1056 156
1465 1032 136 1056 160
1466 1034 139 1058 163
1467 1034 142 1058 166
1468 1034 145 1058 169
1469 1034 149 1058 173
1470 1035 153 1059 177
1471 1035 156 1059 180
1472 1036 160 1060 184
1473 1036 163 1060 187
1474 1036 167 1060 191
1475 1037 170 1061 194
1476 1039 171 1063 195
1477 1039 179 1063 203
1478 1039 183 1063 207
1479 1039 185 1063 209
1480 1040 189 1064 213
1481 1040 191 1064 215
1482 1040 195 1064 219
1483 1041 199 1065 223
1484 1041 202 1065 226
1485 1041 206 1065 230
1486 1042 213 1066 237
1487 1041 213 1065 237
1488 1043 218 1067 242
1489 1043 221 1067 245
1490 1043 224 1067 248
1491 1044 228 1068 252
1492 1044 231 1068 255
1493 1042 236 1066 260
1494 1045 238 1069 262
1495 1045 242 1069 266
1496 1046 247 1070 271
1497 1045 250 1069 274
1498 1046 253 1070 277
1499 1047 257 1071 281
1500 1047 260 1071 284
1501 1047 265 1071 289
1502 1046 269 1070 293
1503 1048 272 1072 296
1504 1047 275 1071 299
1505 1048 278 1072 302
1506 1047 282 1071 306
1507 1048 285 1072 309
1508 1049 290 1073 314
1509 1048 294 1072 318
1510 1046 299 1070 323
1511 1046 301 1070 325
1512 1048 305 1072 329
1513 1049 309 1073 333
1514 1049 312 1073 336
1515 1047 316 1071 340
1516 1048 319 1072 343
1517 1050 322 1074 346
1518 1048 327 1072 351
1519 1049 328 1073 352
1520 1048 333 1072 357
1521 1048 337 1072 361
1522 1049 340 1073 364
1523 1047 344 1071 368
1524 1050 347 1074 371
1525 1047 352 1071 376
1526 1048 355 1072 379
1527 1049 359 1073 383
1528 1047 363 1071 387
1529 1048 366 1072 390
1530 1048 370 1072 394
1531 1047 374 1071 398
1532 1048 377 1072 401
1533 1048 381 1072 405
1534 1047 385 1071 409
1535 1046 389 1070 413
1536 1048 391 1072 415
1537 1047 396 1071 420
1538 1045 399 1069 423
1539 1048 402 1072 426
1540 1049 405 1073 429
1541 1049 408 1073 432
1542 1046 413 1070 437
1543 1046 417 1070 441
1544 1048 421 1072 445
1545 1047 424 1071 448
1546 1046 428 1070 452
1547 1048 431 1072 455
1548 1048 435 1072 459
1549 1048 438 1072 462
1550 1047 441 1071 465
1551 1047 445 1071 469
1552 1046 449 1070 473
1553 1047 452 1071 476
1554 1045 456 1069 480
1555 1045 458 1069 482
1556 1044 463 1068 487
1557 1045 465 1069 489
1558 1045 469 1069 493
1559 1044 472 1068 496
1560 1045 477 1069 501
1561 1043 480 1067 504
1562 1043 484 1067 508
1563 1042 487 1066 511
1564 1042 491 1066 515
1565 1042 494 1066 518
1566 1041 498 1065 522
1567 1041 501 1065 525
1568 1042 506 1066 530
1569 1042 509 1066 533
1570 1040 511 1064 535
1571 1040 514 1064 538
1572 1040 519 1064 543
1573 1039 522 1063 546
1574 1039 524 1063 548
1575 1039 527 1063 551
1576 1038 531 1062 555
1577 1038 536 1062 560
1578 1038 540 1062 564
1579 1036 543 1060 567
1580 1037 547 1061 571
1581 1036 551 1060 575
1582 1036 554 1060 578
1583 1037 557 1061 581
1584 1036 561 1060 585
1585 1036 564 1060 588
1586 1035 569 1059 593
1587 1034 573 1058 597
1588 1034 577 1058 601
1589 1033 582 1057 606
1590 1033 585 1057 609
1591 1033 589 1057 613
1592 1033 593 1057 617
1593 1031 597 1055 621
1594 1032 601 1056 625
1595 1032 604 1056 628
1596 1031 608 1055 632
1597 1031 612 1055 636
1598 1031 616 1055 640
1599 1031 622 1055 646
1600 1029 625 1053 649
1601 1030 629 1054 653
1602 1028 633 1052 657
1603 1029 637 1053 661
1604 1029 642 1053 666
1605 1027 645 1051 669
1606 1028 650 1052 674
1607 1028 653 1052 677
1608 1028 658 1052 682
1609 1028 661 1052 685
1610 1027 665 1051 689
1611 1027 668 1051 692
1612 1028 672 1052 696
1613 1027 678 1051 702
1614 1027 680 1051 704
1615 1030 686 1054 710
1616 1030 690 1054 714
1617 1023 693 1047 717
1618 1026 695 1050 719
1619 1029 695 1053 719
1620 1025 695 1049 719
1621 1022 694 1046 718
