2489 927 5 956 30
2490 928 9 957 34
2491 928 14 957 39
2492 929 18 958 43
2493 930 22 959 47
2494 930 26 959 51
2495 932 31 961 56
2496 932 34 961 59
2497 933 37 962 62
2498 934 41 963 66
2499 935 46 964 71
2500 936 50 965 75
2501 937 53 966 78
2502 938 57 967 82
2503 938 61 967 86
2504 939 65 968 90
2505 940 69 969 94
2506 940 73 969 98
2507 941 76 970 101
2508 942 80 971 105
2509 943 85 972 110
2510 944 88 973 113
2511 945 93 974 118
2512 946 96 975 121
2513 947 100 976 125
2514 947 104 976 129
2515 948 107 977 132
2516 949 111 978 136
2517 950 117 979 142
2518 950 121 979 146
2519 951 123 980 148
2520 952 127 981 152
2521 952 131 981 156
2522 953 135 982 160
2523 954 139 983 164
2524 954 143 983 168
2525 954 146 983 171
2526 956 151 985 176
2527 956 154 985 179
2528 956 158 985 183
2529 957 162 986 187
2530 958 166 987 191
2531 958 170 987 195
2532 959 174 988 199
2533 960 177 989 202
2534 960 181 989 206
2535 961 184 990 209
2536 961 188 990 213
2537 962 192 991 217
2538 961 195 990 220
2539 962 199 991 224
2540 963 203 992 228
2541 964 206 993 231
2542 965 210 994 235
2543 965 215 994 240
2544 966 219 995 244
2545 966 223 995 248
2546 967 226 996 251
2547 967 231 996 256
2548 968 235 997 260
2549 969 240 998 265
2550 969 244 998 269
2551 968 246 997 271
2552 968 248 997 273
2553 969 251 998 276
2554 969 257 998 282
2555 971 263 1000 288
2556 969 264 998 289
2557 969 268 998 293
2558 970 272 999 297
2559 969 275 998 300
2560 971 279 1000 304
2561 971 282 1000 307
2562 972 286 1001 311
2563 971 290 1000 315
2564 972 293 1001 318
2565 971 296 1000 321
2566 972 300 1001 325
2567 971 302 1000 327
2568 973 307 1002 332
2569 972 309 1001 334
2570 972 312 1001 337
2571 972 315 1001 340
2572 974 321 1003 346
2573 973 322 1002 347
2574 973 326 1002 351
2575 973 329 1002 354
2576 973 329 1002 354
2577 974 335 1003 360
2578 974 339 1003 364
2579 974 343 1003 368
2580 974 345 1003 370
2581 974 348 1003 373
2582 975 351 1004 376
2583 975 355 1004 380
2584 976 359 1005 384
2585 976 363 1005 388
2586 977 367 1006 392
2587 977 371 1006 396
2588 977 374 1006 399
2589 978 377 1007 402
2590 978 382 1007 407
2591 978 385 1007 410
2592 979 389 1008 414
2593 979 393 1008 418
2594 980 397 1009 422
2595 980 400 1009 425
2596 980 402 1009 427
2597 980 406 1009 431
2598 981 411 1010 436
2599 981 414 1010 439
2600 981 418 1010 443
2601 982 423 1011 448
2602 982 426 1011 451
2603 982 430 1011 455
2604 982 433 1011 458
2605 982 437 1011 462
2606 983 441 1012 466
2607 983 446 1012 471
2608 984 450 1013 475
2609 984 455 1013 480
2610 984 457 1013 482
2611 984 461 1013 486
2612 984 465 1013 490
2613 984 468 1013 493
2614 985 474 1014 499
2615 984 476 1013 501
2616 985 480 1014 505
2617 985 483 1014 508
2618 985 487 1014 512
2619 985 490 1014 515
2620 986 495 1015 520
2621 986 499 1015 524
2622 986 502 1015 527
2623 986 506 1015 531
2624 986 510 1015 535
2625 987 514 1016 539
2626 986 518 1015 543
2627 986 520 1015 545
2628 987 525 1016 550
2629 987 526 1016 551
2630 988 529 1017 554
2631 987 532 1016 557
2632 987 534 1016 559
2633 987 538 1016 563
2634 987 541 1016 566
2635 987 545 1016 570
2636 987 549 1016 574
2637 987 552 1016 577
2638 986 555 1015 580
2639 987 559 1016 584
2640 987 563 1016 588
2641 986 565 1015 590
2642 988 571 1017 596
2643 988 574 1017 599
2644 987 577 1016 602
2645 986 580 1015 605
2646 987 584 1016 609
2647 986 587 1015 612
2648 986 591 1015 616
2649 987 594 1016 619
2650 985 598 1014 623
2651 987 602 1016 627
2652 987 606 1016 631
2653 987 609 1016 634
2654 987 613 1016 638
2655 986 616 1015 641
2656 986 620 1015 645
2657 986 624 1015 649
2658 987 628 1016 653
2659 986 631 1015 656
2660 986 633 1015 658
2661 987 637 1016 662
2662 986 641 1015 666
2663 987 644 1016 669
2664 985 647 1014 672
2665 987 651 1016 676
2666 986 653 1015 678
2667 986 655 1015 680
2668 985 658 1014 683
2669 986 662 1015 687
2670 986 666 1015 691
2671 985 667 1014 692
2672 985 669 1014 694
2673 985 672 1014 697
2674 985 675 1014 700
2675 985 678 1014 703
2676 985 680 1014 705
2677 985 683 1014 708
2678 987 687 1016 712
2679 985 690 1014 715
2680 987 693 1016 718
2681 986 694 1015 719
2682 986 694 1015 719
2683 984 690 1010 715
2684 984 692 1013 716
2685 989 695 1008 717
2686 990 695 1009 717
