407 904 27 933 56
408 902 30 931 59
409 902 33 931 62
410 902 36 931 65
411 902 40 931 69
412 903 43 932 72
413 903 46 932 75
414 903 50 932 79
415 905 56 934 85
416 906 60 935 89
417 906 63 935 92
418 905 66 934 95
419 905 70 934 99
420 905 73 934 102
421 905 76 934 105
422 905 80 934 109
423 905 83 934 112
424 906 87 935 116
425 906 90 935 119
426 907 94 936 123
427 906 97 935 126
428 906 100 935 129
429 908 104 937 133
430 908 107 937 136
431 908 111 937 140
432 908 114 937 143
433 907 117 936 146
434 907 120 936 149
435 907 124 936 153
436 908 127 937 156
437 907 130 936 159
438 908 133 937 162
439 908 136 937 165
440 908 140 937 169
441 908 143 937 172
442 909 147 938 176
443 909 150 938 179
444 909 153 938 182
445 908 155 937 184
446 910 160 939 189
447 910 163 939 192
448 910 166 939 195
449 910 169 939 198
450 910 173 939 202
451 911 176 940 205
452 910 179 939 208
453 910 182 939 211
454 911 186 940 215
455 911 189 940 218
456 911 193 940 222
457 911 196 940 225
458 911 199 940 228
459 912 203 941 232
460 912 206 941 235
461 913 209 942 238
462 913 213 942 242
463 912 216 941 245
464 913 219 942 248
465 913 223 942 252
466 913 226 942 255
467 914 230 943 259
468 914 233 943 262
469 913 236 942 265
470 915 240 944 269
471 915 243 944 272
472 916 246 945 275
473 915 250 944 279
474 916 253 945 282
475 916 257 945 286
476 917 260 946 289
477 917 264 946 293
478 917 267 946 296
479 917 270 946 299
480 918 274 947 303
481 918 277 947 306
482 918 280 947 309
483 919 284 948 313
484 919 287 948 316
485 920 291 949 320
486 920 294 949 323
487 919 297 948 326
488 921 300 950 329
489 921 304 950 333
490 921 308 950 337
491 921 311 950 340
492 921 314 950 343
493 921 317 950 346
494 922 321 951 350
495 922 324 951 353
496 923 328 952 357
497 922 331 951 360
498 923 335 952 364
499 923 338 952 367
500 924 342 953 371
501 924 345 953 374
502 924 348 953 377
503 924 351 953 380
504 924 354 953 383
505 924 358 953 387
506 924 361 953 390
507 924 365 953 394
508 925 368 954 397
509 925 371 954 400
510 925 375 954 404
511 925 378 954 407
512 926 382 955 411
513 926 385 955 414
514 926 388 955 417
515 926 391 955 420
516 927 395 956 424
517 927 398 956 427
518 927 401 956 430
519 928 404 957 433
520 928 407 957 436
521 928 410 957 439
522 929 415 958 444
523 929 418 958 447
524 929 421 958 450
525 929 424 958 453
526 930 427 959 456
527 930 431 959 460
528 931 434 960 463
529 932 438 961 467
530 931 441 960 470
531 933 443 962 472
532 932 447 961 476
533 933 451 962 480
534 933 454 962 483
535 935 458 964 487
536 934 459 963 488
537 935 464 964 493
538 935 467 964 496
539 935 470 964 499
540 936 473 965 502
541 937 477 966 506
542 938 481 967 510
543 938 484 967 513
544 939 488 968 517
545 939 490 968 519
546 939 494 968 523
547 940 498 969 527
548 940 501 969 530
549 940 504 969 533
550 941 507 970 536
551 942 511 971 540
552 942 515 971 544
553 943 518 972 547
554 943 522 972 551
555 944 526 973 555
556 945 528 974 557
557 945 531 974 560
558 946 535 975 564
559 947 538 976 567
560 947 541 976 570
561 947 544 976 573
562 948 548 977 577
563 949 552 978 581
564 950 555 979 584
565 950 558 979 587
566 950 561 979 590
567 951 564 980 593
568 951 568 980 597
569 952 571 981 600
570 952 574 981 603
571 953 577 982 606
572 953 580 982 609
573 954 583 983 612
574 955 587 984 616
575 955 590 984 619
576 955 593 984 622
577 955 596 984 625
578 955 598 984 627
579 956 602 985 631
580 956 605 985 634
581 956 609 985 638
582 957 612 986 641
583 957 615 986 644
584 959 618 988 647
585 958 621 987 650
586 959 625 988 654
587 960 628 989 657
588 960 631 989 660
589 960 634 989 663
590 961 637 990 666
591 961 640 990 669
592 962 644 991 673
593 962 647 991 676
594 963 650 992 679
595 963 654 992 683
596 964 657 993 686
597 964 661 993 690
598 965 664 994 693
599 965 667 994 696
600 966 670 995 699
601 965 673 994 702
602 966 676 995 705
603 967 680 996 709
604 967 684 996 713
605 967 687 996 716
606 968 690 997 719
607 967 690 996 719
608 966 690 995 719
609 964 690 993 719
610 960 690 989 719
611 959 690 988 719
612 958 690 987 719
