4171 204 49 239 80
4172 205 54 240 85
4173 205 57 240 88
4174 204 61 239 92
4175 202 64 237 95
4176 202 68 237 99
4177 202 70 237 101
4178 205 74 240 105
4179 202 78 237 109
4180 201 83 236 114
4181 202 86 237 117
4182 202 88 237 119
4183 201 95 236 126
4184 203 97 238 128
4185 202 100 237 131
4186 202 104 237 135
4187 200 109 235 140
4188 202 111 237 142
4189 201 115 236 146
4190 200 119 235 150
4191 201 122 236 153
4192 199 126 234 157
4193 199 130 234 161
4194 198 133 233 164
4195 200 137 235 168
4196 201 140 236 171
4197 201 144 236 175
4198 198 150 233 181
4199 201 153 236 184
4200 198 159 233 190
4201 197 163 232 194
4202 197 164 232 195
4203 197 168 232 199
4204 196 175 231 206
4205 197 176 232 207
4206 197 182 232 213
4207 197 185 232 216
4208 198 187 233 218
4209 197 192 232 223
4210 197 195 232 226
4211 197 200 232 231
4212 197 203 232 234
4213 197 208 232 239
4214 197 212 232 243
4215 198 213 233 244
4216 198 217 233 248
4217 198 221 233 252
4218 198 224 233 255
4219 199 229 234 260
4220 198 232 233 263
4221 198 236 233 267
4222 198 239 233 270
4223 198 241 233 272
4224 197 247 232 278
4225 199 251 234 282
4226 199 254 234 285
4227 199 256 234 287
4228 198 261 233 292
4229 197 265 232 296
4230 198 267 233 298
4231 198 271 233 302
4232 199 274 234 305
4233 198 277 233 308
4234 199 281 234 312
4235 199 284 234 315
4236 199 287 234 318
4237 199 291 234 322
4238 200 294 235 325
4239 199 298 234 329
4240 200 301 235 332
4241 200 305 235 336
4242 200 308 235 339
4243 200 312 235 343
4244 201 315 236 346
4245 201 317 236 348
4246 201 321 236 352
4247 202 324 237 355
4248 202 328 237 359
4249 201 332 236 363
4250 202 335 237 366
4251 202 339 237 370
4252 202 342 237 373
4253 203 344 238 375
4254 203 349 238 380
4255 203 352 238 383
4256 203 355 238 386
4257 203 358 238 389
4258 203 362 238 393
4259 202 366 237 397
4260 203 369 238 400
4261 204 373 239 404
4262 204 377 239 408
4263 204 381 239 412
4264 204 384 239 415
4265 204 388 239 419
4266 205 392 240 423
4267 205 394 240 425
4268 205 399 240 430
4269 205 403 240 434
4270 206 406 241 437
4271 206 410 241 441
4272 205 413 240 444
4273 206 416 241 447
4274 205 419 240 450
4275 205 423 240 454
4276 205 427 240 458
4277 205 430 240 461
4278 206 434 241 465
4279 206 438 241 469
4280 206 442 241 473
4281 207 445 242 476
4282 207 449 242 480
4283 207 452 242 483
4284 207 457 242 488
4285 208 460 243 491
4286 207 463 242 494
4287 208 466 243 497
4288 208 470 243 501
4289 208 474 243 505
4290 210 477 245 508
4291 209 480 244 511
4292 209 485 244 516
4293 209 488 244 519
4294 209 492 244 523
4295 210 497 245 528
4296 210 501 245 532
4297 209 504 244 535
4298 209 508 244 539
4299 210 511 245 542
4300 213 515 248 546
4301 211 518 246 549
4302 213 522 248 553
4303 211 524 246 555
4304 212 527 247 558
4305 211 531 246 562
4306 212 535 247 566
4307 211 539 246 570
4308 214 542 249 573
4309 212 547 247 578
4310 215 547 250 578
4311 212 553 247 584
4312 212 557 247 588
4313 215 559 250 590
4314 215 562 250 593
4315 215 566 250 597
4316 214 570 249 601
4317 214 574 249 605
4318 214 577 249 608
4319 215 580 250 611
4320 213 585 248 616
4321 213 588 248 619
4322 213 593 248 624
4323 215 597 250 628
4324 217 600 252 631
4325 217 604 252 635
4326 218 608 253 639
4327 217 611 252 642
4328 218 614 253 645
4329 218 618 253 649
4330 218 623 253 654
4331 218 626 253 657
4332 219 629 254 660
4333 220 632 255 663
4334 221 635 256 666
4335 222 637 257 668
4336 222 642 257 673
4337 221 647 256 678
4338 222 649 257 680
4339 223 653 258 684
4340 222 657 257 688
4341 222 659 257 690
4342 223 663 258 694
4343 223 668 258 699
4344 223 672 258 703
4345 223 675 258 706
4346 223 679 258 710
4347 225 682 260 713
4348 225 686 260 717
4349 225 688 260 719
4350 226 688 261 719
4351 226 688 261 719
4352 226 688 261 719
4353 228 688 263 719
