5126 906 5 942 22
5127 906 9 942 26
5128 906 12 942 29
5129 908 16 944 33
5130 909 20 945 37
5131 910 24 946 41
5132 911 28 947 45
5133 911 32 947 49
5134 911 36 947 53
5135 912 39 948 56
5136 913 41 949 58
5137 914 44 950 61
5138 914 49 950 66
5139 915 52 951 69
5140 913 55 949 72
5141 914 60 950 77
5142 915 63 951 80
5143 914 61 951 95
5144 914 65 951 99
5145 914 68 951 102
5146 915 73 952 107
5147 916 76 953 110
5148 916 82 953 116
5149 916 86 953 120
5150 917 89 954 123
5151 918 93 955 127
5152 917 99 954 133
5153 917 102 954 136
5154 918 106 955 140
5155 919 110 956 144
5156 918 115 955 149
5157 919 119 956 153
5158 920 123 957 157
5159 921 127 958 161
5160 921 130 958 164
5161 921 135 958 169
5162 923 139 960 173
5163 925 143 962 177
5164 923 145 960 179
5165 924 149 961 183
5166 924 153 961 187
5167 924 157 961 191
5168 925 162 962 196
5169 926 165 963 199
5170 926 169 963 203
5171 927 174 964 208
5172 928 177 965 211
5173 928 181 965 215
5174 929 185 966 219
5175 929 189 966 223
5176 930 193 967 227
5177 930 196 967 230
5178 929 199 966 233
5179 931 204 968 238
5180 931 208 968 242
5181 933 213 970 247
5182 934 218 971 252
5183 934 221 971 255
5184 934 224 971 258
5185 934 229 971 263
5186 935 234 972 268
5187 935 237 972 271
5188 935 241 972 275
5189 934 244 971 278
5190 935 248 972 282
5191 936 253 973 287
5192 937 255 974 289
5193 937 259 974 293
5194 937 263 974 297
5195 937 267 974 301
5196 938 270 975 304
5197 938 275 975 309
5198 938 278 975 312
5199 939 282 976 316
5200 939 285 976 319
5201 940 289 977 323
5202 940 294 977 328
5203 941 298 978 332
5204 940 301 977 335
5205 941 304 978 338
5206 940 308 977 342
5207 940 312 977 346
5208 941 314 978 348
5209 941 318 978 352
5210 941 321 978 355
5211 942 325 979 359
5212 942 330 979 364
5213 943 334 980 368
5214 943 337 980 371
5215 943 341 980 375
5216 943 345 980 379
5217 943 349 980 383
5218 944 351 981 385
5219 943 355 980 389
5220 943 358 980 392
5221 944 363 981 397
5222 944 366 981 400
5223 944 370 981 404
5224 945 373 982 407
5225 945 377 982 411
5226 945 381 982 415
5227 946 385 983 419
5228 946 388 983 422
5229 946 392 983 426
5230 947 396 984 430
5231 948 397 985 431
5232 947 400 984 434
5233 947 404 984 438
5234 947 407 984 441
5235 947 411 984 445
5236 947 414 984 448
5237 947 418 984 452
5238 948 422 985 456
5239 948 426 985 460
5240 948 430 985 464
5241 948 432 985 466
5242 949 435 986 469
5243 949 439 986 473
5244 949 442 986 476
5245 949 445 986 479
5246 949 449 986 483
5247 949 453 986 487
5248 949 456 986 490
5249 949 460 986 494
5250 949 463 986 497
5251 951 467 988 501
5252 951 471 988 505
5253 951 474 988 508
5254 951 478 988 512
5255 950 481 987 515
5256 952 485 989 519
5257 954 488 991 522
5258 954 492 991 526
5259 953 495 990 529
5260 953 499 990 533
5261 954 501 991 535
5262 953 506 990 540
5263 953 508 990 542
5264 954 511 991 545
5265 955 517 992 551
5266 955 520 992 554
5267 955 524 992 558
5268 954 528 991 562
5269 956 533 993 567
5270 956 537 993 571
5271 957 541 994 575
5272 958 545 995 579
5273 958 549 995 583
5274 958 553 995 587
5275 959 555 996 589
5276 959 558 996 592
5277 960 564 997 598
5278 960 567 997 601
5279 960 570 997 604
5280 960 575 997 609
5281 961 578 998 612
5282 962 582 999 616
5283 962 586 999 620
5284 963 591 1000 625
5285 963 594 1000 628
5286 963 597 1000 631
5287 964 602 1001 636
5288 965 606 1002 640
5289 966 609 1003 643
5290 966 613 1003 647
5291 967 615 1004 649
5292 967 620 1004 654
5293 967 623 1004 657
5294 968 627 1005 661
5295 969 631 1006 665
5296 969 634 1006 668
5297 970 638 1007 672
5298 971 642 1008 676
5299 971 646 1008 680
5300 971 649 1008 683
5301 973 654 1010 688
5302 973 657 1010 691
5303 973 661 1010 695
5304 974 665 1011 699
5305 974 668 1011 702
5306 975 672 1012 706
5307 976 677 1013 711
5308 977 680 1014 714
5309 978 685 1015 719
5310 977 685 1014 719
5311 977 685 1014 719
5312 976 685 1013 719
5313 976 685 1013 719
5314 977 685 1014 719