7098 1080 6 1115 38
7099 1080 10 1115 42
7100 1078 14 1113 46
7101 1078 17 1113 49
7102 1078 22 1113 54
7103 1079 26 1114 58
7104 1079 30 1114 62
7105 1080 34 1115 66
7106 1079 39 1114 71
7107 1079 42 1114 74
7108 1079 47 1114 79
7109 1078 51 1113 83
7110 1079 57 1114 89
7111 1079 59 1114 91
7112 1079 62 1114 94
7113 1079 67 1114 99
7114 1079 70 1114 102
7115 1079 75 1114 107
7116 1079 81 1114 113
7117 1079 85 1114 117
7118 1078 89 1113 121
7119 1078 93 1113 125
7120 1079 95 1114 127
7121 1079 99 1114 131
7122 1080 107 1115 139
7123 1076 109 1111 141
7124 1077 114 1112 146
7125 1076 120 1111 152
7126 1077 124 1112 156
7127 1077 127 1112 159
7128 1077 133 1112 165
7129 1076 138 1111 170
7130 1078 142 1113 174
7131 1077 145 1112 177
7132 1076 148 1111 180
7133 1076 155 1111 187
7134 1076 159 1111 191
7135 1076 162 1111 194
7136 1074 167 1109 199
7137 1076 171 1111 203
7138 1075 176 1110 208
7139 1075 180 1110 212
7140 1076 184 1111 216
7141 1075 188 1110 220
7142 1074 192 1109 224
7143 1075 196 1110 228
7144 1075 200 1110 232
7145 1074 204 1109 236
7146 1074 210 1109 242
7147 1074 212 1109 244
7148 1073 217 1108 249
7149 1072 222 1107 254
7150 1071 225 1106 257
7151 1071 229 1106 261
7152 1070 233 1105 265
7153 1071 238 1106 270
7154 1072 242 1107 274
7155 1071 247 1106 279
7156 1072 250 1107 282
7157 1072 254 1107 286
7158 1071 259 1106 291
7159 1072 262 1107 294
7160 1070 266 1105 298
7161 1070 268 1105 300
7162 1071 276 1106 308
7163 1071 277 1106 309
7164 1070 285 1105 317
7165 1070 288 1105 320
7166 1071 294 1106 326
7167 1070 296 1105 328
7168 1071 301 1106 333
7169 1070 307 1105 339
7170 1071 311 1106 343
7171 1069 314 1104 346
7172 1070 320 1105 352
7173 1070 322 1105 354
7174 1071 327 1106 359
7175 1071 332 1106 364
7176 1071 337 1106 369
7177 1070 341 1105 373
7178 1071 346 1106 378
7179 1070 350 1105 382
7180 1070 354 1105 386
7181 1070 358 1105 390
7182 1069 364 1104 396
7183 1069 368 1104 400
7184 1068 372 1103 404
7185 1069 378 1104 410
7186 1067 382 1102 414
7187 1066 386 1101 418
7188 1067 391 1102 423
7189 1068 395 1103 427
7190 1067 400 1102 432
7191 1067 404 1102 436
7192 1067 407 1102 439
7193 1066 411 1101 443
7194 1067 415 1102 447
7195 1067 419 1102 451
7196 1066 423 1101 455
7197 1065 427 1100 459
7198 1065 432 1100 464
7199 1065 435 1100 467
7200 1065 439 1100 471
7201 1065 443 1100 475
7202 1066 449 1101 481
7203 1066 452 1101 484
7204 1067 456 1102 488
7205 1067 460 1102 492
7206 1068 466 1103 498
7207 1067 470 1102 502
7208 1067 475 1102 507
7209 1068 478 1103 510
7210 1067 482 1102 514
7211 1068 486 1103 518
7212 1066 491 1101 523
7213 1067 495 1102 527
7214 1066 500 1101 532
7215 1066 502 1101 534
7216 1064 507 1099 539
7217 1065 510 1100 542
7218 1063 515 1098 547
7219 1063 520 1098 552
7220 1064 524 1099 556
7221 1063 526 1098 558
7222 1065 530 1100 562
7223 1065 537 1100 569
7224 1063 540 1098 572
7225 1063 544 1098 576
7226 1063 548 1098 580
7227 1063 552 1098 584
7228 1064 556 1099 588
7229 1064 560 1099 592
7230 1065 564 1100 596
7231 1064 569 1099 601
7232 1065 573 1100 605
7233 1063 577 1098 609
7234 1062 581 1097 613
7235 1063 584 1098 616
7236 1063 588 1098 620
7237 1062 592 1097 624
7238 1064 597 1099 629
7239 1063 600 1098 632
7240 1063 604 1098 636
7241 1063 608 1098 640
7242 1062 609 1097 641
7243 1063 615 1098 647
7244 1063 619 1098 651
7245 1064 623 1099 655
7246 1064 628 1099 660
7247 1062 632 1097 664
7248 1063 636 1098 668
7249 1063 640 1098 672
7250 1062 645 1097 677
7251 1062 648 1097 680
7252 1061 652 1096 684
7253 1061 655 1096 687
7254 1060 659 1095 691
7255 1060 663 1095 695
7256 1061 668 1096 700
7257 1060 673 1095 705
7258 1061 675 1096 707
7259 1060 681 1095 713
7260 1060 685 1095 717
7261 1060 687 1095 719
