7978 1132 86 1156 111
7979 1132 92 1156 117
7980 1133 98 1157 123
7981 1135 104 1159 129
7982 1134 108 1158 133
7983 1135 113 1159 138
7984 1137 118 1161 143
7985 1138 124 1162 149
7986 1140 129 1164 154
7987 1139 134 1163 159
7988 1138 138 1162 163
7989 1141 144 1165 169
7990 1140 147 1164 172
7991 1141 155 1165 180
7992 1141 160 1165 185
7993 1143 165 1167 190
7994 1143 167 1167 192
7995 1144 173 1168 198
7996 1146 179 1170 204
7997 1146 184 1170 209
7998 1147 189 1171 214
7999 1148 193 1172 218
8000 1156 197 1180 222
8001 1157 204 1181 229
8002 1158 209 1182 234
8003 1158 214 1182 239
8004 1159 218 1183 243
8005 1160 227 1184 252
8006 1158 228 1182 253
8007 1159 233 1183 258
8008 1159 238 1183 263
8009 1162 245 1186 270
8010 1161 249 1185 274
8011 1161 255 1185 280
8012 1165 260 1189 285
8013 1165 265 1189 290
8014 1165 270 1189 295
8015 1167 277 1191 302
8016 1167 281 1191 306
8017 1168 288 1192 313
8018 1168 293 1192 318
8019 1169 299 1193 324
8020 1169 303 1193 328
8021 1170 309 1194 334
8022 1171 315 1195 340
8023 1171 320 1195 345
8024 1173 326 1197 351
8025 1176 332 1200 357
8026 1178 337 1202 362
8027 1176 341 1200 366
8028 1176 347 1200 372
8029 1178 352 1202 377
8030 1178 358 1202 383
8031 1179 363 1203 388
8032 1180 368 1204 393
8033 1180 374 1204 399
8034 1181 379 1205 404
8035 1181 384 1205 409
8036 1181 389 1205 414
8037 1183 396 1207 421
8038 1186 403 1210 428
8039 1185 407 1209 432
8040 1186 412 1210 437
8041 1186 417 1210 442
8042 1186 422 1210 447
8043 1187 427 1211 452
8044 1187 433 1211 458
8045 1187 438 1211 463
8046 1187 444 1211 469
8047 1187 449 1211 474
8048 1188 454 1212 479
8049 1187 459 1211 484
8050 1187 464 1211 489
8051 1187 470 1211 495
8052 1187 476 1211 501
8053 1187 480 1211 505
8054 1187 484 1211 509
8055 1187 491 1211 516
8056 1187 497 1211 522
8057 1187 502 1211 527
8058 1186 507 1210 532
8059 1186 512 1210 537
8060 1199 519 1223 545
8061 1197 524 1221 550
8062 1197 529 1221 555
8063 1197 534 1221 560
8064 1197 540 1221 566
8065 1197 545 1221 571
8066 1197 552 1221 578
8067 1199 556 1223 582
8068 1198 563 1222 589
8069 1198 569 1222 595
8070 1198 574 1222 600
8071 1201 583 1225 609
8072 1198 587 1222 613
8073 1201 590 1225 616
8074 1201 595 1225 621
8075 1201 600 1225 626
8076 1202 607 1226 633
8077 1201 611 1225 637
8078 1201 616 1225 642
8079 1200 621 1224 647
8080 1198 627 1222 653
8081 1199 632 1223 658
8082 1199 636 1223 662
8083 1199 642 1223 668
8084 1199 648 1223 674
8085 1197 653 1221 679
8086 1197 658 1221 684
8087 1196 663 1220 689
8088 1196 669 1220 695
8089 1195 674 1219 700
8090 1194 680 1218 706
8091 1193 686 1217 712
8092 1194 691 1218 717
8093 1192 693 1216 719
