7964 1145 7 1163 26
7965 1147 11 1165 30
7966 1148 16 1166 35
7967 1149 21 1167 40
7968 1150 25 1168 44
7969 1152 31 1170 50
7970 1152 36 1170 55
7971 1156 39 1174 58
7972 1157 46 1175 65
7973 1157 50 1175 69
7974 1160 55 1178 74
7975 1162 61 1180 80
7976 1163 67 1181 86
7977 1166 70 1184 89
7978 1166 75 1184 94
7979 1170 80 1188 99
7980 1169 85 1187 104
7981 1170 90 1188 109
7982 1171 95 1189 114
7983 1173 100 1191 119
7984 1175 105 1193 124
7985 1176 111 1194 130
7986 1177 116 1195 135
7987 1178 121 1196 140
7988 1180 126 1198 145
7989 1180 132 1198 151
7990 1182 136 1200 155
7991 1182 141 1200 160
7992 1183 147 1201 166
7993 1183 152 1201 171
7994 1187 158 1205 177
7995 1189 163 1207 182
7996 1191 168 1209 187
7997 1191 174 1209 193
7998 1193 179 1211 198
7999 1195 184 1213 203
8000 1196 189 1214 208
8001 1197 194 1215 213
8002 1199 200 1217 219
8003 1200 205 1218 224
8004 1201 210 1219 229
8005 1201 216 1219 235
8006 1202 220 1220 239
8007 1203 226 1221 245
8008 1204 232 1222 251
8009 1206 237 1224 256
8010 1208 242 1226 261
8011 1208 248 1226 267
8012 1210 251 1228 270
8013 1211 258 1229 277
8014 1212 264 1230 283
8015 1214 269 1232 288
8016 1214 274 1232 293
8017 1214 279 1232 298
8018 1215 285 1233 304
8019 1217 291 1235 310
8020 1217 297 1235 316
8021 1219 303 1237 322
8022 1220 310 1238 329
8023 1224 316 1242 335
8024 1225 320 1243 339
8025 1225 325 1243 344
8026 1225 330 1243 349
8027 1226 335 1244 354
8028 1228 342 1246 361
8029 1229 347 1247 366
8030 1230 353 1248 372
8031 1230 358 1248 377
8032 1229 363 1247 382
8033 1229 368 1247 387
8034 1229 372 1247 391
8035 1230 379 1248 398
8036 1231 385 1249 404
8037 1232 389 1250 408
8038 1232 397 1250 416
8039 1233 404 1251 423
8040 1233 409 1251 428
8041 1233 414 1251 433
8042 1233 420 1251 439
8043 1235 425 1253 444
8044 1234 431 1252 450
8045 1238 434 1256 453
8046 1235 442 1253 461
8047 1238 446 1256 465
8048 1237 453 1255 472
8049 1239 458 1257 477
8050 1239 463 1257 482
8051 1239 468 1257 487
8052 1239 474 1257 493
8053 1238 484 1256 503
8054 1239 489 1257 508
8055 1241 495 1259 514
8056 1242 501 1260 520
8057 1241 506 1259 525
8058 1240 511 1258 530
8059 1241 518 1259 537
8060 1241 522 1259 541
8061 1241 528 1259 547
8062 1243 531 1261 550
8063 1241 537 1259 556
8064 1238 541 1256 560
8065 1240 547 1258 566
8066 1239 553 1257 572
8067 1237 557 1255 576
8068 1239 563 1257 582
8069 1239 570 1257 589
8070 1241 573 1259 592
8071 1240 578 1258 597
8072 1239 584 1257 603
8073 1238 591 1256 610
8074 1240 595 1258 614
8075 1239 601 1257 620
8076 1243 611 1261 630
8077 1243 617 1261 636
8078 1245 621 1263 640
8079 1242 627 1260 646
8080 1243 632 1261 651
8081 1243 638 1261 657
8082 1242 642 1260 661
8083 1241 648 1259 667
8084 1239 653 1257 672
8085 1242 658 1260 677
8086 1241 664 1259 683
8087 1238 669 1256 688
8088 1238 674 1256 693
8089 1239 679 1257 698
8090 1238 685 1256 704
8091 1238 691 1256 710
8092 1238 695 1256 714
8093 1238 700 1256 719
8094 1237 700 1255 719
