7979 594 363 624 386
7980 594 366 624 389
7981 594 370 624 393
7982 595 372 625 395
7983 596 376 626 399
7984 596 378 626 401
7985 597 383 627 406
7986 597 386 627 409
7987 597 390 627 413
7988 597 394 627 417
7989 597 398 627 421
7990 598 401 628 424
7991 598 405 628 428
7992 597 407 627 430
7993 597 412 627 435
7994 597 415 627 438
7995 597 417 627 440
7996 598 420 628 443
7997 598 426 628 449
7998 599 428 629 451
7999 598 431 628 454
8000 600 436 630 459
8001 600 440 630 463
8002 599 443 629 466
8003 601 447 631 470
8004 600 451 630 474
8005 601 455 631 478
8006 601 458 631 481
8007 603 460 633 483
8008 604 463 634 486
8009 604 467 634 490
8010 603 470 633 493
8011 608 474 638 497
8012 609 478 639 501
8013 610 482 640 505
8014 608 485 638 508
8015 609 489 639 512
8016 610 491 640 514
8017 609 494 639 517
8018 610 498 640 521
8019 609 503 639 526
8020 609 507 639 530
8021 619 509 648 537
8022 607 516 649 540
8023 621 526 647 547
8024 621 525 645 549
8025 616 530 650 553
8026 624 530 647 557
8027 619 533 647 558
8028 620 534 652 565
8029 623 544 653 567
8030 620 545 649 568
8031 624 550 650 573
8032 619 550 658 576
8033 620 552 655 581
8034 620 561 654 586
8035 624 557 655 591
8036 624 563 656 597
8037 626 572 657 594
8038 625 571 658 598
8039 619 576 656 606
8040 625 586 664 613
8041 625 589 664 616
8042 626 592 665 619
8043 625 596 664 623
8044 626 599 665 626
8045 625 603 664 630
8046 625 607 664 634
8047 624 610 663 637
8048 624 614 663 641
8049 625 617 664 644
8050 626 621 665 648
8051 625 624 664 651
8052 624 627 663 654
8053 625 631 664 658
8054 624 634 663 661
8055 625 637 664 664
8056 625 640 664 667
8057 625 643 664 670
8058 627 646 666 673
8059 626 649 665 676
8060 626 653 665 680
8061 626 656 665 683
8062 625 659 664 686
8063 623 663 662 690
8064 625 666 664 693
8065 625 669 664 696
8066 622 673 661 700
8067 626 687 665 714
8068 626 691 665 718
8069 626 692 665 719
8070 626 692 665 719
8071 620 686 659 713
8072 619 690 658 717
