8043 1019 53 1043 76
8044 1021 59 1045 82
8045 1023 64 1047 87
8046 1024 68 1048 91
8047 1026 74 1050 97
8048 1028 80 1052 103
8049 1029 84 1053 107
8050 1031 89 1055 112
8051 1033 95 1057 118
8052 1035 99 1059 122
8053 1037 104 1061 127
8054 1037 109 1061 132
8055 1039 115 1063 138
8056 1041 120 1065 143
8057 1042 125 1066 148
8058 1044 129 1068 152
8059 1045 135 1069 158
8060 1047 140 1071 163
8061 1048 144 1072 167
8062 1049 151 1073 174
8063 1051 155 1075 178
8064 1052 160 1076 183
8065 1054 166 1078 189
8066 1055 170 1079 193
8067 1058 175 1082 198
8068 1059 180 1083 203
8069 1058 185 1082 208
8070 1061 190 1085 213
8071 1062 195 1086 218
8072 1063 201 1087 224
8073 1064 204 1088 227
8074 1066 209 1090 232
8075 1067 216 1091 239
8076 1068 220 1092 243
8077 1069 224 1093 247
8078 1070 228 1094 251
8079 1071 236 1095 259
8080 1073 241 1097 264
8081 1075 246 1099 269
8082 1076 251 1100 274
8083 1076 255 1100 278
8084 1077 260 1101 283
8085 1078 265 1102 288
8086 1079 270 1103 293
8087 1079 275 1103 298
8088 1081 280 1105 303
8089 1082 286 1106 309
8090 1082 291 1106 314
8091 1084 296 1108 319
8092 1086 303 1110 326
8093 1086 307 1110 330
8094 1087 312 1111 335
8095 1088 317 1112 340
8096 1089 322 1113 345
8097 1089 327 1113 350
8098 1090 332 1114 355
8099 1090 339 1114 362
8100 1091 344 1115 367
8101 1092 349 1116 372
8102 1093 354 1117 377
8103 1094 359 1118 382
8104 1094 362 1118 385
8105 1095 369 1119 392
8106 1095 374 1119 397
8107 1096 379 1120 402
8108 1098 384 1122 407
8109 1098 389 1122 412
8110 1099 394 1123 417
8111 1099 398 1123 421
8112 1100 404 1124 427
8113 1101 409 1125 432
8114 1101 414 1125 437
8115 1101 419 1125 442
8116 1102 423 1126 446
8117 1103 428 1127 451
8118 1103 434 1127 457
8119 1104 439 1128 462
8120 1104 444 1128 467
8121 1105 449 1129 472
8122 1105 453 1129 476
8123 1106 459 1130 482
8124 1106 462 1130 485
8125 1106 469 1130 492
8126 1106 474 1130 497
8127 1107 478 1131 501
8128 1109 484 1133 507
8129 1109 488 1133 511
8130 1109 493 1133 516
8131 1109 497 1133 520
8132 1111 504 1135 527
8133 1111 508 1135 531
8134 1111 512 1135 535
8135 1111 517 1135 540
8136 1111 522 1135 545
8137 1111 527 1135 550
8138 1112 531 1136 554
8139 1112 536 1136 559
8140 1112 541 1136 564
8141 1112 546 1136 569
8142 1112 551 1136 574
8143 1113 556 1137 579
8144 1115 557 1139 580
8145 1114 563 1138 586
8146 1115 567 1139 590
8147 1115 572 1139 595
8148 1116 577 1140 600
8149 1116 584 1140 607
8150 1116 587 1140 610
8151 1117 591 1141 614
8152 1116 596 1140 619
8153 1117 601 1141 624
8154 1117 606 1141 629
8155 1117 610 1141 633
8156 1117 615 1141 638
8157 1117 619 1141 642
8158 1118 624 1142 647
8159 1117 628 1141 651
8160 1117 633 1141 656
8161 1116 638 1140 661
8162 1116 642 1140 665
8163 1117 648 1141 671
8164 1117 653 1141 676
8165 1117 656 1141 679
8166 1116 661 1140 684
8167 1117 666 1141 689
8168 1117 671 1141 694
8169 1117 675 1141 698
8170 1117 681 1141 704
8171 1116 687 1140 710
8172 1116 690 1140 713
8173 1116 694 1140 717
8174 1116 696 1140 719
