8052 798 56 824 85
8053 799 59 825 88
8054 801 63 827 92
8055 802 67 828 96
8056 803 72 829 101
8057 804 78 830 107
8058 807 81 833 110
8059 806 85 832 114
8060 808 89 834 118
8061 809 94 835 123
8062 810 98 836 127
8063 813 102 839 131
8064 813 107 839 136
8065 815 111 841 140
8066 816 114 842 143
8067 816 119 842 148
8068 817 125 843 154
8069 819 129 845 158
8070 826 132 852 161
8071 825 137 851 166
8072 826 141 852 170
8073 827 145 853 174
8074 828 150 854 179
8075 830 154 856 183
8076 830 156 856 185
8077 832 163 858 192
8078 834 167 860 196
8079 836 171 862 200
8080 835 174 861 203
8081 837 179 863 208
8082 837 184 863 213
8083 840 189 866 218
8084 839 194 865 223
8085 842 197 868 226
8086 843 202 869 231
8087 842 208 868 237
8088 846 210 872 239
8089 851 215 877 244
8090 851 219 877 248
8091 852 224 878 253
8092 853 229 879 258
8093 853 233 879 262
8094 855 238 881 267
8095 855 241 881 270
8096 857 246 883 275
8097 857 250 883 279
8098 858 257 884 286
8099 859 261 885 290
8100 861 265 887 294
8101 861 269 887 298
8102 863 273 889 302
8103 864 278 890 307
8104 865 282 891 311
8105 867 286 893 315
8106 866 290 892 319
8107 868 294 894 323
8108 868 299 894 328
8109 870 303 896 332
8110 870 307 896 336
8111 871 311 897 340
8112 872 315 898 344
8113 873 320 899 349
8114 875 326 901 355
8115 876 330 902 359
8116 877 334 903 363
8117 878 339 904 368
8118 877 343 903 372
8119 878 347 904 376
8120 879 352 905 381
8121 880 356 906 385
8122 881 360 907 389
8123 882 365 908 394
8124 883 369 909 398
8125 883 374 909 403
8126 886 378 912 407
8127 886 384 912 413
8128 888 386 914 415
8129 889 392 915 421
8130 889 396 915 425
8131 889 401 915 430
8132 890 406 916 435
8133 891 410 917 439
8134 891 414 917 443
8135 892 419 918 448
8136 893 423 919 452
8137 893 427 919 456
8138 895 431 921 460
8139 895 436 921 465
8140 896 440 922 469
8141 896 445 922 474
8142 896 449 922 478
8143 897 453 923 482
8144 897 458 923 487
8145 898 462 924 491
8146 899 466 925 495
8147 899 470 925 499
8148 900 475 926 504
8149 902 479 928 508
8150 903 483 929 512
8151 903 487 929 516
8152 903 492 929 521
8153 903 496 929 525
8154 904 501 930 530
8155 904 505 930 534
8156 904 510 930 539
8157 904 514 930 543
8158 905 518 931 547
8159 904 521 930 550
8160 904 526 930 555
8161 905 530 931 559
8162 906 533 932 562
8163 904 537 930 566
8164 906 541 932 570
8165 907 545 933 574
8166 907 550 933 579
8167 907 555 933 584
8168 907 560 933 589
8169 907 563 933 592
8170 909 569 935 598
8171 907 572 933 601
8172 907 576 933 605
8173 908 580 934 609
8174 908 585 934 614
8175 908 589 934 618
8176 908 593 934 622
8177 908 598 934 627
8178 908 602 934 631
8179 907 606 933 635