8093 477 8 506 38
8094 478 10 507 40
8095 480 14 509 44
8096 481 16 510 46
8097 484 20 513 50
8098 484 23 513 53
8099 492 25 521 55
8100 493 26 522 56
8101 493 28 522 58
8102 491 23 520 53
8103 496 31 525 61
8104 498 36 527 66
8105 499 45 528 75
8106 501 48 530 78
8107 502 57 531 87
8108 503 57 532 87
8109 506 61 535 91
8110 506 61 535 91
8111 511 61 540 91
8112 511 69 540 99
8113 514 70 543 100
8114 514 75 543 105
8115 517 75 546 105
8116 521 79 550 109
8117 522 81 551 111
8118 522 86 551 116
8119 521 89 550 119
8120 525 91 554 121
8121 526 90 555 120
8122 528 95 557 125
8123 527 95 556 125
8124 530 106 559 136
8125 531 109 560 139
8126 531 113 560 143
8127 532 115 561 145
8128 533 123 562 153
8129 539 122 568 152
8130 541 126 570 156
8131 540 129 569 159
8132 542 133 571 163
8133 549 145 578 175
8134 549 150 578 180
8135 549 153 578 183
8136 549 148 578 178
8137 550 151 579 181
8138 553 154 582 184
8139 552 158 581 188
8140 552 162 581 192
8141 555 165 584 195
8142 553 170 582 200
8143 555 172 584 202
8144 558 175 587 205
8145 557 181 586 211
8146 555 185 584 215
8147 557 188 586 218
8148 558 191 587 221
8149 566 197 595 227
8150 566 197 595 227
8151 568 198 597 228
8152 560 202 589 232
8153 570 210 599 240
8154 570 209 599 239
8155 573 218 602 248
8156 572 217 601 247
8157 573 219 602 249
8158 574 226 603 256
8159 576 228 605 258
8160 574 235 603 265
8161 576 237 605 267
8162 574 240 603 270
8163 576 244 605 274
8164 578 245 607 275
8165 579 248 608 278
8166 579 251 608 281
8167 580 255 609 285
8168 578 260 607 290
8169 581 262 610 292
8170 581 266 610 296
8171 583 268 612 298
8172 583 271 612 301
8173 584 274 613 304
8174 586 277 615 307
8175 586 284 615 314
8176 586 283 615 313
8177 586 288 615 318
8178 587 290 616 320
8179 587 293 616 323
8180 592 295 619 324