8114 424 5 437 15
8115 424 7 437 17
8116 428 11 441 21
8117 428 11 441 21
8118 429 14 442 24
8119 430 20 443 30
8120 430 21 443 31
8121 433 21 446 31
8122 434 25 447 35
8123 439 29 452 39
8124 441 32 454 42
8125 442 34 455 44
8126 444 38 457 48
8127 447 43 460 53
8128 448 43 461 53
8129 449 49 462 59
8130 445 44 466 61
8131 462 54 483 71
8132 460 59 481 76
8133 456 63 477 80
8134 453 65 474 82
8135 462 66 483 83
8136 459 72 480 89
8137 454 64 475 81
8138 470 77 491 94
8139 472 80 493 97
8140 470 81 491 98
8141 471 83 492 100
8142 476 89 497 106
8143 475 90 496 107
8144 478 92 499 109
8145 478 97 499 114
8146 479 103 500 120
8147 481 104 502 121
8148 483 107 504 124
8149 485 109 506 126
8150 485 113 506 130
8151 480 113 501 130
8152 481 116 502 133
8153 485 120 506 137
8154 487 124 508 141
8155 488 125 509 142
8156 489 127 510 144
8157 491 129 512 146
8158 490 135 511 152
8159 492 139 513 156
8160 493 143 514 160
8161 495 147 516 164
8162 494 147 515 164
8163 496 150 517 167
8164 495 153 516 170
8165 494 157 515 174
8166 497 159 518 176
8167 497 161 518 178
8168 502 167 523 184
8169 503 171 524 188
8170 503 175 524 192
8171 502 179 523 196
8172 504 182 525 199
8173 508 187 529 204
8174 506 187 527 204
8175 510 192 531 209
8176 508 194 529 211
8177 509 198 530 215
8178 509 199 530 216
8179 511 205 532 222