28 346 438 380 473
29 348 422 382 457
30 348 408 382 443
31 350 394 384 429
32 348 384 382 419
33 351 372 385 407
34 352 360 386 395
35 353 348 387 383
36 354 336 388 371
37 356 326 390 361
38 358 315 392 350
39 360 305 394 340
40 364 297 398 332
41 366 289 400 324
42 368 276 402 311
43 371 269 405 304
44 371 266 405 301
45 374 258 408 293
46 377 250 411 285
47 377 242 411 277
48 379 236 413 271
49 383 231 417 266
50 383 222 417 257
51 385 216 419 251
52 388 208 422 243
53 392 201 426 236
54 391 196 425 231
55 394 187 428 222
56 396 183 430 218
57 398 180 432 215
58 399 177 433 212
59 400 172 434 207
60 405 166 439 201
61 407 158 441 193
62 409 156 443 191
63 412 152 446 187
64 413 146 447 181
65 416 143 450 178
66 417 138 451 173
67 419 139 453 174
68 421 132 455 167
69 424 129 458 164
70 426 126 460 161
71 428 123 462 158
72 428 126 462 161
73 431 120 465 155
74 434 118 468 153
75 436 119 470 154
76 438 114 472 149
77 440 113 474 148
78 443 111 477 146
79 443 111 477 146
80 445 114 479 149
81 448 110 482 145
82 451 108 485 143
83 453 108 487 143
84 455 108 489 143
85 457 108 491 143
86 459 108 493 143
87 462 108 496 143
88 465 108 499 143
89 465 113 499 148
90 467 113 501 148
91 469 113 503 148
92 471 113 505 148
93 472 114 506 149
94 475 114 509 149
95 476 115 510 150
96 481 116 515 151
97 480 116 514 151
98 484 117 518 152
99 485 118 519 153
100 489 119 523 154
101 489 120 523 155
102 490 122 524 157
103 494 123 528 158
104 496 122 530 157
105 502 122 536 157
106 499 128 533 163
107 500 130 534 165
108 502 132 536 167
109 504 133 538 168
110 506 134 540 169
111 508 138 542 173
112 509 154 544 186
113 511 152 546 184
114 512 154 547 186
115 530 148 565 180
116 529 143 564 175
117 517 157 552 189
118 534 148 569 180
119 534 151 569 183
120 536 151 571 183
121 523 165 558 197
122 527 170 562 202
123 545 167 580 199
124 547 170 582 202
125 533 179 568 211
126 534 181 569 213
127 537 183 572 215
128 538 185 573 217
129 540 187 575 219
130 541 189 576 221
131 546 190 581 222
132 545 195 580 227
133 546 198 581 230
134 548 201 583 233
135 549 203 584 235
136 551 205 586 237
137 555 207 590 239
138 556 209 591 241
139 559 213 594 245
140 559 215 594 247
141 560 218 595 250
142 561 219 596 251
143 562 223 597 255
144 566 226 601 258
145 566 227 601 259
146 570 230 605 262
147 572 233 607 265
148 573 235 608 267
149 576 237 611 269
150 579 239 614 271
151 580 243 615 275
152 581 246 616 278
153 583 248 618 280
154 581 250 616 282
155 585 253 620 285
156 587 255 622 287
157 586 257 621 289
158 587 260 622 292
159 591 263 626 295
160 592 265 627 297
161 593 265 628 297
162 595 269 630 301
163 594 271 629 303
164 597 276 632 308
165 599 278 634 310
166 599 281 634 313
167 601 283 636 315
168 602 287 637 319
169 604 289 639 321
170 606 292 641 324
171 607 295 642 327
172 608 297 643 329
173 611 299 646 331
174 612 301 647 333
175 613 303 648 335
176 614 307 649 339
177 617 309 652 341
178 618 311 653 343
179 619 312 654 344
180 618 315 653 347
181 621 317 656 349
182 618 319 653 351
183 619 321 654 353
184 624 325 659 357
185 623 329 658 361
186 623 332 658 364
187 625 334 660 366
188 626 336 661 368
189 626 337 661 369
190 627 339 662 371
191 627 341 662 373
192 629 344 664 376
193 629 345 664 377
194 631 348 666 380
195 630 350 665 382
196 632 354 667 386
197 632 355 667 387
198 633 358 668 390
199 633 360 668 392
200 634 362 669 394
201 635 365 670 397
202 636 369 671 401
203 637 370 672 402
204 636 371 671 403
205 639 375 674 407
206 638 378 673 410
207 637 381 672 413
208 637 385 672 417
209 638 388 673 420
210 636 392 671 424
211 638 396 673 428
212 639 398 674 430
213 638 403 673 435
214 638 405 673 437
215 637 408 672 440
216 639 413 674 445
217 639 416 674 448
218 638 419 673 451
219 638 423 673 455
220 638 425 673 457
221 638 429 673 461
222 638 433 673 465
223 638 437 673 469
224 638 440 673 472
225 638 444 673 476
226 638 445 673 477
227 639 450 674 482
228 639 452 674 484
229 638 458 673 490
230 638 459 673 491
231 636 463 671 495
232 636 466 671 498
233 636 470 671 502
234 636 473 671 505
235 635 478 670 510
236 636 482 671 514
237 635 486 670 518
238 634 490 669 522
239 633 494 668 526
240 633 498 668 530
241 633 502 668 534
242 632 506 667 538
243 631 511 666 543
244 631 514 666 546
245 631 518 666 550
246 631 522 666 554
247 630 526 665 558
248 630 530 665 562
249 627 535 662 567
250 627 539 662 571
251 626 543 661 575
252 625 547 660 579
253 624 550 659 582
254 625 553 660 585
255 622 556 657 588
256 624 560 659 592
257 622 565 657 597
258 619 570 654 602
259 619 575 654 607
260 619 579 654 611
261 618 582 653 614
262 617 588 652 620
263 617 592 652 624
264 615 595 650 627
265 613 599 648 631
266 613 603 648 635
267 611 607 646 639
268 609 611 644 643
269 609 615 644 647
270 607 621 642 653
271 607 623 642 655
272 607 627 642 659
273 605 630 640 662
274 604 635 639 667
275 602 638 637 670
276 602 641 637 673
277 601 646 636 678
278 597 650 632 682
279 596 654 631 686
280 596 658 631 690
281 594 661 629 693
282 593 664 628 696
283 592 668 627 700
284 591 671 626 703
285 591 676 626 708
286 588 680 623 712
287 589 682 624 714
288 586 686 621 718
289 586 687 621 719
290 585 687 620 719
291 583 687 618 719
292 583 687 618 719
293 579 687 614 719
294 582 687 617 719
