2730 486 2 505 24
2731 486 4 505 26
2732 485 6 504 28
2733 484 9 503 31
2734 483 11 502 33
2735 482 13 501 35
2736 481 15 500 37
2737 480 17 499 39
2738 479 19 498 41
2739 478 22 497 44
2740 476 23 495 45
2741 475 26 494 48
2742 475 28 494 50
2743 474 31 493 53
2744 473 33 492 55
2745 471 35 490 57
2746 470 37 489 59
2747 469 39 488 61
2748 469 41 488 63
2749 468 44 487 66
2750 467 46 486 68
2751 466 48 485 70
2752 465 51 484 73
2753 464 53 483 75
2754 464 55 483 77
2755 462 57 481 79
2756 461 59 480 81
2757 461 61 480 83
2758 459 64 478 86
2759 459 66 478 88
2760 459 69 478 91
2761 458 72 477 94
2762 456 73 475 95
2763 455 75 474 97
2764 455 78 474 100
2765 453 80 472 102
2766 453 83 472 105
2767 451 85 470 107
2768 451 87 470 109
2769 450 90 469 112
2770 449 92 468 114
2771 448 94 467 116
2772 447 96 466 118
2773 446 99 465 121
2774 445 101 464 123
2775 444 103 463 125
2776 445 105 464 127
2777 442 107 461 129
2778 441 109 460 131
2779 439 112 458 134
2780 438 114 457 136
2781 437 117 456 139
2782 437 119 456 141
2783 435 123 454 145
2784 434 124 453 146
2785 433 126 452 148
2786 433 129 452 151
2787 432 131 451 153
2788 430 135 449 157
2789 430 136 449 158
2790 429 140 448 162
2791 429 141 448 163
2792 427 143 446 165
2793 426 145 445 167
2794 425 147 444 169
2795 425 150 444 172
2796 423 152 442 174
2797 422 155 441 177
2798 422 157 441 179
2799 420 159 439 181
2800 419 161 438 183
2801 419 165 438 187
2802 419 167 438 189
2803 418 168 437 190
2804 416 172 435 194
2805 415 174 434 196
2806 415 177 434 199
2807 414 179 433 201
2808 413 182 432 204
2809 411 183 430 205
2810 410 186 429 208
2811 410 189 429 211
2812 410 191 429 213
2813 409 193 428 215
2814 407 197 426 219
2815 407 198 426 220
2816 406 202 425 224
2817 405 204 424 226
2818 403 205 422 227
2819 404 208 423 230
2820 403 211 422 233
2821 403 213 422 235
2822 401 216 420 238
2823 399 217 418 239
2824 397 221 416 243
2825 396 222 415 244
2826 395 224 414 246
2827 396 227 415 249
2828 395 230 414 252
2829 393 231 412 253
2830 391 234 410 256
2831 392 238 411 260
2832 390 238 409 260
2833 388 242 407 264
2834 390 244 409 266
2835 386 246 405 268
2836 388 248 407 270
2837 387 251 406 273
2838 386 253 405 275
2839 386 255 405 277
2840 383 257 402 279
2841 382 259 401 281
2842 382 262 401 284
2843 381 264 400 286
2844 379 266 398 288
2845 380 269 399 291
2846 378 272 397 294
2847 376 275 395 297
2848 377 276 396 298
2849 376 279 395 301
2850 375 282 394 304
2851 373 283 392 305
2852 371 286 390 308
2853 372 289 391 311
2854 370 291 389 313
2855 370 293 389 315
2856 368 297 387 319
2857 368 299 387 321
2858 366 301 385 323
2859 366 303 385 325
2860 364 305 383 327
2861 363 307 382 329
2862 363 310 382 332
2863 362 313 381 335
2864 361 315 380 337
2865 360 318 379 340
2866 359 321 378 343
2867 360 323 379 345
2868 359 325 378 347
2869 357 328 376 350
2870 356 330 375 352
2871 356 333 375 355
2872 353 336 372 358
2873 354 337 373 359
2874 352 340 371 362
2875 352 342 371 364
2876 351 344 370 366
2877 349 347 368 369
2878 349 349 368 371
2879 348 352 367 374
2880 346 354 365 376
2881 345 357 364 379
2882 344 360 363 382
2883 343 362 362 384
2884 342 364 361 386
2885 342 366 361 388
2886 340 368 359 390
2887 340 371 359 393
2888 339 373 358 395
2889 338 376 357 398
2890 337 379 356 401
2891 336 381 355 403
2892 335 382 354 404
2893 334 386 353 408
2894 334 387 353 409
2895 333 391 352 413
2896 333 393 352 415
2897 332 394 351 416
2898 329 399 348 421
2899 330 401 349 423
2900 329 403 348 425
2901 328 406 347 428
2902 327 408 346 430
2903 326 410 345 432
2904 325 413 344 435
2905 324 415 343 437
2906 321 418 340 440
2907 322 420 341 442
2908 321 423 340 445
2909 319 424 338 446
2910 318 425 337 447
2911 319 430 338 452
2912 315 431 334 453
2913 315 434 334 456
2914 316 436 335 458
2915 316 438 335 460
2916 314 441 333 463
2917 313 443 332 465
2918 313 446 332 468
2919 311 447 330 469
2920 312 450 331 472
2921 311 452 330 474
2922 311 453 330 475
2923 309 457 328 479
2924 307 459 326 481
2925 305 461 324 483
2926 306 465 325 487
2927 304 466 323 488
2928 303 468 322 490
2929 304 470 323 492
2930 303 473 322 495
2931 302 475 321 497
2932 299 477 318 499
2933 298 479 317 501
2934 298 481 317 503
2935 297 484 316 506
2936 296 487 315 509
2937 296 489 315 511
2938 295 491 314 513
2939 293 493 312 515
2940 293 496 312 518
2941 292 498 311 520
2942 291 500 310 522
2943 289 502 308 524
2944 289 504 308 526
2945 288 507 307 529
2946 287 509 306 531
2947 287 511 306 533
2948 286 514 305 536
2949 287 515 306 537
2950 285 519 304 541
2951 284 521 303 543
2952 284 522 303 544
2953 282 523 301 545
2954 281 528 300 550
2955 280 528 299 550
2956 280 529 299 551
2957 277 534 296 556
2958 277 534 296 556
2959 275 538 294 560
2960 276 541 295 563
2961 275 543 294 565
2962 274 544 293 566
2963 273 547 292 569
2964 273 550 292 572
2965 271 552 290 574
2966 270 555 289 577
2967 269 556 288 578
2968 268 558 287 580
2969 268 560 287 582
2970 268 563 287 585
2971 267 565 286 587
2972 266 567 285 589
2973 264 569 283 591
2974 262 572 281 594
2975 262 574 281 596
2976 261 577 280 599
2977 261 578 280 600
2978 261 580 280 602
2979 259 584 278 606
2980 259 586 278 608
2981 258 587 277 609
2982 257 590 276 612
2983 257 591 276 613
2984 254 595 273 617
2985 255 597 274 619
2986 253 599 272 621
2987 253 601 272 623
2988 252 604 271 626
2989 251 606 270 628
2990 249 608 268 630
2991 249 610 268 632
2992 249 612 268 634
2993 247 614 266 636
2994 248 616 267 638
2995 246 619 265 641
2996 246 621 265 643
2997 245 623 264 645
2998 243 627 262 649
2999 243 628 262 650
3000 243 630 262 652
3001 242 632 261 654
3002 241 634 260 656
3003 241 637 260 659
3004 240 639 259 661
3005 239 641 258 663
3006 239 644 258 666
3007 239 646 258 668
3008 237 648 256 670
3009 236 651 255 673
3010 236 653 255 675
3011 234 655 253 677
3012 234 656 253 678
3013 232 661 251 683
3014 232 663 251 685
3015 231 665 250 687
3016 231 668 250 690
3017 229 670 248 692
3018 229 672 248 694
3019 229 674 248 696
3020 231 675 250 697
3021 228 678 247 700
3022 228 680 247 702
3023 227 684 246 706
3024 227 685 246 707
3025 226 688 245 710
3026 225 690 244 712
3027 226 691 245 713
3028 225 693 244 715
3029 224 697 243 719
3030 223 697 242 719
3031 225 697 244 719
3032 222 697 241 719
3033 221 697 240 719
