5302 499 98 519 119
5303 497 102 517 123
5304 496 104 516 125
5305 494 108 514 129
5306 493 111 513 132
5307 494 112 514 133
5308 491 117 511 138
5309 490 119 510 140
5310 489 123 509 144
5311 488 125 508 146
5312 488 128 508 149
5313 487 133 507 154
5314 486 135 506 156
5315 486 137 506 158
5316 485 140 505 161
5317 484 142 504 163
5318 484 145 504 166
5319 483 147 503 168
5320 481 149 501 170
5321 480 153 500 174
5322 480 155 500 176
5323 479 157 499 178
5324 479 159 499 180
5325 478 161 498 182
5326 477 164 497 185
5327 477 166 497 187
5328 474 168 494 189
5329 474 170 494 191
5330 474 174 494 195
5331 473 175 493 196
5332 473 176 493 197
5333 471 179 491 200
5334 471 181 491 202
5335 470 183 490 204
5336 470 185 490 206
5337 469 187 489 208
5338 468 189 488 210
5339 468 191 488 212
5340 467 194 487 215
5341 466 196 486 217
5342 465 199 485 220
5343 465 200 485 221
5344 464 202 484 223
5345 463 205 483 226
5346 462 208 482 229
5347 461 209 481 230
5348 460 211 480 232
5349 460 213 480 234
5350 459 216 479 237
5351 458 218 478 239
5352 458 220 478 241
5353 457 222 477 243
5354 456 224 476 245
5355 456 226 476 247
5356 455 228 475 249
5357 454 231 474 252
5358 453 257 475 277
5359 453 260 475 280
5360 453 260 475 280
5361 455 266 477 286
5362 454 264 476 284
5363 454 266 476 286
5364 454 268 476 288
5365 452 271 474 291
5366 454 273 476 293
5367 450 276 472 296
5368 449 278 471 298
5369 448 281 470 301
5370 447 283 469 303
5371 448 284 470 304
5372 446 287 468 307
5373 444 289 466 309
5374 446 292 468 312
5375 445 294 467 314
5376 444 294 466 314
5377 444 296 466 316
5378 442 299 464 319
5379 441 302 463 322
5380 442 303 464 323
5381 440 307 462 327
5382 441 308 463 328
5383 438 310 460 330
5384 439 313 461 333
5385 436 316 458 336
5386 438 318 460 338
5387 435 320 457 340
5388 437 323 459 343
5389 436 325 458 345
5390 434 329 456 349
5391 435 330 457 350
5392 433 333 455 353
5393 432 336 454 356
5394 431 339 453 359
5395 431 340 453 360
5396 430 343 452 363
5397 429 345 451 365
5398 429 347 451 367
5399 430 349 452 369
5400 429 351 451 371
5401 429 353 451 373
5402 428 356 450 376
5403 428 358 450 378
5404 425 361 447 381
5405 424 362 446 382
5406 426 366 448 386
5407 427 368 449 388
5408 426 371 448 391
5409 424 373 446 393
5410 425 376 447 396
5411 424 378 446 398
5412 422 414 442 439
5413 421 418 441 443
5414 420 420 440 445
5415 421 421 441 446
5416 419 424 439 449
5417 419 427 439 452
5418 418 428 438 453
5419 417 432 437 457
5420 417 434 437 459
5421 417 436 437 461
5422 416 438 436 463
5423 416 440 436 465
5424 417 441 437 466
5425 414 444 434 469
5426 414 446 434 471
5427 414 448 434 473
5428 413 449 433 474
5429 412 453 432 478
5430 414 454 434 479
5431 411 456 431 481
5432 410 458 430 483
5433 410 461 430 486
5434 409 464 429 489
5435 409 465 429 490
5436 408 468 428 493
5437 408 469 428 494
5438 407 471 427 496
5439 406 474 426 499
5440 407 502 431 524
5441 406 505 430 527
5442 406 506 430 528
5443 406 508 430 530
5444 406 512 430 534
5445 406 516 430 538
5446 405 516 429 538
5447 406 518 430 540
5448 405 522 429 544
5449 405 526 429 548
5450 404 530 428 552
5451 404 533 428 555
5452 403 536 427 558
5453 403 538 427 560
5454 403 541 427 563
5455 402 544 426 566
5456 400 545 424 567
5457 400 549 424 571
5458 400 552 424 574
5459 399 554 423 576
5460 399 557 423 579
5461 398 560 422 582
5462 397 562 421 584
5463 397 565 421 587
5464 397 568 421 590
5465 396 571 420 593
5466 396 573 420 595
5467 395 575 419 597
5468 395 577 419 599
5469 394 579 418 601
5470 393 583 417 605
5471 393 586 417 608
5472 392 588 416 610
5473 391 590 415 612
5474 392 592 416 614
5475 391 595 415 617
5476 390 601 414 623
5477 389 606 413 628
5478 389 607 413 629
5479 389 610 413 632
5480 388 612 412 634
5481 388 615 412 637
5482 387 624 411 646
5483 386 625 410 647
5484 386 628 410 650
5485 385 630 409 652
5486 385 633 409 655
5487 384 636 408 658
5488 383 638 407 660
5489 383 641 407 663
5490 383 642 407 664
5491 382 646 406 668
5492 381 649 405 671
5493 381 651 405 673
5494 380 654 404 676
5495 379 661 403 683
5496 378 663 402 685
5497 377 665 401 687
5498 377 667 401 689
5499 378 669 402 691
5500 375 675 399 697
5501 374 678 398 700
5502 373 682 397 704
5503 373 683 397 705
5504 372 686 396 708
5505 372 690 396 712
5506 372 691 396 713
5507 372 695 396 717
5508 372 697 396 719
5509 370 697 394 719
5510 370 697 394 719
5511 371 697 395 719