647 1244 71 1266 105
648 1243 74 1265 108
649 1242 78 1264 112
650 1242 80 1264 114
651 1242 84 1264 118
652 1242 86 1264 120
653 1239 88 1261 122
654 1242 92 1264 126
655 1241 94 1263 128
656 1241 99 1263 133
657 1242 101 1264 135
658 1239 101 1261 135
659 1241 108 1263 142
660 1240 109 1262 143
661 1240 112 1262 146
662 1239 114 1261 148
663 1239 118 1261 152
664 1238 119 1260 153
665 1238 124 1260 158
666 1236 129 1258 163
667 1238 132 1260 166
668 1236 133 1258 167
669 1234 137 1256 171
670 1232 141 1254 175
671 1235 140 1257 174
672 1236 143 1258 177
673 1233 151 1255 185
674 1232 153 1254 187
675 1233 154 1255 188
676 1234 159 1256 193
677 1233 162 1255 196
678 1234 167 1256 201
679 1233 166 1255 200
680 1232 165 1254 199
681 1231 171 1253 205
682 1233 176 1255 210
683 1229 176 1251 210
684 1229 178 1251 212
685 1229 180 1251 214
686 1228 184 1250 218
687 1228 186 1250 220
688 1227 189 1249 223
689 1226 192 1248 226
690 1226 194 1248 228
691 1226 198 1248 232
692 1225 202 1247 236
693 1224 204 1246 238
694 1223 206 1245 240
695 1223 210 1245 244
696 1222 212 1244 246
697 1222 215 1244 249
698 1221 218 1243 252
699 1221 220 1243 254
700 1220 224 1242 258
701 1219 226 1241 260
702 1219 229 1241 263
703 1216 232 1238 266
704 1215 234 1237 268
705 1217 237 1239 271
706 1216 239 1238 273
707 1216 243 1238 277
708 1215 245 1237 279
709 1217 245 1239 279
710 1215 250 1237 284
711 1214 253 1236 287
712 1213 256 1235 290
713 1213 259 1235 293
714 1213 262 1235 296
715 1212 265 1234 299
716 1211 269 1233 303
717 1211 270 1233 304
718 1210 274 1232 308
719 1210 276 1232 310
720 1209 278 1231 312
721 1210 283 1232 317
722 1206 285 1228 319
723 1211 284 1233 318
724 1207 292 1229 326
725 1207 295 1229 329
726 1206 298 1228 332
727 1205 300 1227 334
728 1204 303 1226 337
729 1202 306 1224 340
730 1203 308 1225 342
731 1203 311 1225 345
732 1202 312 1224 346
733 1202 315 1224 349
734 1202 319 1224 353
735 1201 322 1223 356
736 1201 323 1223 357
737 1200 326 1222 360
738 1196 331 1218 365
739 1198 333 1220 367
740 1194 336 1216 370
741 1195 343 1217 377
742 1197 341 1219 375
743 1196 344 1218 378
744 1194 347 1216 381
745 1194 349 1216 383
746 1191 358 1213 392
747 1192 356 1214 390
748 1191 357 1213 391
749 1192 361 1214 395
750 1190 364 1212 398
751 1189 368 1211 402
752 1189 370 1211 404
753 1189 371 1211 405
754 1178 375 1213 404
755 1179 382 1214 411
756 1179 384 1214 413
757 1179 386 1214 415
758 1177 389 1212 418
759 1178 392 1213 421
760 1176 395 1211 424
761 1175 397 1210 426
762 1174 399 1209 428
763 1173 403 1208 432
764 1172 406 1207 435
765 1173 409 1208 438
766 1171 412 1206 441
767 1170 414 1205 443
768 1170 418 1205 447
769 1169 420 1204 449
770 1168 423 1203 452
771 1166 425 1201 454
772 1165 427 1200 456
773 1166 429 1201 458
774 1162 433 1197 462
775 1164 437 1199 466
776 1162 438 1197 467
777 1160 442 1195 471
778 1159 443 1194 472
779 1157 447 1192 476
780 1156 448 1191 477
781 1155 453 1190 482
782 1154 455 1189 484
783 1153 457 1188 486
784 1152 461 1187 490
785 1151 466 1186 495
786 1151 469 1186 498
787 1150 470 1185 499
788 1149 473 1184 502
789 1148 479 1183 508
790 1146 483 1181 512
791 1145 487 1180 516
792 1144 488 1179 517
793 1148 493 1183 522
794 1148 496 1183 525
795 1141 497 1176 526
796 1139 502 1174 531
797 1137 501 1172 530
798 1138 506 1173 535
799 1134 507 1169 536
800 1136 508 1171 537
801 1136 511 1171 540
802 1138 518 1173 547
803 1139 522 1174 551
804 1128 520 1163 549
805 1130 523 1165 552
806 1133 534 1168 563
807 1132 526 1167 555
808 1127 533 1162 562
809 1126 535 1161 564
810 1126 537 1161 566
811 1124 541 1159 570
812 1123 544 1158 573
813 1123 550 1158 579
814 1127 553 1162 582
815 1122 552 1157 581
816 1124 558 1159 587
817 1119 557 1154 586
818 1120 558 1155 587
819 1117 565 1152 594
820 1120 569 1155 598
821 1119 571 1154 600
822 1110 572 1145 601
823 1117 579 1152 608
824 1109 577 1144 606
825 1106 582 1141 611
826 1106 585 1141 614
827 1105 585 1140 614
828 1103 591 1138 620
829 1108 590 1143 619
830 1110 598 1145 627
831 1100 600 1135 629
832 1099 601 1134 630
833 1100 602 1135 631
834 1097 609 1132 638
835 1096 612 1131 641
836 1097 611 1132 640
837 1095 616 1130 645
838 1093 622 1128 651
839 1092 623 1127 652
840 1093 625 1128 654
841 1091 629 1126 658
842 1089 632 1124 661
843 1089 634 1124 663
844 1090 633 1125 662
845 1086 640 1121 669
846 1086 642 1121 671
847 1087 641 1122 670
848 1085 646 1120 675
849 1084 649 1119 678
850 1082 653 1117 682
851 1080 656 1115 685
852 1080 659 1115 688
853 1080 660 1115 689
854 1079 663 1114 692
855 1078 666 1113 695
856 1077 668 1112 697
857 1076 671 1111 700
858 1076 676 1111 705
859 1074 679 1109 708
860 1074 682 1109 711
861 1073 685 1108 714
862 1071 689 1106 718
863 1071 689 1106 718
864 1070 690 1105 719
865 1070 688 1105 717
866 1069 690 1104 719