8040 855 30 876 54
8041 854 31 875 55
8042 855 33 876 57
8043 854 35 875 59
8044 852 37 873 61
8045 851 39 872 63
8046 849 41 870 65
8047 848 43 869 67
8048 847 44 868 68
8049 845 46 866 70
8050 843 48 864 72
8051 842 50 863 74
8052 841 51 862 75
8053 840 54 861 78
8054 839 56 860 80
8055 840 56 861 80
8056 837 59 858 83
8057 836 60 857 84
8058 835 63 856 87
8059 833 65 854 89
8060 832 67 853 91
8061 830 68 851 92
8062 829 70 850 94
8063 828 73 849 97
8064 827 74 848 98
8065 826 76 847 100
8066 825 78 846 102
8067 824 80 845 104
8068 822 82 843 106
8069 822 84 843 108
8070 819 84 840 108
8071 820 88 841 112
8072 819 90 840 114
8073 818 92 839 116
8074 816 95 837 119
8075 814 96 835 120
8076 814 98 835 122
8077 812 100 833 124
8078 812 105 833 129
8079 810 105 831 129
8080 808 105 829 129
8081 807 108 828 132
8082 806 110 827 134
8083 804 113 825 137
8084 804 114 825 138
8085 803 115 824 139
8086 803 117 824 141
8087 802 120 823 144
8088 800 123 821 147
8089 798 123 819 147
8090 797 126 818 150
8091 797 128 818 152
8092 796 130 817 154
8093 795 132 816 156
8094 794 134 815 158
8095 793 135 814 159
8096 791 138 812 162
8097 790 140 811 164
8098 789 143 810 167
8099 787 145 808 169
8100 786 147 807 171
8101 785 149 806 173
8102 784 151 805 175
8103 783 153 804 177
8104 782 155 803 179
8105 781 157 802 181
8106 780 159 801 183
8107 778 161 799 185
8108 776 164 797 188
8109 776 165 797 189
8110 773 168 794 192
8111 771 171 792 195
8112 771 172 792 196
8113 770 174 791 198
8114 768 176 789 200
8115 767 179 788 203
8116 765 181 786 205
8117 765 183 786 207
8118 764 186 785 210
8119 763 187 784 211
8120 761 190 782 214
8121 760 192 781 216
8122 759 194 780 218
8123 758 197 779 221
8124 757 199 778 223
8125 756 200 777 224
8126 754 203 775 227
8127 753 206 774 230
8128 752 206 773 230
8129 750 209 771 233
8130 748 213 769 237
8131 747 215 768 239
8132 746 217 767 241
8133 745 219 766 243
8134 744 221 765 245
8135 743 223 764 247
8136 741 226 762 250
8137 740 228 761 252
8138 739 230 760 254
8139 737 233 758 257
8140 736 235 757 259
8141 736 237 757 261
8142 736 237 757 261
8143 733 241 754 265
8144 732 244 753 268
8145 731 245 752 269
8146 730 247 751 271
8147 729 250 750 274
8148 728 252 749 276
8149 726 255 747 279
8150 726 255 747 279
8151 724 260 745 284
8152 723 261 744 285
8153 722 264 743 288
8154 721 266 742 290
8155 720 269 741 293
8156 718 271 739 295
8157 718 272 739 296
8158 716 274 737 298
8159 715 278 736 302
8160 714 280 735 304
8161 712 283 733 307
8162 711 285 732 309
8163 711 287 732 311
8164 709 289 730 313
8165 707 293 728 317
8166 707 293 728 317
8167 705 296 726 320
8168 704 298 725 322
8169 703 302 724 326
8170 702 303 723 327
8171 700 308 721 332
8172 700 308 721 332
8173 699 310 720 334
8174 698 313 719 337
8175 697 315 718 339
8176 696 318 717 342
8177 695 320 716 344
8178 693 324 714 348
8179 692 324 713 348
8180 691 327 712 351
8181 690 330 711 354
8182 689 332 710 356
8183 688 334 709 358
8184 688 337 709 361
8185 686 339 707 363
8186 685 340 706 364
8187 684 343 705 367
8188 682 346 703 370
8189 681 350 702 374
8190 680 350 701 374
8191 679 353 700 377
8192 678 356 699 380
8193 677 359 698 383
8194 677 360 698 384
8195 676 362 697 386
8196 675 365 696 389
8197 674 366 695 390
8198 672 369 693 393
8199 672 371 693 395
8200 672 373 693 397
8201 670 375 691 399
8202 668 380 689 404
8203 669 381 690 405
8204 667 384 688 408
8205 665 389 686 413
8206 663 390 684 414
8207 662 393 683 417
8208 662 393 683 417
8209 661 397 682 421
8210 661 400 682 424
8211 659 401 680 425
8212 658 403 679 427
8213 658 405 679 429
8214 657 410 678 434
8215 655 411 676 435
8216 655 414 676 438
8217 655 415 676 439
8218 653 416 674 440
8219 652 420 673 444
8220 651 424 672 448
8221 649 425 670 449
8222 650 426 671 450
8223 649 429 670 453
8224 647 432 668 456
8225 647 435 668 459
8226 646 437 667 461
8227 645 440 666 464
8228 644 441 665 465
8229 643 443 664 467
8230 642 445 663 469
8231 640 450 661 474
8232 641 452 662 476
8233 639 453 660 477
8234 640 455 661 479
8235 637 459 658 483
8236 637 461 658 485
8237 635 464 656 488
8238 634 466 655 490
8239 632 469 653 493
8240 632 471 653 495
8241 632 475 653 499
8242 632 474 653 498
8243 631 479 652 503
8244 629 480 650 504
8245 626 483 647 507
8246 627 486 648 510
8247 626 489 647 513
8248 626 491 647 515
8249 627 492 648 516
8250 625 495 646 519
8251 624 497 645 521
8252 623 499 644 523
8253 623 501 644 525
8254 622 503 643 527
8255 621 506 642 530
8256 621 508 642 532
8257 621 510 642 534
8258 620 512 641 536
8259 620 515 641 539
8260 619 517 640 541
8261 617 521 638 545
8262 617 523 638 547
8263 616 526 637 550
8264 615 528 636 552
8265 615 531 636 555
8266 615 533 636 557
8267 614 536 635 560
8268 613 539 634 563
8269 613 541 634 565
8270 613 546 634 570
8271 611 548 632 572
8272 610 551 631 575
8273 610 553 631 577
8274 609 555 630 579
8275 609 557 630 581
8276 609 559 630 583
8277 607 565 628 589
8278 604 568 625 592
8279 604 572 625 596
8280 604 572 625 596
8281 603 576 624 600
8282 603 578 624 602
8283 603 580 624 604
8284 603 583 624 607
8285 601 586 622 610
8286 601 588 622 612
8287 600 591 621 615
8288 599 594 620 618
8289 598 597 619 621
8290 598 600 619 624
8291 598 602 619 626
8292 596 604 617 628
8293 597 607 618 631
8294 597 607 618 631
8295 595 613 616 637
8296 595 616 616 640
8297 593 618 614 642
8298 594 620 615 644
8299 593 622 614 646
8300 592 625 613 649
8301 593 627 614 651
8302 592 631 613 655
8303 592 633 613 657
8304 590 636 611 660
8305 589 638 610 662
8306 589 642 610 666
8307 589 644 610 668
8308 588 646 609 670
8309 587 650 608 674
8310 587 651 608 675
8311 587 654 608 678
8312 587 656 608 680
8313 587 659 608 683
8314 586 662 607 686
8315 585 665 606 689
8316 584 667 605 691
8317 583 671 604 695
8318 583 674 604 698
8319 582 677 603 701
8320 583 679 604 703
8321 582 682 603 706
8322 582 684 603 708
8323 580 686 601 710
8324 581 690 602 714
8325 581 692 602 716
8326 581 693 602 717
8327 580 695 601 719
8328 581 695 602 719
8329 581 695 602 719
8330 582 695 603 719
8331 583 695 604 719