1126 623 101 647 125
1127 625 105 649 129
1128 623 106 647 130
1129 624 114 648 138
1130 626 118 650 142
1131 624 122 648 146
1132 624 126 648 150
1133 625 130 649 154
1134 626 134 650 158
1135 627 137 651 161
1136 625 141 649 165
1137 627 145 651 169
1138 627 149 651 173
1139 629 153 653 177
1140 629 157 653 181
1141 629 160 653 184
1142 629 164 653 188
1143 630 167 654 191
1144 629 172 653 196
1145 630 173 654 197
1146 630 180 654 204
1147 631 184 655 208
1148 631 186 655 210
1149 630 191 654 215
1150 631 194 655 218
1151 632 199 656 223
1152 632 202 656 226
1153 632 206 656 230
1154 633 210 657 234
1155 634 213 658 237
1156 634 217 658 241
1157 634 220 658 244
1158 634 224 658 248
1159 634 228 658 252
1160 635 232 659 256
1161 634 235 658 259
1162 634 238 658 262
1163 633 241 657 265
1164 635 245 659 269
1165 637 250 661 274
1166 636 254 660 278
1167 636 257 660 281
1168 637 261 661 285
1169 637 264 661 288
1170 639 267 663 291
1171 639 271 663 295
1172 639 274 663 298
1173 640 279 664 303
1174 640 281 664 305
1175 642 286 666 310
1176 642 290 666 314
1177 642 293 666 317
1178 642 297 666 321
1179 643 300 667 324
1180 644 304 668 328
1181 644 307 668 331
1182 646 311 670 335
1183 646 315 670 339
1184 646 318 670 342
1185 646 321 670 345
1186 647 325 671 349
1187 648 329 672 353
1188 648 333 672 357
1189 648 336 672 360
1190 649 340 673 364
1191 649 343 673 367
1192 649 346 673 370
1193 650 350 674 374
1194 650 354 674 378
1195 651 358 675 382
1196 651 361 675 385
1197 652 364 676 388
1198 652 369 676 393
1199 652 372 676 396
1200 652 375 676 399
1201 653 378 677 402
1202 654 382 678 406
1203 654 386 678 410
1204 654 389 678 413
1205 655 394 679 418
1206 655 398 679 422
1207 655 401 679 425
1208 655 404 679 428
1209 656 408 680 432
1210 656 411 680 435
1211 657 415 681 439
1212 657 419 681 443
1213 657 422 681 446
1214 658 426 682 450
1215 658 429 682 453
1216 658 433 682 457
1217 659 438 683 462
1218 660 441 684 465
1219 660 444 684 468
1220 661 447 685 471
1221 660 451 684 475
1222 661 455 685 479
1223 662 459 686 483
1224 662 462 686 486
1225 662 465 686 489
1226 662 469 686 493
1227 663 473 687 497
1228 663 476 687 500
1229 663 480 687 504
1230 664 483 688 507
1231 664 487 688 511
1232 664 490 688 514
1233 665 494 689 518
1234 665 498 689 522
1235 665 501 689 525
1236 666 505 690 529
1237 666 508 690 532
1238 666 512 690 536
1239 666 516 690 540
1240 666 519 690 543
1241 667 523 691 547
1242 668 527 692 551
1243 668 530 692 554
1244 667 533 691 557
1245 667 537 691 561
1246 668 541 692 565
1247 668 544 692 568
1248 668 547 692 571
1249 668 552 692 576
1250 669 556 693 580
1251 669 559 693 583
1252 669 563 693 587
1253 669 566 693 590
1254 669 569 693 593
1255 670 574 694 598
1256 670 577 694 601
1257 670 581 694 605
1258 670 586 694 610
1259 670 589 694 613
1260 670 592 694 616
1261 671 595 695 619
1262 672 600 696 624
1263 671 603 695 627
1264 672 608 696 632
1265 672 611 696 635
1266 673 615 697 639
1267 672 618 696 642
1268 673 623 697 647
1269 673 626 697 650
1270 673 631 697 655
1271 673 634 697 658
1272 674 638 698 662
1273 674 642 698 666
1274 674 645 698 669
1275 674 650 698 674
1276 674 653 698 677
1277 674 657 698 681
1278 674 661 698 685
1279 674 664 698 688
1280 674 668 698 692
1281 675 671 699 695
1282 675 675 699 699
1283 674 679 698 703
1284 675 682 699 706
1285 675 686 699 710
1286 675 691 699 715
1287 675 695 699 719
1288 675 695 699 719
1289 674 695 698 719
1290 674 695 698 719
1291 675 695 699 719
