1127 801 43 825 57
1128 800 48 824 62
1129 800 51 824 65
1130 801 55 825 69
1131 801 58 825 72
1132 802 62 826 76
1133 802 65 826 79
1134 802 69 826 83
1135 803 73 827 87
1136 805 78 829 92
1137 805 82 829 96
1138 805 86 829 100
1139 807 89 831 103
1140 808 93 832 107
1141 808 96 832 110
1142 808 100 832 114
1143 809 105 833 119
1144 809 107 833 121
1145 810 111 834 125
1146 811 113 835 127
1147 811 117 835 131
1148 812 121 836 135
1149 812 125 836 139
1150 814 131 838 145
1151 814 134 838 148
1152 815 136 839 150
1153 815 140 839 154
1154 817 145 841 159
1155 817 147 841 161
1156 818 151 842 165
1157 819 155 843 169
1158 819 159 843 173
1159 820 164 844 178
1160 820 165 844 179
1161 821 169 845 183
1162 822 173 846 187
1163 822 177 846 191
1164 822 179 846 193
1165 824 182 848 196
1166 825 188 849 202
1167 825 191 849 205
1168 827 195 851 209
1169 828 199 852 213
1170 828 203 852 217
1171 829 207 853 221
1172 830 210 854 224
1173 830 214 854 228
1174 832 218 856 232
1175 832 222 856 236
1176 833 225 857 239
1177 833 229 857 243
1178 835 233 859 247
1179 835 235 859 249
1180 836 240 860 254
1181 837 244 861 258
1182 838 248 862 262
1183 839 252 863 266
1184 840 255 864 269
1185 842 259 866 273
1186 842 263 866 277
1187 842 266 866 280
1188 843 270 867 284
1189 844 274 868 288
1190 844 277 868 291
1191 845 281 869 295
1192 847 286 871 300
1193 848 289 872 303
1194 849 292 873 306
1195 849 295 873 309
1196 850 300 874 314
1197 852 305 876 319
1198 853 308 877 322
1199 853 312 877 326
1200 853 314 877 328
1201 855 319 879 333
1202 855 323 879 337
1203 855 327 879 341
1204 857 330 881 344
1205 857 334 881 348
1206 858 338 882 352
1207 858 342 882 356
1208 860 347 884 361
1209 860 347 884 361
1210 861 353 885 367
1211 863 357 887 371
1212 863 361 887 375
1213 863 364 887 378
1214 866 368 890 382
1215 867 372 891 386
1216 866 375 890 389
1217 867 379 891 393
1218 868 383 892 397
1219 868 387 892 401
1220 870 391 894 405
1221 869 393 893 407
1222 871 397 895 411
1223 872 401 896 415
1224 872 404 896 418
1225 873 408 897 422
1226 873 411 897 425
1227 875 415 899 429
1228 876 419 900 433
1229 876 423 900 437
1230 877 426 901 440
1231 878 429 902 443
1232 878 433 902 447
1233 878 436 902 450
1234 880 439 904 453
1235 881 443 905 457
1236 881 447 905 461
1237 881 450 905 464
1238 882 454 906 468
1239 883 457 907 471
1240 883 460 907 474
1241 883 464 907 478
1242 885 467 909 481
1243 885 471 909 485
1244 885 474 909 488
1245 886 478 910 492
1246 887 481 911 495
1247 887 484 911 498
1248 888 488 912 502
1249 889 491 913 505
1250 889 494 913 508
1251 889 497 913 511
1252 890 501 914 515
1253 891 504 915 518
1254 891 508 915 522
1255 892 511 916 525
1256 893 514 917 528
1257 893 518 917 532
1258 894 522 918 536
1259 894 525 918 539
1260 895 528 919 542
1261 895 532 919 546
1262 897 535 921 549
1263 897 538 921 552
1264 897 541 921 555
1265 897 545 921 559
1266 899 549 923 563
1267 898 553 922 567
1268 899 556 923 570
1269 898 559 922 573
1270 900 562 924 576
1271 900 566 924 580
1272 901 569 925 583
1273 901 573 925 587
1274 902 576 926 590
1275 902 580 926 594
1276 902 583 926 597
1277 902 587 926 601
1278 902 590 926 604
1279 903 594 927 608
1280 904 597 928 611
1281 904 601 928 615
1282 905 603 929 617
1283 905 608 929 622
1284 907 611 931 625
1285 906 615 930 629
1286 908 618 932 632
1287 908 622 932 636
1288 908 625 932 639
1289 908 628 932 642
1290 910 632 934 646
1291 910 635 934 649
1292 910 639 934 653
1293 911 642 935 656
1294 912 645 936 659
1295 912 649 936 663
1296 913 652 937 666
1297 913 656 937 670
1298 913 660 937 674
1299 914 662 938 676
1300 914 666 938 680
1301 914 669 938 683
1302 915 673 939 687
1303 915 676 939 690
1304 915 680 939 694
1305 915 684 939 698
1306 915 688 939 702
1307 915 691 939 705
1308 917 693 941 707
1309 917 696 941 710
1310 916 701 940 715
1311 918 704 942 718
1312 918 705 942 719
1313 920 705 944 719
