1408 1078 66 1098 87
1409 1081 70 1101 91
1410 1079 74 1099 95
1411 1079 78 1099 99
1412 1079 81 1099 102
1413 1082 84 1102 105
1414 1082 88 1102 109
1415 1083 91 1103 112
1416 1083 95 1103 116
1417 1084 99 1104 120
1418 1083 103 1103 124
1419 1085 105 1105 126
1420 1085 108 1105 129
1421 1086 112 1106 133
1422 1085 118 1105 139
1423 1088 119 1108 140
1424 1088 123 1108 144
1425 1089 127 1109 148
1426 1090 130 1110 151
1427 1090 134 1110 155
1428 1091 138 1111 159
1429 1092 142 1112 163
1430 1093 145 1113 166
1431 1094 149 1114 170
1432 1096 152 1116 173
1433 1097 156 1117 177
1434 1096 160 1116 181
1435 1097 164 1117 185
1436 1098 167 1118 188
1437 1098 171 1118 192
1438 1099 175 1119 196
1439 1099 178 1119 199
1440 1099 182 1119 203
1441 1100 186 1120 207
1442 1101 190 1121 211
1443 1100 193 1120 214
1444 1101 197 1121 218
1445 1103 201 1123 222
1446 1104 204 1124 225
1447 1104 208 1124 229
1448 1105 213 1125 234
1449 1106 216 1126 237
1450 1105 220 1125 241
1451 1107 224 1127 245
1452 1107 227 1127 248
1453 1107 230 1127 251
1454 1110 234 1130 255
1455 1110 238 1130 259
1456 1108 242 1128 263
1457 1109 246 1129 267
1458 1109 249 1129 270
1459 1110 254 1130 275
1460 1110 257 1130 278
1461 1111 261 1131 282
1462 1112 265 1132 286
1463 1112 269 1132 290
1464 1112 273 1132 294
1465 1113 277 1133 298
1466 1114 281 1134 302
1467 1114 285 1134 306
1468 1114 288 1134 309
1469 1115 292 1135 313
1470 1115 296 1135 317
1471 1115 300 1135 321
1472 1115 304 1135 325
1473 1116 307 1136 328
1474 1116 311 1136 332
1475 1117 315 1137 336
1476 1118 319 1138 340
1477 1118 322 1138 343
1478 1117 326 1137 347
1479 1118 330 1138 351
1480 1119 333 1139 354
1481 1119 337 1139 358
1482 1119 341 1139 362
1483 1119 345 1139 366
1484 1121 348 1141 369
1485 1121 352 1141 373
1486 1121 356 1141 377
1487 1120 359 1140 380
1488 1121 363 1141 384
1489 1123 367 1143 388
1490 1121 372 1141 393
1491 1122 374 1142 395
1492 1123 379 1143 400
1493 1124 382 1144 403
1494 1124 386 1144 407
1495 1125 390 1145 411
1496 1125 394 1145 415
1497 1124 397 1144 418
1498 1125 401 1145 422
1499 1127 405 1147 426
1500 1127 409 1147 430
1501 1127 412 1147 433
1502 1128 416 1148 437
1503 1128 420 1148 441
1504 1128 423 1148 444
1505 1128 427 1148 448
1506 1127 430 1147 451
1507 1128 433 1148 454
1508 1128 437 1148 458
1509 1128 440 1148 461
1510 1128 444 1148 465
1511 1128 447 1148 468
1512 1128 451 1148 472
1513 1129 455 1149 476
1514 1129 459 1149 480
1515 1130 462 1150 483
1516 1129 465 1149 486
1517 1129 469 1149 490
1518 1130 473 1150 494
1519 1130 476 1150 497
1520 1131 480 1151 501
1521 1131 484 1151 505
1522 1130 487 1150 508
1523 1131 491 1151 512
1524 1130 494 1150 515
1525 1130 498 1150 519
1526 1131 501 1151 522
1527 1131 505 1151 526
1528 1131 508 1151 529
1529 1132 512 1152 533
1530 1132 516 1152 537
1531 1132 519 1152 540
1532 1133 523 1153 544
1533 1133 526 1153 547
1534 1133 529 1153 550
1535 1133 533 1153 554
1536 1134 536 1154 557
1537 1134 540 1154 561
1538 1134 543 1154 564
1539 1135 547 1155 568
1540 1135 550 1155 571
1541 1135 553 1155 574
1542 1135 557 1155 578
1543 1135 560 1155 581
1544 1135 564 1155 585
1545 1135 568 1155 589
1546 1137 571 1157 592
1547 1139 575 1159 596
1548 1136 578 1156 599
1549 1138 581 1158 602
1550 1139 585 1159 606
1551 1138 588 1158 609
1552 1139 592 1159 613
1553 1139 595 1159 616
1554 1139 599 1159 620
1555 1138 602 1158 623
1556 1140 605 1160 626
1557 1140 608 1160 629
1558 1142 613 1162 634
1559 1140 617 1160 638
1560 1142 620 1162 641
1561 1141 623 1161 644
1562 1142 627 1162 648
1563 1140 630 1160 651
1564 1142 633 1162 654
1565 1142 636 1162 657
1566 1141 640 1161 661
1567 1144 645 1164 666
1568 1142 647 1162 668
1569 1142 650 1162 671
1570 1143 653 1163 674
1571 1142 657 1162 678
1572 1143 660 1163 681
1573 1144 663 1164 684
1574 1144 667 1164 688
1575 1143 671 1163 692
1576 1145 673 1165 694
1577 1143 678 1163 699
1578 1145 679 1165 700
1579 1146 683 1166 704
1580 1147 690 1167 711
1581 1146 690 1166 711
1582 1146 696 1166 717
1583 1146 698 1166 719
1584 1146 698 1166 719
1585 1146 698 1166 719
1586 1145 698 1165 719
