1688 1113 171 1145 208
1689 1113 174 1145 211
1690 1113 177 1145 214
1691 1113 181 1145 218
1692 1113 184 1145 221
1693 1114 187 1146 224
1694 1113 190 1145 227
1695 1113 192 1145 229
1696 1114 196 1146 233
1697 1113 198 1145 235
1698 1114 202 1146 239
1699 1114 204 1146 241
1700 1114 207 1146 244
1701 1114 210 1146 247
1702 1114 213 1146 250
1703 1114 216 1146 253
1704 1114 219 1146 256
1705 1114 223 1146 260
1706 1114 226 1146 263
1707 1114 230 1146 267
1708 1114 233 1146 270
1709 1114 236 1146 273
1710 1114 239 1146 276
1711 1114 243 1146 280
1712 1114 246 1146 283
1713 1113 249 1145 286
1714 1113 252 1145 289
1715 1114 254 1146 291
1716 1114 258 1146 295
1717 1114 261 1146 298
1718 1114 264 1146 301
1719 1114 267 1146 304
1720 1114 271 1146 308
1721 1114 273 1146 310
1722 1114 276 1146 313
1723 1116 279 1148 316
1724 1114 284 1146 321
1725 1115 287 1147 324
1726 1115 289 1147 326
1727 1116 291 1148 328
1728 1116 295 1148 332
1729 1117 298 1149 335
1730 1116 301 1148 338
1731 1117 304 1149 341
1732 1117 308 1149 345
1733 1117 311 1149 348
1734 1117 314 1149 351
1735 1118 318 1150 355
1736 1118 321 1150 358
1737 1118 324 1150 361
1738 1118 327 1150 364
1739 1118 330 1150 367
1740 1119 333 1151 370
1741 1119 336 1151 373
1742 1119 339 1151 376
1743 1119 343 1151 380
1744 1119 346 1151 383
1745 1120 349 1152 386
1746 1121 352 1153 389
1747 1120 356 1152 393
1748 1120 359 1152 396
1749 1120 362 1152 399
1750 1120 365 1152 402
1751 1120 369 1152 406
1752 1120 372 1152 409
1753 1120 375 1152 412
1754 1120 378 1152 415
1755 1120 381 1152 418
1756 1120 385 1152 422
1757 1120 387 1152 424
1758 1120 391 1152 428
1759 1120 394 1152 431
1760 1120 397 1152 434
1761 1121 399 1153 436
1762 1121 403 1153 440
1763 1121 406 1153 443
1764 1121 409 1153 446
1765 1122 412 1154 449
1766 1122 416 1154 453
1767 1122 419 1154 456
1768 1123 421 1155 458
1769 1123 425 1155 462
1770 1123 428 1155 465
1771 1123 430 1155 467
1772 1123 434 1155 471
1773 1123 437 1155 474
1774 1124 440 1156 477
1775 1123 444 1155 481
1776 1124 448 1156 485
1777 1124 451 1156 488
1778 1123 455 1155 492
1779 1124 459 1156 496
1780 1125 461 1157 498
1781 1125 464 1157 501
1782 1125 468 1157 505
1783 1125 472 1157 509
1784 1126 474 1158 511
1785 1126 478 1158 515
1786 1126 481 1158 518
1787 1127 484 1159 521
1788 1127 487 1159 524
1789 1127 491 1159 528
1790 1127 494 1159 531
1791 1127 498 1159 535
1792 1127 501 1159 538
1793 1127 505 1159 542
1794 1127 508 1159 545
1795 1128 510 1160 547
1796 1128 513 1160 550
1797 1128 517 1160 554
1798 1128 520 1160 557
1799 1128 524 1160 561
1800 1128 527 1160 564
1801 1128 530 1160 567
1802 1128 535 1160 572
1803 1128 539 1160 576
1804 1129 543 1161 580
1805 1129 546 1161 583
1806 1129 549 1161 586
1807 1129 553 1161 590
1808 1129 556 1161 593
1809 1130 560 1162 597
1810 1130 564 1162 601
1811 1131 567 1163 604
1812 1131 571 1163 608
1813 1131 574 1163 611
1814 1132 577 1164 614
1815 1133 581 1165 618
1816 1133 585 1165 622
1817 1133 588 1165 625
1818 1133 592 1165 629
1819 1135 596 1167 633
1820 1136 598 1168 635
1821 1136 602 1168 639
1822 1136 605 1168 642
1823 1137 609 1169 646
1824 1137 613 1169 650
1825 1138 616 1170 653
1826 1138 620 1170 657
1827 1138 623 1170 660
1828 1138 626 1170 663
1829 1139 631 1171 668
1830 1139 634 1171 671
1831 1140 635 1172 672
1832 1140 640 1172 677
1833 1140 642 1172 679
1834 1141 645 1173 682
1835 1141 649 1173 686
1836 1142 652 1174 689
1837 1143 656 1175 693
1838 1144 659 1176 696
1839 1144 663 1176 700
1840 1144 666 1176 703
1841 1144 669 1176 706
1842 1145 672 1177 709
1843 1145 675 1177 712
1844 1146 678 1178 715
1845 1146 682 1178 719
1846 1147 682 1179 719
1847 1149 682 1181 719
1848 1148 682 1180 719
1849 1147 682 1179 719
1850 1145 682 1177 719
1851 1150 682 1182 719
1852 1149 682 1181 719
