1723 738 12 765 39
1724 739 16 766 43
1725 737 19 764 46
1726 738 22 765 49
1727 739 26 766 53
1728 739 29 766 56
1729 739 33 766 60
1730 739 36 766 63
1731 739 40 766 67
1732 739 43 766 70
1733 740 46 767 73
1734 740 50 767 77
1735 739 54 766 81
1736 739 57 766 84
1737 740 60 767 87
1738 741 64 768 91
1739 742 66 769 93
1740 741 70 768 97
1741 741 74 768 101
1742 742 77 769 104
1743 742 80 769 107
1744 742 84 769 111
1745 742 88 769 115
1746 742 91 769 118
1747 743 94 770 121
1748 742 98 769 125
1749 742 102 769 129
1750 742 106 769 133
1751 742 108 769 135
1752 742 112 769 139
1753 742 115 769 142
1754 742 119 769 146
1755 742 122 769 149
1756 741 126 768 153
1757 742 131 769 158
1758 741 133 768 160
1759 741 136 768 163
1760 741 140 768 167
1761 741 143 768 170
1762 741 147 768 174
1763 742 150 769 177
1764 742 154 769 181
1765 742 157 769 184
1766 742 161 769 188
1767 741 165 768 192
1768 742 168 769 195
1769 742 170 769 197
1770 742 175 769 202
1771 741 179 768 206
1772 742 182 769 209
1773 742 186 769 213
1774 741 190 768 217
1775 741 194 768 221
1776 742 197 769 224
1777 742 200 769 227
1778 742 204 769 231
1779 742 207 769 234
1780 742 211 769 238
1781 742 215 769 242
1782 743 218 770 245
1783 743 221 770 248
1784 743 224 770 251
1785 743 228 770 255
1786 744 231 771 258
1787 743 236 770 263
1788 743 239 770 266
1789 743 243 770 270
1790 743 247 770 274
1791 742 251 769 278
1792 743 254 770 281
1793 743 257 770 284
1794 743 261 770 288
1795 743 265 770 292
1796 744 268 771 295
1797 744 272 771 299
1798 743 276 770 303
1799 744 279 771 306
1800 745 282 772 309
1801 745 286 772 313
1802 745 289 772 316
1803 745 293 772 320
1804 745 296 772 323
1805 746 300 773 327
1806 746 303 773 330
1807 747 307 774 334
1808 747 310 774 337
1809 747 314 774 341
1810 745 318 772 345
1811 746 321 773 348
1812 748 324 775 351
1813 746 328 773 355
1814 745 334 772 361
1815 746 336 773 363
1816 749 338 776 365
1817 750 342 777 369
1818 750 346 777 373
1819 747 352 774 379
1820 747 351 774 378
1821 750 354 777 381
1822 751 359 778 386
1823 752 363 779 390
1824 751 366 778 393
1825 752 370 779 397
1826 749 375 776 402
1827 753 377 780 404
1828 752 381 779 408
1829 754 384 781 411
1830 757 387 784 414
1831 757 391 784 418
1832 752 395 779 422
1833 752 398 779 425
1834 753 402 780 429
1835 754 405 781 432
1836 756 409 783 436
1837 755 412 782 439
1838 756 415 783 442
1839 756 419 783 446
1840 756 422 783 449
1841 758 426 785 453
1842 757 429 784 456
1843 757 433 784 460
1844 756 437 783 464
1845 758 440 785 467
1846 758 443 785 470
1847 758 447 785 474
1848 759 451 786 478
1849 758 454 785 481
1850 758 458 785 485
1851 759 462 786 489
1852 761 464 788 491
1853 759 468 786 495
1854 760 472 787 499
1855 760 474 787 501
1856 760 478 787 505
1857 760 482 787 509
1858 761 486 788 513
1859 761 489 788 516
1860 761 493 788 520
1861 760 496 787 523
1862 762 500 789 527
1863 761 504 788 531
1864 762 507 789 534
1865 762 511 789 538
1866 762 515 789 542
1867 762 518 789 545
1868 762 522 789 549
1869 762 525 789 552
1870 763 529 790 556
1871 763 532 790 559
1872 764 535 791 562
1873 764 538 791 565
1874 763 543 790 570
1875 764 547 791 574
1876 763 549 790 576
1877 764 553 791 580
1878 764 557 791 584
1879 765 560 792 587
1880 764 563 791 590
1881 765 567 792 594
1882 765 570 792 597
1883 765 574 792 601
1884 765 578 792 605
1885 766 581 793 608
1886 766 586 793 613
1887 766 589 793 616
1888 767 592 794 619
1889 767 596 794 623
1890 767 600 794 627
1891 767 603 794 630
1892 767 607 794 634
1893 767 610 794 637
1894 767 614 794 641
1895 768 617 795 644
1896 767 621 794 648
1897 768 624 795 651
1898 768 627 795 654
1899 768 631 795 658
1900 767 635 794 662
1901 768 637 795 664
1902 768 640 795 667
1903 768 644 795 671
1904 768 647 795 674
1905 768 650 795 677
1906 769 653 796 680
1907 769 656 796 683
1908 769 660 796 687
1909 769 663 796 690
1910 769 666 796 693
1911 768 670 795 697
1912 769 673 796 700
1913 768 676 795 703
1914 768 680 795 707
1915 768 684 795 711
1916 767 685 794 712
1917 769 691 796 718
1918 767 691 794 718
1919 768 692 795 719