2050 583 423 603 442
2051 597 428 617 447
2052 576 434 596 453
2053 576 437 596 456
2054 568 418 588 437
2055 578 434 598 453
2056 581 410 601 429
2057 589 393 609 412
2058 585 387 605 406
2059 588 408 608 427
2060 570 419 590 438
2061 568 416 588 435
2062 568 421 588 440
2063 552 426 572 445
2064 569 434 589 453
2065 566 422 586 441
2066 586 475 622 506
2067 587 478 623 509
2068 588 481 624 512
2069 587 486 623 517
2070 588 489 624 520
2071 589 493 625 524
2072 588 496 624 527
2073 588 500 624 531
2074 589 504 625 535
2075 590 506 626 537
2076 590 510 626 541
2077 591 513 627 544
2078 590 517 626 548
2079 591 519 627 550
2080 591 522 627 553
2081 591 525 627 556
2082 591 531 627 562
2083 592 534 628 565
2084 592 537 628 568
2085 593 541 629 572
2086 593 544 629 575
2087 594 547 630 578
2088 595 551 631 582
2089 595 554 631 585
2090 595 557 631 588
2091 594 559 630 590
2092 596 564 632 595
2093 595 568 631 599
2094 596 571 632 602
2095 595 574 631 605
2096 595 578 631 609
2097 595 580 631 611
2098 595 584 631 615
2099 595 588 631 619
2100 595 591 631 622
2101 595 595 631 626
2102 595 598 631 629
2103 595 601 631 632
2104 595 604 631 635
2105 595 606 631 637
2106 596 610 632 641
2107 596 613 632 644
2108 596 616 632 647
2109 598 620 634 651
2110 594 623 630 654
2111 597 627 633 658
2112 597 630 633 661
2113 596 633 632 664
2114 598 636 634 667
2115 598 639 634 670
2116 598 643 634 674
2117 598 646 634 677
2118 598 650 634 681
2119 599 652 635 683
2120 597 656 633 687
2121 597 659 633 690
2122 599 662 635 693
2123 598 666 634 697
2124 600 668 636 699
2125 600 672 636 703
2126 600 676 636 707
2127 599 679 635 710
2128 599 682 635 713
2129 598 686 634 717
2130 598 688 634 719
2131 579 688 615 719
2132 578 688 614 719
2133 577 678 613 709
2134 579 681 615 712
2135 579 684 615 715
2136 579 688 615 719
2137 579 688 615 719
2138 586 673 622 704
2139 586 676 622 707