4832 1017 146 1041 169
4833 1017 149 1041 172
4834 1018 153 1042 176
4835 1018 157 1042 180
4836 1020 160 1044 183
4837 1021 163 1045 186
4838 1021 168 1045 191
4839 1021 171 1045 194
4840 1023 175 1047 198
4841 1023 179 1047 202
4842 1023 183 1047 206
4843 1024 187 1048 210
4844 1025 191 1049 214
4845 1025 195 1049 218
4846 1027 199 1051 222
4847 1027 203 1051 226
4848 1028 205 1052 228
4849 1029 210 1053 233
4850 1030 213 1054 236
4851 1031 216 1055 239
4852 1032 220 1056 243
4853 1032 224 1056 247
4854 1032 226 1056 249
4855 1032 231 1056 254
4856 1033 234 1057 257
4857 1033 236 1057 259
4858 1035 242 1059 265
4859 1034 245 1058 268
4860 1035 249 1059 272
4861 1035 251 1059 274
4862 1036 257 1060 280
4863 1037 259 1061 282
4864 1037 263 1061 286
4865 1036 266 1060 289
4866 1038 271 1062 294
4867 1038 274 1062 297
4868 1038 278 1062 301
4869 1039 282 1063 305
4870 1039 285 1063 308
4871 1040 289 1064 312
4872 1039 294 1063 317
4873 1041 299 1065 322
4874 1042 302 1066 325
4875 1041 304 1065 327
4876 1041 308 1065 331
4877 1041 312 1065 335
4878 1042 315 1066 338
4879 1044 318 1068 341
4880 1044 323 1068 346
4881 1044 327 1068 350
4882 1043 330 1067 353
4883 1044 333 1068 356
4884 1045 338 1069 361
4885 1044 341 1068 364
4886 1046 345 1070 368
4887 1046 349 1070 372
4888 1048 375 1081 410
4889 1046 379 1079 414
4890 1047 383 1080 418
4891 1045 386 1078 421
4892 1047 390 1080 425
4893 1047 394 1080 429
4894 1046 399 1079 434
4895 1046 402 1079 437
4896 1047 405 1080 440
4897 1047 409 1080 444
4898 1048 414 1081 449
4899 1048 418 1081 453
4900 1049 422 1082 457
4901 1049 426 1082 461
4902 1048 429 1081 464
4903 1051 436 1084 471
4904 1051 441 1084 476
4905 1052 443 1085 478
4906 1053 446 1086 481
4907 1053 450 1086 485
4908 1053 454 1086 489
4909 1054 458 1087 493
4910 1054 463 1087 498
4911 1055 466 1088 501
4912 1055 470 1088 505
4913 1057 475 1090 510
4914 1057 479 1090 514
4915 1056 484 1089 519
4916 1057 487 1090 522
4917 1057 491 1090 526
4918 1057 496 1090 531
4919 1057 500 1090 535
4920 1059 504 1092 539
4921 1058 508 1091 543
4922 1059 512 1092 547
4923 1060 516 1093 551
4924 1060 520 1093 555
4925 1060 526 1093 561
4926 1060 530 1093 565
4927 1062 534 1095 569
4928 1062 539 1095 574
4929 1062 541 1095 576
4930 1062 545 1095 580
4931 1064 548 1097 583
4932 1063 553 1096 588
4933 1065 557 1098 592
4934 1064 560 1097 595
4935 1064 564 1097 599
4936 1064 568 1097 603
4937 1066 571 1099 606
4938 1066 576 1099 611
4939 1066 579 1099 614
4940 1066 584 1099 619
4941 1067 588 1100 623
4942 1067 591 1100 626
4943 1068 597 1101 632
4944 1068 600 1101 635
4945 1068 605 1101 640
4946 1069 608 1102 643
4947 1069 612 1102 647
4948 1070 616 1103 651
4949 1070 620 1103 655
4950 1071 624 1104 659
4951 1071 629 1104 664
4952 1071 632 1104 667
4953 1073 637 1106 672
4954 1072 640 1105 675
4955 1073 644 1106 679
4956 1073 648 1106 683
4957 1075 654 1108 689
4958 1075 658 1108 693
4959 1075 661 1108 696
4960 1076 665 1109 700
4961 1075 669 1108 704
4962 1075 672 1108 707
4963 1077 676 1110 711
4964 1077 680 1110 715
4965 1078 684 1111 719
4966 1078 684 1111 719
4967 1085 684 1118 719
4968 1085 684 1118 719
4969 1093 681 1126 716
4970 1092 684 1125 719
4971 1092 684 1125 719
