5461 1204 16 1238 44
5462 1203 20 1237 48
5463 1207 23 1241 51
5464 1206 27 1240 55
5465 1208 30 1242 58
5466 1208 33 1242 61
5467 1209 37 1243 65
5468 1208 41 1242 69
5469 1210 45 1244 73
5470 1209 49 1243 77
5471 1209 54 1243 82
5472 1210 59 1244 87
5473 1210 63 1244 91
5474 1212 63 1246 91
5475 1211 66 1245 94
5476 1213 70 1247 98
5477 1213 75 1247 103
5478 1213 77 1247 105
5479 1213 80 1247 108
5480 1214 84 1248 112
5481 1214 87 1248 115
5482 1214 91 1248 119
5483 1214 96 1248 124
5484 1214 100 1248 128
5485 1215 102 1249 130
5486 1215 107 1249 135
5487 1217 110 1251 138
5488 1217 113 1251 141
5489 1218 116 1252 144
5490 1218 119 1252 147
5491 1217 124 1251 152
5492 1218 129 1252 157
5493 1219 130 1253 158
5494 1219 134 1253 162
5495 1219 138 1253 166
5496 1220 142 1254 170
5497 1220 146 1254 174
5498 1220 150 1254 178
5499 1220 153 1254 181
5500 1221 157 1255 185
5501 1221 161 1255 189
5502 1222 163 1256 191
5503 1222 167 1256 195
5504 1221 171 1255 199
5505 1222 175 1256 203
5506 1223 179 1257 207
5507 1223 181 1257 209
5508 1223 187 1257 215
5509 1224 189 1258 217
5510 1225 194 1259 222
5511 1225 197 1259 225
5512 1225 201 1259 229
5513 1226 205 1260 233
5514 1226 208 1260 236
5515 1226 212 1260 240
5516 1227 216 1261 244
5517 1226 218 1260 246
5518 1227 223 1261 251
5519 1229 229 1263 257
5520 1229 231 1263 259
5521 1228 235 1262 263
5522 1229 238 1263 266
5523 1230 241 1264 269
5524 1230 244 1264 272
5525 1230 248 1264 276
5526 1230 251 1264 279
5527 1230 255 1264 283
5528 1231 260 1265 288
5529 1231 263 1265 291
5530 1232 266 1266 294
5531 1232 269 1266 297
5532 1232 273 1266 301
5533 1233 277 1267 305
5534 1234 281 1268 309
5535 1234 285 1268 313
5536 1234 289 1268 317
5537 1235 293 1269 321
5538 1235 296 1269 324
5539 1235 298 1269 326
5540 1235 302 1269 330
5541 1236 306 1270 334
5542 1236 309 1270 337
5543 1237 314 1271 342
5544 1237 317 1271 345
5545 1238 320 1272 348
5546 1238 325 1272 353
5547 1239 328 1273 356
5548 1240 331 1274 359
5549 1239 335 1273 363
5550 1240 340 1274 368
5551 1242 343 1276 371
5552 1241 347 1275 375
5553 1242 350 1276 378
5554 1243 355 1277 383
5555 1241 358 1275 386
5556 1243 362 1277 390
5557 1244 366 1278 394
5558 1244 370 1278 398
5559 1244 373 1278 401
5560 1245 376 1279 404
5561 1245 380 1279 408
5562 1245 383 1279 411
5563 1245 388 1279 416
5564 1245 392 1279 420
5565 1245 396 1279 424
5566 1245 399 1279 427
5567 1245 403 1279 431
5568 1244 407 1278 435
5569 1245 411 1279 439
5570 1245 415 1279 443
5571 1244 419 1278 447
5572 1245 422 1279 450
5573 1245 425 1279 453
5574 1244 428 1278 456
5575 1244 432 1278 460
5576 1245 436 1279 464
5577 1245 440 1279 468
5578 1245 443 1279 471
5579 1245 447 1279 475
5580 1245 453 1279 481
5581 1245 455 1279 483
5582 1245 459 1279 487
5583 1245 462 1279 490
5584 1245 466 1279 494
5585 1245 469 1279 497
5586 1245 472 1279 500
5587 1245 476 1279 504
5588 1245 480 1279 508
5589 1245 484 1279 512
5590 1245 488 1279 516
5591 1245 492 1279 520
5592 1245 495 1279 523
5593 1245 499 1279 527
5594 1245 503 1279 531
5595 1245 507 1279 535
5596 1245 511 1279 539
5597 1245 514 1279 542