7700 952 48 989 78
7701 953 51 990 81
7702 953 54 990 84
7703 954 58 991 88
7704 952 62 989 92
7705 952 66 989 96
7706 952 69 989 99
7707 953 72 990 102
7708 953 77 990 107
7709 953 81 990 111
7710 953 85 990 115
7711 953 88 990 118
7712 953 93 990 123
7713 952 95 989 125
7714 952 98 989 128
7715 952 102 989 132
7716 954 108 991 138
7717 956 111 993 141
7718 955 114 992 144
7719 955 120 992 150
7720 957 122 994 152
7721 958 126 995 156
7722 958 129 995 159
7723 959 134 996 164
7724 959 138 996 168
7725 960 138 997 168
7726 959 142 996 172
7727 959 146 996 176
7728 959 151 996 181
7729 959 155 996 185
7730 959 159 996 189
7731 959 163 996 193
7732 959 166 996 196
7733 959 170 996 200
7734 959 174 996 204
7735 959 178 996 208
7736 959 182 996 212
7737 959 185 996 215
7738 960 188 997 218
7739 961 192 998 222
7740 960 197 997 227
7741 960 201 997 231
7742 961 204 998 234
7743 963 209 1000 239
7744 961 213 998 243
7745 962 215 999 245
7746 963 218 1000 248
7747 963 222 1000 252
7748 962 227 999 257
7749 961 231 998 261
7750 963 234 1000 264
7751 963 238 1000 268
7752 963 242 1000 272
7753 963 246 1000 276
7754 964 248 1001 278
7755 965 252 1002 282
7756 964 258 1001 288
7757 964 262 1001 292
7758 963 265 1000 295
7759 964 269 1001 299
7760 966 272 1003 302
7761 964 275 1001 305
7762 964 279 1001 309
7763 966 282 1003 312
7764 964 287 1001 317
7765 965 292 1002 322
7766 966 295 1003 325
7767 966 299 1003 329
7768 966 303 1003 333
7769 966 309 1003 339
7770 967 313 1004 343
7771 967 317 1004 347
7772 968 319 1005 349
7773 968 323 1005 353
7774 968 326 1005 356
7775 967 330 1004 360
7776 968 335 1005 365
7777 968 339 1005 369
7778 971 343 1008 373
7779 970 347 1007 377
7780 970 353 1007 383
7781 970 355 1007 385
7782 971 359 1008 389
7783 971 363 1008 393
7784 971 367 1008 397
7785 971 371 1008 401
7786 972 375 1009 405
7787 973 379 1010 409
7788 973 383 1010 413
7789 974 386 1011 416
7790 976 391 1013 421
7791 973 394 1010 424
7792 974 397 1011 427
7793 975 402 1012 432
7794 976 405 1013 435
7795 974 410 1011 440
7796 974 413 1011 443
7797 976 417 1013 447
7798 975 420 1012 450
7799 975 426 1012 456
7800 975 430 1012 460
7801 975 433 1012 463
7802 977 438 1014 468
7803 978 440 1015 470
7804 975 444 1012 474
7805 977 448 1014 478
7806 978 452 1015 482
7807 978 455 1015 485
7808 979 459 1016 489
7809 979 463 1016 493
7810 977 468 1014 498
7811 980 471 1017 501
7812 980 475 1017 505
7813 979 479 1016 509
7814 980 484 1017 514
7815 979 487 1016 517
7816 980 491 1017 521
7817 980 494 1017 524
7818 981 498 1018 528
7819 981 504 1018 534
7820 982 508 1019 538
7821 982 512 1019 542
7822 981 516 1018 546
7823 981 519 1018 549
7824 981 524 1018 554
7825 981 528 1018 558
7826 981 532 1018 562
7827 983 535 1020 565
7828 983 540 1020 570
7829 985 544 1022 574
7830 982 547 1019 577
7831 981 552 1018 582
7832 983 555 1020 585
7833 984 559 1021 589
7834 983 563 1020 593
7835 984 567 1021 597
7836 983 571 1020 601
7837 986 576 1023 606
7838 985 579 1022 609
7839 985 582 1022 612
7840 984 588 1021 618
7841 984 592 1021 622
7842 985 596 1022 626
7843 985 599 1022 629
7844 983 603 1020 633
7845 983 609 1020 639
7846 984 610 1021 640
7847 986 618 1023 648
7848 985 618 1022 648
7849 984 624 1021 654
7850 983 627 1020 657
7851 984 632 1021 662
7852 983 636 1020 666
7853 983 639 1020 669
7854 983 644 1020 674
7855 983 648 1020 678
7856 982 651 1019 681
7857 982 655 1019 685
7858 983 659 1020 689
7859 984 662 1021 692
7860 985 664 1022 694
7861 985 672 1022 702
7862 984 675 1021 705
7863 984 679 1021 709
7864 984 682 1021 712
7865 983 687 1020 717
7866 984 689 1021 719
7867 982 689 1019 719
