7867 1181 96 1211 122
7868 1182 100 1212 126
7869 1184 105 1214 131
7870 1184 110 1214 136
7871 1184 114 1214 140
7872 1186 120 1216 146
7873 1187 125 1217 151
7874 1188 130 1218 156
7875 1190 134 1220 160
7876 1191 138 1221 164
7877 1191 143 1221 169
7878 1193 148 1223 174
7879 1194 153 1224 179
7880 1196 157 1226 183
7881 1197 160 1227 186
7882 1198 166 1228 192
7883 1199 171 1229 197
7884 1200 176 1230 202
7885 1201 181 1231 207
7886 1202 186 1232 212
7887 1202 190 1232 216
7888 1203 195 1233 221
7889 1204 199 1234 225
7890 1206 204 1236 230
7891 1206 210 1236 236
7892 1206 217 1236 243
7893 1208 221 1238 247
7894 1208 225 1238 251
7895 1209 231 1239 257
7896 1211 236 1241 262
7897 1212 240 1242 266
7898 1213 245 1243 271
7899 1213 249 1243 275
7900 1213 254 1243 280
7901 1214 260 1244 286
7902 1215 264 1245 290
7903 1216 269 1246 295
7904 1217 275 1247 301
7905 1219 279 1249 305
7906 1219 284 1249 310
7907 1220 289 1250 315
7908 1221 295 1251 321
7909 1222 301 1252 327
7910 1223 305 1253 331
7911 1224 311 1254 337
7912 1224 315 1254 341
7913 1224 321 1254 347
7914 1225 326 1255 352
7915 1227 331 1257 357
7916 1229 336 1259 362
7917 1229 342 1259 368
7918 1230 347 1260 373
7919 1231 352 1261 378
7920 1231 357 1261 383
7921 1231 363 1261 389
7922 1232 368 1262 394
7923 1233 373 1263 399
7924 1233 378 1263 404
7925 1234 384 1264 410
7926 1234 389 1264 415
7927 1236 395 1266 421
7928 1238 400 1268 426
7929 1239 406 1269 432
7930 1240 411 1270 437
7931 1240 416 1270 442
7932 1240 421 1270 447
7933 1241 426 1271 452
7934 1241 431 1271 457
7935 1241 437 1271 463
7936 1241 442 1271 468
7937 1241 447 1271 473
7938 1242 454 1272 480
7939 1242 459 1272 485
7940 1242 464 1272 490
7941 1244 470 1274 496
7942 1243 476 1273 502
7943 1244 481 1274 507
7944 1244 486 1274 512
7945 1244 492 1274 518
7946 1246 499 1276 525
7947 1244 505 1274 531
7948 1247 510 1277 536
7949 1248 516 1278 542
7950 1247 522 1277 548
7951 1248 529 1278 555
7952 1248 534 1278 560
7953 1248 540 1278 566
7954 1248 546 1278 572
7955 1248 552 1278 578
7956 1247 557 1277 583
7957 1247 562 1277 588
7958 1249 567 1279 593
7959 1248 572 1278 598
7960 1248 577 1278 603
7961 1248 584 1278 610
7962 1248 589 1278 615
7963 1247 594 1277 620
7964 1246 600 1276 626
7965 1249 609 1279 635
7966 1247 613 1277 639
7967 1247 618 1277 644
7968 1249 627 1279 653
7969 1248 632 1278 658
7970 1249 637 1279 663
7971 1249 643 1279 669
7972 1249 648 1279 674
7973 1248 653 1278 679
7974 1247 659 1277 685