858 319 60 344 84
859 319 64 344 88
860 320 69 345 93
861 320 74 345 98
862 320 79 345 103
863 320 87 345 111
864 320 93 345 117
865 321 99 346 123
866 321 103 346 127
867 321 111 346 135
868 321 119 346 143
869 321 125 346 149
870 321 132 346 156
871 322 139 347 163
872 322 146 347 170
873 322 152 347 176
874 322 162 347 186
875 322 169 347 193
876 322 176 347 200
877 322 183 347 207
878 324 190 349 214
879 325 199 350 223
880 327 209 352 233
881 327 216 352 240
882 325 224 350 248
883 328 232 353 256
884 328 244 353 268
885 330 251 355 275
886 332 257 357 281
887 334 266 359 290
888 335 271 360 295
889 337 281 362 305
890 338 289 363 313
933 826 395 953 602
934 825 397 952 604