891 398 27 425 45
892 398 33 425 51
893 398 37 425 55
894 396 42 423 60
895 397 48 424 66
896 399 55 426 73
897 398 58 425 76
898 398 63 425 81
899 398 68 425 86
900 398 72 425 90
901 397 76 424 94
902 397 81 424 99
903 397 86 424 104
904 397 89 424 107
905 397 93 424 111
906 397 98 424 116
907 397 102 424 120
908 396 106 423 124
909 397 111 424 129
910 396 115 423 133
911 397 119 424 137
912 396 123 423 141
913 396 127 423 145
914 396 131 423 149
915 396 135 423 153
916 395 139 422 157
917 394 143 421 161
918 394 147 421 165
919 395 152 422 170
920 395 155 422 173
921 395 159 422 177
922 395 165 422 183
923 395 165 422 183
924 394 171 421 189
925 395 176 422 194
926 395 178 422 196
927 395 183 422 201
928 394 185 421 203
929 394 189 421 207
930 396 193 423 211
931 396 197 423 215
932 395 201 422 219
933 395 203 422 221
934 394 207 421 225
935 394 210 421 228
936 394 214 421 232
937 394 218 421 236
938 395 223 422 241
939 393 224 420 242
940 394 229 421 247
941 393 232 420 250
942 393 236 420 254
943 394 238 421 256
944 393 240 420 258
945 393 243 420 261
946 392 247 419 265
947 392 252 419 270
948 392 254 419 272
949 394 258 421 276
950 393 260 420 278
951 391 263 418 281
952 394 267 421 285
953 393 269 420 287
954 393 274 420 292
955 390 278 417 296
956 390 280 417 298
957 391 282 418 300
958 391 285 418 303
959 391 288 418 306
960 392 292 419 310
961 391 295 418 313
962 391 296 418 314
963 389 300 416 318
964 391 304 418 322
965 389 308 416 326
966 388 311 415 329
967 390 314 417 332
968 388 318 415 336
969 389 321 416 339
970 390 323 417 341
971 390 324 417 342
972 392 326 419 344
973 389 331 416 349
974 390 332 417 350
975 392 338 419 356
976 388 335 409 357
977 387 341 410 361
978 389 343 412 362
979 391 347 408 365
980 390 352 409 368
981 387 353 410 372
982 389 353 410 376