988 375 21 402 47
989 375 24 402 50
990 375 27 402 53
991 374 30 401 56
992 375 34 402 60
993 374 36 401 62
994 373 38 400 64
995 373 41 400 67
996 375 45 402 71
997 374 47 401 73
998 374 51 401 77
999 373 53 400 79
1000 373 56 400 82
1001 374 60 401 86
1002 374 62 401 88
1003 374 67 401 93
1004 373 69 400 95
1005 373 71 400 97
1006 372 76 399 102
1007 372 78 399 104
1008 372 81 399 107
1009 372 83 399 109
1010 372 87 399 113
1011 374 91 401 117
1012 371 93 398 119
1013 370 96 397 122
1014 371 99 398 125
1015 371 101 398 127
1016 370 106 397 132
1017 372 110 399 136
1018 371 111 398 137
1019 368 113 395 139
1020 371 119 398 145
1021 369 121 396 147
1022 371 124 398 150
1023 370 127 397 153
1024 368 131 395 157
1025 369 133 396 159
1026 380 145 407 171
1027 371 142 398 168
1028 380 150 407 176
1029 369 145 396 171
1030 369 148 396 174
1031 368 151 395 177
1032 367 154 394 180
1033 367 157 394 183
1034 370 159 397 185
1035 369 165 396 191
1036 364 168 391 194
1037 356 172 383 198
1038 369 173 396 199
1039 369 176 396 202
1040 366 182 393 208
1041 367 186 394 212
1042 367 189 394 215
1043 367 192 394 218
1044 366 195 393 221
1045 367 199 394 225
1046 367 202 394 228
1047 368 205 395 231
1048 366 207 393 233
1049 368 212 395 238
1050 368 215 395 241
1051 368 218 395 244
1052 371 221 398 247
1053 368 226 395 252
1054 369 226 396 252
1055 368 231 395 257
1056 368 235 395 261
1057 368 239 395 265
1058 368 244 395 270
1059 368 246 395 272
1060 369 250 396 276
1061 368 254 395 280
1062 369 257 396 283
1063 369 259 396 285
1064 369 263 396 289
1065 370 264 397 290
1066 369 268 396 294
1067 370 271 397 297
1068 370 274 397 300
1069 372 279 399 305
1070 370 277 397 303
1071 370 282 397 308
1072 372 287 399 313
1073 371 289 398 315
1074 372 292 399 318
1075 371 293 398 319
1076 371 296 398 322
1077 370 300 397 326
1078 372 305 399 331
1079 372 308 399 334
1080 374 311 401 337
1081 374 314 401 340
1082 385 320 412 346
1083 376 322 403 348
1084 370 325 397 351
1085 375 329 402 355
1086 387 329 414 355
1087 388 330 415 356
1088 372 336 399 362
1089 388 336 415 362
1179 369 640 408 674
1180 369 640 408 674
1181 366 642 405 676
1182 369 649 408 683
1183 369 652 408 686
1184 369 656 408 690
1185 369 658 408 692
1186 369 660 408 694
1187 370 663 409 697
1188 370 665 409 699
1189 372 669 411 703
1190 370 673 409 707
1191 369 676 408 710
1192 371 679 410 713
1193 371 683 410 717
1194 371 685 410 719
1195 370 685 409 719
1196 371 685 410 719
1197 370 685 409 719