1077 993 2 1011 14
1078 992 3 1010 15
1079 992 4 1010 16
1080 992 6 1010 18
1081 992 6 1010 18
1082 990 8 1008 20
1083 991 10 1009 22
1084 991 11 1009 23
1085 990 14 1008 26
1086 991 15 1009 27
1087 991 16 1009 28
1088 990 18 1008 30
1089 990 19 1008 31
1090 990 20 1008 32
1091 989 22 1007 34
1092 989 23 1007 35
1093 989 25 1007 37
1094 989 27 1007 39
1095 987 27 1005 39
1096 988 30 1006 42
1097 986 30 1004 42
1098 986 32 1004 44
1099 987 32 1005 44
1100 987 35 1005 47
1101 987 36 1005 48
1102 984 37 1002 49
1103 984 38 1002 50
1104 983 39 1001 51
1105 983 41 1001 53
1106 983 42 1001 54
1107 984 45 1002 57
1108 982 44 1000 56
1109 982 46 1000 58
1110 982 48 1000 60
1111 982 50 1000 62
1112 982 51 1000 63
1113 981 51 999 63
1114 981 52 999 64
1115 980 53 998 65
1116 980 54 998 66
1117 976 46 999 73
1118 976 51 999 78
1119 976 52 999 79
1120 974 53 997 80
1121 975 52 998 79
1122 974 57 997 84
1123 974 58 997 85
1124 974 59 997 86
1125 976 54 999 81
1126 976 55 999 82
1127 973 63 996 90
1128 973 64 996 91
1129 973 63 996 90
1130 973 64 996 91
1131 973 64 996 91
1132 972 66 995 93
1133 972 68 995 95
1134 974 70 997 97
1135 973 72 996 99
1136 973 71 996 98
1137 974 73 997 100
1138 973 73 996 100
1139 973 74 996 101
1140 973 76 996 103
1141 973 77 996 104
1142 971 81 994 108
1143 971 83 994 110
1144 972 83 995 110
1145 972 84 995 111
1146 972 85 995 112
1147 971 87 994 114
1148 971 87 994 114
1149 971 88 994 115
1150 972 90 995 117
1151 971 90 994 117
1152 971 92 994 119
1153 971 93 994 120
1154 971 94 994 121
1155 970 94 993 121
1156 970 96 993 123
1157 970 97 993 124
1158 970 98 993 125
1159 969 99 992 126
1160 970 102 993 129
1161 969 104 992 131
1162 968 105 991 132
1163 967 106 990 133
1164 967 107 990 134
1165 967 108 990 135
1166 970 111 993 138
1167 969 111 992 138
1168 968 113 991 140
1169 969 114 992 141
1170 968 115 991 142
1171 968 115 991 142
1172 968 117 991 144
1173 972 119 995 146
1174 968 119 991 146
1175 969 120 992 147
1176 969 121 992 148
1177 970 123 993 150
1178 971 123 994 150
1179 968 125 991 152
1180 967 126 990 153
1181 969 131 992 158
1182 969 132 992 159
1183 969 133 992 160
1184 968 133 991 160
1185 968 135 991 162
1186 967 136 990 163
1187 967 136 990 163
1188 968 137 991 164
1189 968 140 991 167
1190 968 142 991 169
1191 969 143 992 170
1192 967 143 990 170
1193 968 145 991 172
1194 967 145 990 172
1195 967 146 990 173
1196 968 149 991 176
1197 966 150 989 177
1198 966 151 989 178
1199 966 154 989 181
1200 964 153 987 180
1201 966 157 989 184
1202 965 158 988 185
1203 965 158 988 185
1204 964 159 987 186
1205 964 160 987 187
1206 963 161 986 188
1207 962 162 985 189
1208 962 162 985 189
1209 962 165 985 192
1210 961 166 984 193
1211 961 167 984 194
1212 961 168 984 195
1213 961 170 984 197
1214 961 172 984 199
1215 960 173 983 200
1216 961 175 984 202
1217 960 176 983 203
1218 960 180 983 207
1219 959 181 982 208
1220 959 182 982 209
1221 959 183 982 210
1222 959 185 982 212
1223 959 186 982 213
1224 958 187 981 214
1225 958 188 981 215
1226 958 189 981 216
1227 958 190 981 217
1228 957 191 980 218
1229 956 193 979 220
1230 957 194 980 221
1231 956 194 979 221
1232 955 195 978 222
1233 956 198 979 225
1234 956 199 979 226
1235 957 200 980 227
1236 955 202 978 229
1237 954 202 977 229
1238 954 203 977 230
1239 953 204 976 231
1240 953 204 976 231
1241 953 209 976 236
1242 952 209 975 236
1243 953 211 976 238
1244 952 215 975 242
1245 952 216 975 243
1246 952 217 975 244
1247 952 218 975 245
1248 951 219 974 246
1249 951 220 974 247
1250 951 221 974 248
1251 951 222 974 249
1252 950 223 973 250
1253 949 224 972 251
1254 948 225 971 252
1255 948 226 971 253
1256 950 229 973 256
1257 949 229 972 256
1258 946 228 969 255
1259 946 230 969 257
1260 947 232 970 259
1261 946 233 969 260
1262 944 234 967 261
1263 943 235 966 262
1264 945 242 968 269
1265 945 243 968 270
1266 943 244 966 271
1267 943 245 966 272
1268 943 247 966 274
1269 943 248 966 275
1270 942 249 965 276
1271 942 250 965 277
1272 942 250 965 277
1273 941 252 964 279
1274 941 253 964 280
1275 941 255 964 282
1276 942 257 965 284
1277 941 259 964 286
1278 940 258 963 285
1279 939 260 962 287
1280 939 262 962 289
1281 939 263 962 290
1282 939 265 962 292
1283 938 266 961 293
1284 938 269 961 296
1285 938 270 961 297
1286 937 271 960 298
1287 938 272 961 299
1288 937 274 960 301
1289 936 274 959 301
1290 936 275 959 302
1291 935 277 958 304
1292 934 278 957 305
1293 934 280 957 307
1294 935 281 958 308
1295 933 282 956 309
1296 933 284 956 311
1297 932 285 955 312
1298 931 286 954 313
1299 931 288 954 315
1300 931 289 954 316
1301 930 290 953 317
1302 930 291 953 318
1303 931 293 954 320
1304 929 293 952 320
1305 930 295 953 322
1306 929 295 952 322
1307 931 296 954 323
1308 929 297 952 324
1309 930 299 953 326
1310 930 300 953 327
1311 930 299 953 326
1312 928 300 951 327
1313 929 300 952 327
1314 929 301 952 328
1315 929 302 952 329
1316 924 310 947 337
1317 925 311 948 338
1318 925 312 948 339
1319 925 313 948 340
1320 924 314 947 341
1321 924 316 947 343
1322 924 316 947 343
1323 924 317 947 344
1324 923 319 946 346
1325 923 320 946 347
1326 924 321 947 348
1327 924 322 947 349
1328 924 323 947 350
1329 923 324 946 351
1330 923 325 946 352
1331 922 326 945 353
1332 923 328 946 355
1333 920 330 943 357
1334 922 332 945 359
1335 921 333 944 360
1336 921 334 944 361
1337 920 336 943 363
1338 915 337 938 364
1339 920 340 943 367
1340 918 340 941 367
1341 916 342 939 369
1342 916 343 939 370
1343 916 344 939 371
1344 916 345 939 372
1345 917 347 940 374
1346 915 348 938 375
1347 915 348 938 375
1348 914 350 937 377
1349 914 351 937 378
1350 914 352 937 379
1351 913 354 936 381
1352 914 356 937 383
1353 914 357 937 384
1354 913 357 936 384
1355 913 360 936 387
1356 913 361 936 388
1357 912 362 935 389
1358 911 365 934 392
1359 911 366 934 393
1360 910 368 933 395
1361 911 369 934 396
1362 911 372 934 399
1363 910 372 933 399
1364 909 373 932 400
1365 910 374 933 401
1366 912 376 935 403
1367 910 375 933 402
1368 909 378 932 405
1369 909 379 932 406
1370 910 380 933 407
1371 909 380 932 407
1372 909 382 932 409
1373 910 384 933 411
1374 908 384 931 411
1375 909 386 932 413
1376 907 388 930 415
1377 907 365 930 392
1378 907 389 930 416
1379 907 390 930 417
1380 907 389 930 416
1381 905 397 928 424
1382 906 398 929 425
1383 904 399 927 426
1384 905 401 928 428
1385 906 402 929 429
1386 904 402 927 429
1387 904 404 927 431
1388 905 405 928 432
1389 904 407 927 434
1390 905 407 928 434
1391 905 407 928 434
1392 905 409 928 436
1393 903 410 926 437
1394 903 413 926 440
1395 902 415 925 442
1396 902 416 925 443
1397 902 417 925 444
1398 904 420 927 447
1399 903 421 926 448
1400 902 421 925 448
1401 902 421 925 448
1402 901 422 924 449
1403 902 426 925 453
1404 900 426 923 453
1405 901 429 924 456
1406 902 428 925 455
1407 901 429 924 456
1408 900 430 923 457
1409 900 431 923 458
1410 900 432 923 459
1411 899 435 922 462
1412 892 458 915 485
1413 899 437 922 464
1414 899 438 922 465
1415 897 440 920 467
1416 898 442 921 469
1417 898 444 921 471
1418 898 444 921 471
1419 898 446 921 473
1420 898 448 921 475
1421 899 447 922 474
1422 898 448 921 475
1423 898 450 921 477
1424 899 451 922 478
1425 898 451 921 478
1426 898 453 921 480
1427 898 453 921 480
1428 898 454 921 481
1429 898 455 921 482
1430 895 462 918 489
1431 897 457 920 484
1432 896 465 919 492
1433 894 466 917 493
1434 895 466 918 493
1435 894 468 917 495
1436 894 468 917 495
1437 893 469 916 496
1438 892 470 915 497
1439 891 471 914 498
1440 893 472 916 499
1441 893 472 916 499
1442 894 475 917 502
1443 893 475 916 502
1444 894 476 917 503
1445 892 479 915 506
1446 892 479 915 506
1447 890 480 913 507
1448 889 481 912 508
1449 889 482 912 509
1450 888 483 911 510
1451 889 485 912 512
1452 889 487 912 514
1453 888 488 911 515
1454 889 489 912 516
1455 888 490 911 517
1456 890 492 913 519
1457 890 494 913 521
1458 889 496 912 523
1459 890 498 913 525
1460 889 499 912 526
1461 888 501 911 528
1462 889 500 912 527
1463 887 502 910 529
1464 887 502 910 529
1465 887 503 910 530
1466 887 504 910 531
1467 888 507 911 534
1468 888 508 911 535
1469 887 507 910 534