1320 656 9 687 25
1321 655 11 686 27
1322 655 12 686 28
1323 654 13 685 29
1324 654 14 685 30
1325 653 17 684 33
1326 653 18 684 34
1327 653 19 684 35
1328 652 21 683 37
1329 652 22 683 38
1330 652 24 683 40
1331 651 25 682 41
1332 651 26 682 42
1333 650 28 681 44
1334 649 30 680 46
1335 649 31 680 47
1336 648 33 679 49
1337 647 34 678 50
1338 648 36 679 52
1339 648 37 679 53
1340 648 39 679 55
1341 647 40 678 56
1342 647 41 678 57
1343 647 42 678 58
1344 646 44 677 60
1345 646 45 677 61
1346 646 46 677 62
1347 646 48 677 64
1348 646 49 677 65
1349 645 51 676 67
1350 644 53 675 69
1351 642 55 673 71
1352 644 56 675 72
1353 644 57 675 73
1354 643 58 674 74
1355 643 59 674 75
1356 643 61 674 77
1357 643 62 674 78
1358 643 63 674 79
1359 642 64 673 80
1360 641 66 672 82
1361 640 68 671 84
1362 641 69 672 85
1363 640 70 671 86
1364 640 71 671 87
1365 639 73 670 89
1366 640 74 671 90
1367 640 75 671 91
1368 638 78 669 94
1369 639 79 670 95
1370 639 82 670 98
1371 637 82 668 98
1372 637 84 668 100
1373 636 85 667 101
1374 636 87 667 103
1375 636 87 667 103
1376 635 89 666 105
1377 635 90 666 106
1378 635 94 666 110
1379 635 94 666 110
1380 635 94 666 110
1381 635 95 666 111
1382 635 97 666 113
1383 635 97 666 113
1384 635 99 666 115
1385 634 103 665 119
1386 634 104 665 120
1387 633 106 664 122
1388 633 108 664 124
1389 632 106 663 122
1390 633 109 664 125
1391 634 110 665 126
1392 633 112 664 128
1393 633 113 664 129
1394 632 115 663 131
1395 634 116 665 132
1396 635 119 666 135
1397 634 119 665 135
1398 632 119 663 135
1399 631 120 662 136
1400 631 122 662 138
1401 630 125 661 141
1402 631 126 662 142
1403 630 126 661 142
1404 629 129 660 145
1405 629 129 660 145
1406 631 131 662 147
1407 630 131 661 147
1408 629 134 660 150
1409 630 134 661 150
1410 630 135 661 151
1411 629 138 660 154
1412 629 140 660 156
1413 628 141 659 157
1414 628 142 659 158
1415 628 143 659 159
1416 628 143 659 159
1417 628 146 659 162
1418 626 146 657 162
1419 627 147 658 163
1420 628 149 659 165
1421 626 150 657 166
1422 625 152 656 168
1423 626 152 657 168
1424 625 155 656 171
1425 625 159 656 175
1426 626 157 657 173
1427 626 159 657 175
1428 624 161 655 177
1429 624 161 655 177
1430 625 163 656 179
1431 625 165 656 181
1432 624 165 655 181
1433 622 168 653 184
1434 623 168 654 184
1435 622 170 653 186
1436 623 171 654 187
1437 621 174 652 190
1438 623 175 654 191
1439 621 176 652 192
1440 620 177 651 193
1441 619 179 650 195
1442 619 180 650 196
1443 619 181 650 197
1444 618 183 649 199
1445 618 184 649 200
1446 618 185 649 201
1447 618 188 649 204
1448 618 189 649 205
1449 618 189 649 205
1450 617 193 648 209
1451 617 194 648 210
1452 617 195 648 211
1453 618 197 649 213
1454 617 197 648 213
1455 617 198 648 214
1456 616 199 647 215
1457 616 201 647 217
1458 616 202 647 218
1459 616 203 647 219
1460 615 205 646 221
1461 615 208 646 224
1462 615 209 646 225
1463 615 210 646 226
1464 616 211 647 227
1465 614 213 645 229
1466 615 214 646 230
1467 614 216 645 232
1468 614 217 645 233
1469 614 218 645 234
1470 614 220 645 236
1471 614 220 645 236
1472 614 221 645 237
1473 614 223 645 239
1474 614 224 645 240
1475 614 226 645 242
1476 613 227 644 243
1477 613 228 644 244
1478 613 229 644 245
1479 612 231 643 247
1480 612 233 643 249
1481 612 235 643 251
1482 612 236 643 252
1483 613 238 644 254
1484 612 238 643 254
1485 612 239 643 255
1486 613 241 644 257
1487 612 243 643 259
1488 611 243 642 259
1489 610 246 641 262
1490 611 246 642 262
1491 609 249 640 265
1492 609 249 640 265
1493 609 252 640 268
1494 609 252 640 268
1495 609 253 640 269
1496 610 255 641 271
1497 609 256 640 272
1498 610 257 641 273
1499 608 260 639 276
1500 608 261 639 277
1501 608 261 639 277
1502 608 263 639 279
1503 608 263 639 279
1504 607 266 638 282
1505 606 268 637 284
1506 607 269 638 285
1507 607 271 638 287
1508 607 272 638 288
1509 606 273 637 289
1510 606 274 637 290
1511 606 275 637 291
1512 605 276 636 292
1513 605 278 636 294
1514 605 279 636 295
1515 605 280 636 296
1516 604 282 635 298
1517 604 284 635 300
1518 604 286 635 302
1519 603 287 634 303
1520 603 287 634 303
1521 603 288 634 304
1522 603 290 634 306
1523 603 292 634 308
1524 603 294 634 310
1525 602 296 633 312
1526 602 296 633 312
1527 602 298 633 314
1528 601 298 632 314
1529 603 301 634 317
1530 600 301 631 317
1531 602 303 633 319
1532 601 305 632 321
1533 600 306 631 322
1534 601 308 632 324
1535 599 309 630 325
1536 599 310 630 326
1537 599 312 630 328
1538 598 313 629 329
1539 598 314 629 330
1540 598 316 629 332
1541 599 318 630 334
1542 599 318 630 334
1543 598 320 629 336
1544 598 320 629 336
1545 597 323 628 339
1546 596 324 627 340
1547 594 326 625 342
1548 597 325 628 341
1549 596 326 627 342
1550 594 328 625 344
1551 593 329 624 345
1552 595 332 626 348
1553 597 335 628 351
1554 595 332 626 348
1555 595 337 626 353
1556 595 335 626 351
1557 594 338 625 354
1558 594 341 625 357
1559 594 340 625 356
1560 592 343 623 359
1561 592 344 623 360
1562 592 346 623 362
1563 591 347 622 363
1564 590 347 621 363
1565 589 349 620 365
1566 590 349 621 365
1567 590 350 621 366
1568 589 351 620 367
1569 591 351 622 367
1570 588 354 619 370
1571 589 358 620 374
1572 588 358 619 374
1573 588 359 619 375
1574 587 361 618 377
1575 588 364 619 380
1576 588 363 619 379
1577 587 366 618 382
1578 587 367 618 383
1579 587 368 618 384
1580 586 369 617 385
1581 586 370 617 386
1582 585 371 616 387
1583 586 372 617 388
1584 585 373 616 389
1585 585 374 616 390
1586 585 377 616 393
1587 584 377 615 393
1588 584 378 615 394
1589 584 377 615 393
1590 583 379 614 395
1591 583 380 614 396
1592 582 385 613 401
1593 582 387 613 403
1594 580 386 611 402
1595 581 388 612 404
1596 581 388 612 404
1597 580 389 611 405
1598 580 390 611 406
1599 580 393 611 409
1600 580 394 611 410
1601 579 396 610 412
1602 579 397 610 413
1603 579 398 610 414
1604 577 400 608 416
1605 578 401 609 417
1606 579 403 610 419
1607 576 403 607 419
1608 577 406 608 422
1609 577 406 608 422
1610 575 408 606 424
1611 577 409 608 425
1612 576 409 607 425
1613 574 411 605 427
1614 576 413 607 429
1615 575 413 606 429
1616 575 416 606 432
1617 574 416 605 432
1618 575 417 606 433
1619 574 419 605 435
1620 572 421 603 437
1621 573 423 604 439
1622 573 424 604 440
1623 572 426 603 442
1624 570 427 601 443
1625 572 428 603 444
1626 571 430 602 446
1627 569 430 600 446
1628 571 432 602 448
1629 570 433 601 449
1630 570 435 601 451
1631 570 436 601 452
1632 569 437 600 453
1633 568 438 599 454
1634 569 438 600 454
1635 568 440 599 456
1636 568 443 599 459
1637 567 443 598 459
1638 567 444 598 460
1639 567 446 598 462
1640 566 448 597 464
1641 566 449 597 465
1642 566 449 597 465
1643 567 451 598 467
1644 566 453 597 469
1645 566 454 597 470
1646 566 455 597 471
1647 565 457 596 473
1648 564 460 595 476
1649 566 460 597 476
1650 564 462 595 478
1651 564 464 595 480
1652 563 464 594 480
1653 563 465 594 481
1654 563 467 594 483
1655 565 469 596 485
1656 563 471 594 487
1657 564 471 595 487
1658 562 471 593 487
1659 563 472 594 488
1660 562 475 593 491
1661 562 478 593 494
1662 562 478 593 494
1663 561 478 592 494
1664 561 480 592 496
1665 560 481 591 497
1666 560 484 591 500
1667 560 486 591 502
1668 560 487 591 503
1669 560 486 591 502
1670 560 489 591 505
1671 560 489 591 505
1672 560 490 591 506
1673 562 490 593 506
1674 559 491 590 507
1675 558 493 589 509
1676 558 495 589 511
1677 559 498 590 514
1678 557 500 588 516
1679 557 502 588 518
1680 557 502 588 518
1681 558 503 589 519
1682 556 505 587 521
1683 557 506 588 522
1684 557 509 588 525
1685 556 510 587 526
1686 557 510 588 526
1687 557 509 588 525
1688 557 511 588 527
1689 556 515 587 531
1690 556 514 587 530
1691 555 515 586 531
1692 556 516 587 532
1693 556 519 587 535
1694 555 520 586 536
1695 555 519 586 535
1696 554 526 585 542
1697 554 528 585 544
1698 554 528 585 544
1699 554 531 585 547
1700 554 531 585 547
1701 556 530 587 546
1702 554 532 585 548
1703 554 533 585 549
1704 553 535 584 551
1705 555 535 586 551
1706 556 535 587 551
1707 553 540 584 556
1708 554 538 585 554
1709 552 540 583 556
1710 554 543 585 559
1711 553 545 584 561
1712 552 547 583 563
1713 553 548 584 564
1714 551 551 582 567
1715 553 552 584 568
1716 551 555 582 571
1717 551 556 582 572
1718 551 556 582 572
1719 552 557 583 573
1720 552 558 583 574
1721 553 560 584 576
1722 552 561 583 577
1723 551 562 582 578
1724 551 564 582 580
1725 552 567 583 583
1726 551 567 582 583
1727 551 568 582 584
1728 550 569 581 585
1729 551 572 582 588
1730 550 572 581 588
1731 551 573 582 589
1732 551 577 582 593
1733 551 576 582 592
1734 551 578 582 594
1735 551 579 582 595
1736 551 581 582 597
1737 551 581 582 597
1738 551 583 582 599
1739 552 583 583 599
1740 552 584 583 600
1741 552 585 583 601
1742 551 587 582 603
1743 551 588 582 604
1744 551 590 582 606
1745 550 592 581 608
1746 551 593 582 609
1747 552 596 583 612
1748 550 596 581 612
1749 550 599 581 615
1750 549 603 580 619
1751 550 602 581 618
1752 549 605 580 621
1753 549 606 580 622
1754 549 609 580 625
1755 549 610 580 626
1756 549 611 580 627
1757 549 614 580 630
1758 548 614 579 630
1759 549 617 580 633
1760 548 617 579 633
1761 549 619 580 635
1762 548 618 579 634
1763 548 620 579 636
1764 547 621 578 637
1765 548 623 579 639
1766 548 624 579 640
1767 548 624 579 640
1768 548 623 579 639
1769 547 633 578 649
1770 549 626 580 642
1771 549 627 580 643
1772 549 629 580 645
1773 548 630 579 646
1774 548 638 579 654
1775 548 639 579 655
1776 548 639 579 655
1777 547 641 578 657
1778 547 641 578 657
1779 547 642 578 658
1780 547 643 578 659
1781 547 644 578 660
1782 547 645 578 661
1783 546 646 577 662
1784 546 648 577 664
1785 546 648 577 664
1786 548 649 579 665
1787 548 650 579 666
1788 545 652 576 668
1789 545 654 576 670
1790 545 655 576 671
1791 544 660 575 676
1792 544 663 575 679
1793 544 661 575 677
1794 544 664 575 680
1795 544 663 575 679
1796 545 665 576 681
1797 545 668 576 684
1798 543 669 574 685
1799 543 670 574 686
1800 543 671 574 687
1801 544 672 575 688
1802 543 674 574 690
1803 543 675 574 691
1804 542 678 573 694
1805 543 680 574 696
1806 542 681 573 697
1807 543 680 574 696
1808 541 685 572 701
1809 541 688 572 704
1810 541 687 572 703
1811 541 688 572 704
1812 541 689 572 705
1813 541 693 572 709
1814 540 693 571 709
1815 540 694 571 710
1816 540 695 571 711
1817 539 697 570 713
1818 539 698 570 714
1819 539 700 570 716
1820 538 701 569 717
1821 538 703 569 719