3690 432 58 457 78
3691 431 60 456 80
3692 430 61 455 81
3693 428 63 453 83
3694 428 65 453 85
3695 427 67 452 87
3696 427 69 452 89
3697 425 70 450 90
3698 425 71 450 91
3699 423 72 448 92
3700 424 75 449 95
3701 423 75 448 95
3702 422 77 447 97
3703 421 79 446 99
3704 419 79 444 99
3705 420 81 445 101
3706 421 83 446 103
3707 421 84 446 104
3708 421 87 446 107
3709 419 89 444 109
3710 419 91 444 111
3711 420 93 445 113
3712 420 94 445 114
3713 418 94 443 114
3714 417 96 442 116
3715 417 98 442 118
3716 417 100 442 120
3717 416 102 441 122
3718 415 103 440 123
3719 415 105 440 125
3720 415 107 440 127
3721 414 108 439 128
3722 414 110 439 130
3723 413 112 438 132
3724 412 114 437 134
3725 412 115 437 135
3726 411 117 436 137
3727 412 117 437 137
3728 411 119 436 139
3729 410 122 435 142
3730 411 123 436 143
3731 411 125 436 145
3732 411 127 436 147
3733 409 127 434 147
3734 411 128 436 148
3735 409 130 434 150
3736 409 132 434 152
3737 407 134 432 154
3738 407 135 432 155
3739 407 137 432 157
3740 408 138 433 158
3741 404 140 429 160
3742 405 142 430 162
3743 404 144 429 164
3744 404 145 429 165
3745 403 148 428 168
3746 403 148 428 168
3747 405 150 430 170
3748 406 152 431 172
3749 404 153 429 173
3750 403 155 428 175
3751 402 157 427 177
3752 402 158 427 178
3753 402 159 427 179
3754 399 163 424 183
3755 400 163 425 183
3756 399 163 424 183
3757 396 165 421 185
3758 396 166 421 186
3759 395 169 420 189
3760 395 173 420 193
3761 391 175 416 195
3762 392 173 417 193
3763 390 177 415 197
3764 389 177 414 197
3765 401 177 426 197
3766 400 179 425 199
3767 398 181 423 201
3768 397 182 422 202
3769 396 185 421 205
3770 394 185 419 205
3771 396 187 421 207
3772 395 189 420 209
3773 397 190 422 210
3774 397 192 422 212
3775 396 193 421 213
3776 396 195 421 215
3777 395 196 420 216
3778 394 198 419 218
3779 393 199 418 219
3780 392 201 417 221
3781 392 203 417 223
3782 391 205 416 225
3783 391 206 416 226
3784 390 208 415 228
3785 393 209 418 229
3786 389 211 414 231
3787 390 212 415 232
3788 389 213 414 233
3789 389 215 414 235
3790 389 216 414 236
3791 388 218 413 238
3792 388 220 413 240
3793 386 221 411 241
3794 387 223 412 243
3795 387 224 412 244
3796 385 226 410 246
3797 385 228 410 248
3798 387 230 412 250
3799 388 231 413 251
3800 385 232 410 252
3801 386 234 411 254
3802 385 235 410 255
3803 385 236 410 256
3804 384 238 409 258
3805 384 240 409 260
3806 385 241 410 261
3807 385 242 410 262
3808 384 244 409 264
3809 384 245 409 265
3810 383 246 408 266
3811 383 249 408 269
3812 382 250 407 270
3813 383 252 408 272
3814 383 253 408 273
3815 383 255 408 275
3816 383 256 408 276
3817 383 256 408 276
3818 382 258 407 278
3819 382 261 407 281
3820 381 262 406 282
3821 382 263 407 283
3822 381 265 406 285
3823 381 266 406 286
3824 382 267 407 287
3825 381 268 406 288
3826 382 270 407 290
3827 381 271 406 291
3828 380 273 405 293
3829 379 275 404 295
3830 379 275 404 295
3831 379 277 404 297
3832 379 278 404 298
3833 379 280 404 300
3834 377 281 402 301
3835 377 283 402 303
3836 377 285 402 305
3837 377 286 402 306
3838 377 289 402 309
3839 377 290 402 310
3840 377 292 402 312
3841 377 292 402 312
3842 377 293 402 313
3843 378 295 403 315
3844 376 296 401 316
3845 376 299 401 319
3846 375 299 400 319
3847 377 300 402 320
3848 375 302 400 322
3849 375 304 400 324
3850 375 306 400 326
3851 375 307 400 327
3852 374 309 399 329
3853 375 310 400 330
3854 374 313 399 333
3855 375 312 400 332
3856 375 314 400 334
3857 375 315 400 335
3858 373 318 398 338
3859 374 318 399 338
3860 375 320 400 340
3861 374 322 399 342
3862 374 323 399 343
3863 373 325 398 345
3864 373 326 398 346
3865 372 327 397 347
3866 372 328 397 348
3867 372 330 397 350
3868 371 331 396 351
3869 372 332 397 352
3870 371 333 396 353
3871 370 335 395 355
3872 370 337 395 357
3873 371 338 396 358
3874 370 340 395 360
3875 371 342 396 362
3876 369 343 394 363
3877 369 345 394 365
3878 369 346 394 366
3879 369 347 394 367
3880 370 348 395 368
3881 369 350 394 370
3882 370 351 395 371
3883 370 353 395 373
3884 370 354 395 374
3885 368 356 393 376
3886 369 357 394 377
3887 368 359 393 379
3888 368 360 393 380
3889 368 360 393 380
3890 370 362 395 382
3891 368 364 393 384
3892 369 366 394 386
3893 369 366 394 386
3894 368 368 393 388
3895 368 371 393 391
3896 369 371 394 391
3897 367 374 392 394
3898 367 375 392 395
3899 367 376 392 396
3900 367 378 392 398
3901 367 379 392 399
3902 368 380 393 400
3903 367 382 392 402
3904 367 384 392 404
3905 366 385 391 405
3906 368 386 393 406
3907 367 388 392 408
3908 367 389 392 409
3909 366 390 391 410
3910 366 391 391 411
3911 365 394 390 414
3912 365 394 390 414
3913 365 396 390 416
3914 364 398 389 418
3915 365 400 390 420
3916 365 400 390 420
3917 365 402 390 422
3918 365 403 390 423
3919 364 405 389 425
3920 364 406 389 426
3921 364 407 389 427
3922 364 409 389 429
3923 364 411 389 431
3924 364 412 389 432
3925 364 413 389 433
3926 364 414 389 434
3927 364 416 389 436
3928 363 418 388 438
3929 364 419 389 439
3930 363 420 388 440
3931 363 422 388 442
3932 363 424 388 444
3933 363 425 388 445
3934 363 426 388 446
3935 363 427 388 447
3936 362 429 387 449
3937 363 429 388 449
3938 363 431 388 451
3939 362 432 387 452
3940 362 434 387 454
3941 363 435 388 455
3942 363 437 388 457
3943 362 439 387 459
3944 362 440 387 460
3945 362 442 387 462
3946 362 442 387 462
3947 362 444 387 464
3948 362 446 387 466
3949 362 446 387 466
3950 362 449 387 469
3951 361 451 386 471
3952 364 450 389 470
3953 361 454 386 474
3954 361 455 386 475
3955 362 455 387 475
3956 361 456 386 476
3957 362 458 387 478
3958 361 459 386 479
3959 361 460 386 480
3960 361 462 386 482
3961 359 465 384 485
3962 359 465 384 485
3963 358 467 383 487
3964 359 469 384 489
3965 359 470 384 490
3966 358 471 383 491
3967 359 472 384 492
3968 360 474 385 494
3969 360 475 385 495
3970 359 477 384 497
3971 359 479 384 499
3972 358 480 383 500
3973 359 480 384 500
3974 358 482 383 502
3975 359 484 384 504
3976 359 485 384 505
3977 358 487 383 507
3978 358 488 383 508
3979 358 489 383 509
3980 357 490 382 510
3981 357 492 382 512
3982 357 493 382 513
3983 357 494 382 514
3984 359 495 384 515
3985 358 497 383 517
3986 358 498 383 518
3987 358 500 383 520
3988 360 501 385 521
3989 359 503 384 523
3990 358 504 383 524
3991 358 505 383 525
3992 357 507 382 527
3993 357 509 382 529
3994 357 511 382 531
3995 357 512 382 532
3996 356 513 381 533
3997 355 515 380 535
3998 355 516 380 536
3999 355 517 380 537
4000 355 520 380 540
4001 357 520 382 540
4002 357 521 382 541
4003 357 521 382 541
4004 358 524 383 544
4005 358 525 383 545
4006 356 526 381 546
4007 356 527 381 547
4008 356 528 381 548
4009 355 530 380 550
4010 355 531 380 551
4011 355 533 380 553
4012 355 535 380 555
4013 356 536 381 556
4014 356 537 381 557
4015 355 539 380 559
4016 355 540 380 560
4017 355 541 380 561
4018 355 543 380 563
4019 354 544 379 564
4020 354 545 379 565
4021 353 547 378 567
4022 353 549 378 569
4023 354 550 379 570
4024 352 552 377 572
4025 352 553 377 573
4026 352 556 377 576
4027 352 556 377 576
4028 352 556 377 576
4029 352 558 377 578
4030 352 559 377 579
4031 353 560 378 580
4032 356 562 381 582
4033 353 564 378 584
4034 353 564 378 584
4035 354 566 379 586
4036 352 567 377 587
4037 351 568 376 588
4038 351 570 376 590
4039 350 572 375 592
4040 350 572 375 592
4041 350 574 375 594
4042 350 575 375 595
4043 350 577 375 597
4044 350 579 375 599
4045 349 580 374 600
4046 350 581 375 601
4047 348 583 373 603
4048 351 584 376 604
4049 351 585 376 605
4050 350 586 375 606
4051 350 588 375 608
4052 349 589 374 609
4053 349 591 374 611
4054 348 592 373 612
4055 348 594 373 614
4056 348 595 373 615
4057 348 596 373 616
4058 348 597 373 617
4059 349 598 374 618
4060 349 600 374 620
4061 348 601 373 621
4062 348 603 373 623
4063 347 604 372 624
4064 347 606 372 626
4065 347 608 372 628
4066 347 609 372 629
4067 346 610 371 630
4068 346 611 371 631
4069 346 612 371 632
4070 346 613 371 633
4071 346 616 371 636
4072 345 616 370 636
4073 346 617 371 637
4074 347 620 372 640
4075 346 620 371 640
4076 345 621 370 641
4077 344 621 369 641
4078 345 624 370 644
4079 343 625 368 645
4080 343 626 368 646
4081 344 628 369 648
4082 345 630 370 650
4083 343 630 368 650
4084 343 632 368 652
4085 343 633 368 653
4086 342 634 367 654
4087 342 635 367 655
4088 341 637 366 657
4089 341 638 366 658
4090 341 639 366 659
4091 341 640 366 660
4092 341 642 366 662
4093 340 644 365 664
4094 340 645 365 665
4095 340 646 365 666
4096 342 649 367 669
4097 342 649 367 669
4098 340 650 365 670
4099 341 652 366 672
4100 340 653 365 673
4101 340 655 365 675
4102 340 656 365 676
4103 339 657 364 677
4104 339 657 364 677
4105 338 659 363 679
4106 338 660 363 680
4107 338 662 363 682
4108 338 663 363 683
4109 337 664 362 684
4110 337 666 362 686
4111 338 667 363 687
4112 338 669 363 689
4113 337 669 362 689
4114 337 670 362 690
4115 336 672 361 692
4116 337 674 362 694
4117 337 675 362 695
4118 336 676 361 696
4119 336 677 361 697
4120 336 678 361 698
4121 335 679 360 699
4122 335 681 360 701
4123 334 682 359 702
4124 334 683 359 703
4125 334 685 359 705
4126 334 686 359 706
4127 333 687 358 707
4128 333 688 358 708
4129 333 690 358 710
4130 333 691 358 711
4131 333 692 358 712
4132 332 693 357 713
4133 332 694 357 714
4134 332 695 357 715
4135 332 697 357 717
4136 332 698 357 718
4137 331 699 356 719
4138 331 699 356 719
4139 329 699 354 719
4140 330 699 355 719
4141 330 699 355 719
