2522 855 4 871 17
2523 853 6 868 19
2524 845 1 872 22
2525 838 9 868 30
2526 834 3 864 24
2527 838 5 868 26
2528 838 8 868 29
2529 840 7 870 28
2530 847 10 877 31
2531 845 13 875 34
2532 841 23 871 44
2533 834 18 864 39
2534 831 21 861 42
2535 829 25 859 46
2536 838 31 868 52
2537 826 29 856 50
2538 828 36 858 57
2539 825 38 855 59
2540 818 45 848 66
2541 820 43 850 64
2542 820 46 850 67
2543 817 47 847 68
2544 816 51 846 72
2545 815 51 845 72
2546 812 54 842 75
2547 810 56 840 77
2548 813 61 843 82
2549 811 69 841 90
2550 807 65 837 86
2551 806 68 836 89
2552 804 71 834 92
2553 801 77 831 98
2554 798 76 828 97
2555 802 80 832 101
2556 800 83 830 104
2557 799 82 829 103
2558 797 88 827 109
2559 792 92 822 113
2560 793 90 823 111
2561 788 101 818 122
2562 795 95 825 116
2563 793 99 823 120
2564 788 103 818 124
2565 794 107 824 128
2566 792 110 822 131
2567 786 109 816 130
2568 781 112 811 133
2569 779 116 809 137
2570 777 118 807 139
2571 774 118 804 139
2572 774 123 804 144
2573 762 120 805 157
2574 758 111 801 148
2575 756 114 799 151
2576 764 130 807 167
2577 753 119 796 156
2578 765 122 808 159
2579 764 124 807 161
2580 748 127 791 164
2581 746 130 789 167
2582 746 132 789 169
2583 743 135 786 172
2584 743 137 786 174
2585 729 154 772 191
2586 739 143 782 180
2587 751 139 794 176
2588 736 148 779 185
2589 734 151 777 188
2590 735 153 778 190
2591 734 156 777 193
2592 730 159 773 196
2593 729 161 772 198
2594 739 164 782 201
2595 727 169 770 206
2596 729 171 772 208
2597 729 172 772 209
2598 731 189 764 223
2599 729 191 762 225
2600 728 191 761 225
2601 726 194 759 228
2602 725 196 758 230
2603 729 199 762 233
2604 726 201 759 235
2605 725 204 758 238
2606 720 205 753 239
2607 718 205 751 239
2608 717 209 750 243
2609 716 213 749 247
2610 727 207 760 241
2611 712 221 745 255
2612 712 221 745 255
2613 713 223 746 257
2614 709 227 742 261
2615 710 229 743 263
2616 710 227 743 261
2617 709 230 742 264
2618 707 236 740 270
2619 717 230 750 264
2620 715 232 748 266
2621 725 237 758 271
2622 703 248 736 282
2623 713 237 746 271
2624 703 248 736 282
2625 701 252 734 286
2626 701 255 734 289
2627 696 257 729 291
2628 699 260 732 294
2629 696 263 729 297
2630 696 266 729 300
2631 694 268 727 302
2632 693 271 726 305
2633 691 274 724 308
2634 690 277 723 311
2635 686 278 719 312
2636 688 282 721 316
2637 685 289 718 323
2638 685 287 718 321
2639 683 288 716 322
2640 685 293 718 327
2641 682 296 715 330
2642 677 299 710 333
2643 675 291 708 325
2644 677 301 710 335
2645 681 304 714 338
2646 680 308 713 342
2647 673 313 706 347
2648 678 313 711 347
2649 675 314 708 348
2650 671 315 704 349
2651 673 321 706 355
2652 672 326 705 360
2653 670 327 703 361
2654 670 329 703 363
2655 669 332 702 366
2656 668 335 701 369
2657 666 339 699 373
2658 667 341 700 375
2659 665 344 698 378
2660 663 347 696 381
2661 663 353 696 387
2662 659 353 692 387
2663 661 359 694 393
2664 660 363 693 397
2665 659 365 692 399
2666 654 369 687 403
2667 656 371 689 405
2668 651 375 684 409
2669 653 375 686 409
2670 652 379 685 413
2671 650 380 683 414
2672 649 385 682 419
2673 650 387 683 421
2674 649 391 682 425
2675 646 394 679 428
2676 645 395 678 429
2677 644 398 677 432
2678 643 401 676 435
2679 643 404 676 438
2680 640 402 673 436
2681 640 409 673 443
2682 640 413 673 447
2683 639 416 672 450
2684 637 421 670 455
2685 637 421 670 455
2686 638 423 671 457
2687 637 425 670 459
2688 635 428 668 462
2689 633 430 666 464
2690 632 434 665 468
2691 633 436 666 470
2692 630 440 663 474
2693 629 444 662 478
2694 628 446 661 480
2695 629 448 662 482
2696 627 451 660 485
2697 626 454 659 488
2698 624 458 657 492
2699 623 460 656 494
2700 625 463 658 497
2701 624 464 657 498
2702 623 465 656 499
2703 622 471 655 505
2704 621 474 654 508
2705 618 476 651 510
2706 620 480 653 514
2707 619 482 652 516
2708 618 486 651 520
2709 613 487 646 521
2710 613 493 646 527
2711 613 495 646 529
2712 612 498 645 532
2713 610 503 643 537
2714 610 506 643 540
2715 609 510 642 544
2716 608 512 641 546
2717 608 512 641 546
2718 608 512 641 546
2719 606 517 639 551
2720 605 520 638 554
2721 604 523 637 557
2722 604 527 637 561
2723 603 528 636 562
2724 605 531 638 565
2725 604 534 637 568
2726 603 534 636 568
2727 600 539 633 573
2728 600 542 633 576
2729 598 546 631 580
2730 598 547 631 581
2731 597 549 630 583
2732 596 553 629 587
2733 595 557 628 591
2734 595 559 628 593
2735 593 561 626 595
2736 594 563 627 597
2737 591 567 624 601
2738 591 569 624 603
2739 593 570 626 604
2740 592 572 625 606
2741 586 574 619 608
2742 589 578 622 612
2743 588 581 621 615
2744 586 586 619 620
2745 588 589 621 623
2746 586 591 619 625
2747 583 594 616 628
2748 582 597 615 631
2749 582 599 615 633
2750 581 603 614 637
2751 579 604 612 638
2752 580 609 613 643
2753 579 612 612 646
2754 578 615 611 649
2755 581 615 614 649
2756 576 618 609 652
2757 575 622 608 656
2758 574 625 607 659
2759 574 624 607 658
2760 574 628 607 662
2761 575 631 608 665
2762 573 632 606 666
2763 573 635 606 669
2764 572 639 605 673
2765 574 642 607 676
2766 570 643 603 677
2767 572 646 605 680
2768 569 649 602 683
2769 568 652 601 686
2770 567 654 600 688
2771 566 655 599 689
2772 566 659 599 693
2773 566 662 599 696
2774 564 663 597 697
2775 564 667 597 701
2776 563 670 596 704
2777 562 673 595 707
2778 562 676 595 710
2779 561 678 594 712
2780 558 679 591 713
2781 561 682 594 716
2782 560 685 593 719
2783 560 685 593 719
2784 559 685 592 719
2785 559 685 592 719
2786 559 685 592 719
2787 559 685 592 719
2788 559 685 592 719
2789 560 685 593 719
2790 559 685 592 719
2791 558 684 591 718
