2820 985 13 1017 41
2821 984 15 1016 43
2822 982 16 1014 44
2823 982 18 1014 46
2824 980 20 1012 48
2825 979 22 1011 50
2826 979 24 1011 52
2827 978 25 1010 53
2828 976 26 1008 54
2829 976 27 1008 55
2830 974 29 1006 57
2831 975 31 1007 59
2832 974 33 1006 61
2833 973 35 1005 63
2834 972 37 1004 65
2835 971 38 1003 66
2836 970 41 1002 69
2837 969 42 1001 70
2838 969 44 1001 72
2839 968 45 1000 73
2840 967 47 999 75
2841 966 49 998 77
2842 965 50 997 78
2843 965 52 997 80
2844 965 53 997 81
2845 963 55 995 83
2846 962 57 994 85
2847 961 59 993 87
2848 961 60 993 88
2849 960 61 992 89
2850 959 62 991 90
2851 958 64 990 92
2852 957 66 989 94
2853 956 67 988 95
2854 956 69 988 97
2855 955 70 987 98
2856 954 72 986 100
2857 953 74 985 102
2858 951 75 983 103
2859 951 76 983 104
2860 951 78 983 106
2861 950 79 982 107
2862 949 81 981 109
2863 947 83 979 111
2864 946 85 978 113
2865 945 87 977 115
2866 945 89 977 117
2867 945 90 977 118
2868 943 92 975 120
2869 943 93 975 121
2870 942 95 974 123
2871 941 96 973 124
2872 941 97 973 125
2873 941 98 973 126
2874 939 101 971 129
2875 939 103 971 131
2876 938 105 970 133
2877 938 106 970 134
2878 937 108 969 136
2879 936 110 968 138
2880 935 112 967 140
2881 935 114 967 142
2882 933 116 965 144
2883 932 118 964 146
2884 932 120 964 148
2885 932 121 964 149
2886 932 123 964 151
2887 931 125 963 153
2888 930 127 962 155
2889 931 126 963 154
2890 930 130 962 158
2891 930 132 962 160
2892 929 134 961 162
2893 929 135 961 163
2894 929 137 961 165
2895 927 140 959 168
2896 928 141 960 169
2897 926 143 958 171
2898 926 145 958 173
2899 926 146 958 174
2900 925 148 957 176
2901 924 150 956 178
2902 924 152 956 180
2903 923 155 955 183
2904 922 157 954 185
2905 922 158 954 186
2906 921 160 953 188
2907 920 162 952 190
2908 920 164 952 192
2909 919 166 951 194
2910 919 168 951 196
2911 918 170 950 198
2912 918 172 950 200
2913 917 174 949 202
2914 916 176 948 204
2915 916 178 948 206
2916 915 180 947 208
2917 914 182 946 210
2918 914 184 946 212
2919 912 186 944 214
2920 912 187 944 215
2921 912 190 944 218
2922 911 193 943 221
2923 911 194 943 222
2924 909 197 941 225
2925 909 199 941 227
2926 908 201 940 229
2927 908 201 940 229
2928 907 204 939 232
2929 907 206 939 234
2930 906 208 938 236
2931 906 209 938 237
2932 905 211 937 239
2933 906 213 938 241
2934 904 215 936 243
2935 903 218 935 246
2936 902 220 934 248
2937 902 222 934 250
2938 902 225 934 253
2939 900 228 932 256
2940 900 226 932 254
2941 900 228 932 256
2942 899 230 931 258
2943 898 233 930 261
2944 897 236 929 264
2945 897 237 929 265
2946 895 239 927 267
2947 895 241 927 269
2948 894 243 926 271
2949 893 245 925 273
2950 892 247 924 275
2951 891 249 923 277
2952 890 252 922 280
2953 889 254 921 282
2954 889 256 921 284
2955 888 259 920 287
2956 888 261 920 289
2957 886 264 918 292
2958 886 265 918 293
2959 885 267 917 295
2960 884 269 916 297
2961 883 272 915 300
2962 883 273 915 301
2963 883 274 915 302
2964 882 276 914 304
2965 881 279 913 307
2966 881 281 913 309
2967 880 283 912 311
2968 879 285 911 313
2969 878 288 910 316
2970 877 290 909 318
2971 876 291 908 319
2972 875 293 907 321
2973 876 294 908 322
2974 874 297 906 325
2975 875 300 907 328
2976 874 302 906 330
2977 874 303 906 331
2978 874 304 906 332
2979 873 307 905 335
2980 871 309 903 337
2981 871 310 903 338
2982 870 313 902 341
2983 868 316 900 344
2984 867 319 899 347
2985 867 320 899 348
2986 868 322 900 350
2987 866 323 898 351
2988 865 326 897 354
2989 864 327 896 355
2990 864 328 896 356
2991 863 331 895 359
2992 862 332 894 360
2993 862 333 894 361
2994 861 335 893 363
2995 860 337 892 365
2996 860 339 892 367
2997 859 341 891 369
2998 859 343 891 371
2999 857 345 889 373
3000 855 348 887 376
3001 854 350 886 378
3002 854 352 886 380
3003 855 354 887 382
3004 853 356 885 384
3005 852 358 884 386
3006 852 361 884 389
3007 851 362 883 390
3008 851 362 883 390
3009 850 365 882 393
3010 849 367 881 395
3011 847 369 879 397
3012 846 371 878 399
3013 846 374 878 402
3014 846 376 878 404
3015 846 377 878 405
3016 845 380 877 408
3017 843 381 875 409
3018 843 383 875 411
3019 842 385 874 413
3020 841 386 873 414
3021 841 388 873 416
3022 840 390 872 418
3023 839 392 871 420
3024 838 394 870 422
3025 837 396 869 424
3026 836 398 868 426
3027 835 400 867 428
3028 834 402 866 430
3029 833 405 865 433
3030 833 406 865 434
3031 832 408 864 436
3032 831 410 863 438
3033 830 411 862 439
3034 829 414 861 442
3035 829 416 861 444
3036 828 418 860 446
3037 827 419 859 447
3038 827 422 859 450
3039 826 425 858 453
3040 826 426 858 454
3041 825 428 857 456
3042 824 430 856 458
3043 823 431 855 459
3044 822 434 854 462
3045 822 435 854 463
3046 822 437 854 465
3047 822 439 854 467
3048 821 441 853 469
3049 821 443 853 471
3050 820 445 852 473
3051 819 446 851 474
3052 818 448 850 476
3053 817 450 849 478
3054 817 452 849 480
3055 817 454 849 482
3056 816 457 848 485
3057 816 459 848 487
3058 816 460 848 488
3059 815 461 847 489
3060 814 464 846 492
3061 813 466 845 494
3062 814 468 846 496
3063 813 470 845 498
3064 812 472 844 500
3065 812 473 844 501
3066 811 476 843 504
3067 811 477 843 505
3068 811 479 843 507
3069 810 481 842 509
3070 809 483 841 511
3071 809 485 841 513
3072 809 488 841 516
3073 807 489 839 517
3074 808 490 840 518
3075 808 492 840 520
3076 807 496 839 524
3077 806 498 838 526
3078 806 501 838 529
3079 805 502 837 530
3080 805 502 837 530
3081 805 504 837 532
3082 804 506 836 534
3083 804 508 836 536
3084 804 511 836 539
3085 803 513 835 541
3086 803 515 835 543
3087 802 517 834 545
3088 802 519 834 547
3089 801 521 833 549
3090 801 522 833 550
3091 800 525 832 553
3092 801 527 833 555
3093 799 528 831 556
3094 800 530 832 558
3095 799 532 831 560
3096 799 534 831 562
3097 798 536 830 564
3098 798 538 830 566
3099 797 541 829 569
3100 797 543 829 571
3101 796 546 828 574
3102 796 548 828 576
3103 795 550 827 578
3104 795 553 827 581
3105 795 555 827 583
3106 795 557 827 585
3107 794 559 826 587
3108 793 561 825 589
3109 793 563 825 591
3110 792 565 824 593
3111 792 567 824 595
3112 792 569 824 597
3113 791 571 823 599
3114 791 573 823 601
3115 790 574 822 602
3116 790 577 822 605
3117 790 579 822 607
3118 790 581 822 609
3119 790 583 822 611
3120 789 585 821 613
3121 788 587 820 615
3122 787 588 819 616
3123 787 590 819 618
3124 787 592 819 620
3125 787 595 819 623
3126 787 596 819 624
3127 787 598 819 626
3128 787 600 819 628
3129 786 604 818 632
3130 785 605 817 633
3131 785 608 817 636
3132 784 610 816 638
3133 784 610 816 638
3134 784 611 816 639
3135 784 614 816 642
3136 783 616 815 644
3137 784 618 816 646
3138 782 619 814 647
3139 783 622 815 650
3140 782 624 814 652
3141 782 626 814 654
3142 781 627 813 655
3143 779 631 811 659
3144 780 632 812 660
3145 779 636 811 664
3146 780 636 812 664
3147 779 638 811 666
3148 779 641 811 669
3149 778 643 810 671
3150 778 645 810 673
3151 777 649 809 677
3152 777 651 809 679
3153 776 653 808 681
3154 776 656 808 684
3155 775 657 807 685
3156 776 660 808 688
3157 776 663 808 691
3158 774 662 806 690
3159 773 665 805 693
3160 773 667 805 695
3161 772 669 804 697
3162 771 673 803 701
3163 771 674 803 702
3164 770 676 802 704
3165 770 677 802 705
3166 769 681 801 709
3167 769 682 801 710
3168 769 684 801 712
3169 768 687 800 715
3170 767 689 799 717
3171 765 689 797 717
3172 764 691 796 719
3173 763 691 795 719
3174 762 691 794 719
3175 761 691 793 719
3176 759 691 791 719
3177 758 691 790 719
3178 758 691 790 719
3183 747 680 779 708
3184 749 681 781 709