4888 818 5 841 25
4889 820 9 841 26
4890 818 7 838 26
4891 821 10 838 26
4892 820 9 841 30
4893 818 13 838 35
4894 817 15 837 35
4895 820 20 837 40
4896 817 17 836 38
4897 818 22 837 42
4898 817 25 834 45
4899 817 24 838 48
4900 814 29 838 49
4901 816 30 837 56
4902 816 31 835 54
4903 818 34 838 54
4904 813 39 837 58
4905 814 39 836 62
4906 813 42 831 63
4907 811 49 832 65
4908 815 51 831 69
4909 817 52 830 70
4910 812 52 834 76
4911 813 54 833 73
4912 806 53 835 80
4913 810 57 831 79
4914 809 59 830 80
4915 803 62 835 90
4916 802 64 834 92
4917 802 66 834 94
4918 801 66 833 94
4919 802 68 834 96
4920 801 72 833 100
4921 802 74 834 102
4922 801 75 833 103
4923 800 77 832 105
4924 800 80 832 108
4925 800 82 832 110
4926 800 84 832 112
4927 799 86 831 114
4928 799 90 831 118
4929 799 91 831 119
4930 799 93 831 121
4931 799 94 831 122
4932 798 98 830 126
4933 798 99 830 127
4934 796 100 828 128
4935 797 103 829 131
4936 796 106 828 134
4937 796 108 828 136
4938 795 109 827 137
4939 795 112 827 140
4940 794 115 826 143
4941 794 117 826 145
4942 795 119 827 147
4943 795 122 827 150
4944 794 124 826 152
4945 794 126 826 154
4946 793 127 825 155
4947 792 129 824 157
4948 792 132 824 160
4949 791 135 823 163
4950 791 137 823 165
4951 790 139 822 167
4952 790 142 822 170
4953 790 144 822 172
4954 791 149 823 177
4955 790 150 822 178
4956 789 151 821 179
4957 789 153 821 181
4958 789 156 821 184
4959 789 158 821 186
4960 789 161 821 189
4961 787 161 819 189
4962 787 163 819 191
4963 786 166 818 194
4964 786 168 818 196
4965 785 170 817 198
4966 785 172 817 200
4967 784 174 816 202
4968 784 178 816 206
4969 783 179 815 207
4970 783 180 815 208
4971 783 184 815 212
4972 781 184 813 212
4973 781 187 813 215
4974 780 189 812 217
4975 780 192 812 220
4976 779 193 811 221
4977 780 197 812 225
4978 778 197 810 225
4979 778 199 810 227
4980 778 202 810 230
4981 777 204 809 232
4982 778 208 810 236
4983 777 210 809 238
4984 776 212 808 240
4985 775 214 807 242
4986 776 216 808 244
4987 775 219 807 247
4988 775 221 807 249
4989 774 223 806 251
4990 773 224 805 252
4991 773 227 805 255
4992 773 228 805 256
4993 772 230 804 258
4994 772 232 804 260
4995 771 235 803 263
4996 771 238 803 266
4997 770 238 802 266
4998 771 242 803 270
4999 771 245 803 273
5000 770 247 802 275
5001 770 250 802 278
5002 770 253 802 281
5003 770 255 802 283
5004 769 258 801 286
5005 768 258 800 286
5006 768 262 800 290
5007 766 262 798 290
5008 766 264 798 292
5009 766 265 798 293
5010 765 267 797 295
5011 766 270 798 298
5012 766 272 798 300
5013 764 274 796 302
5014 765 277 797 305
5015 764 280 796 308
5016 764 283 796 311
5017 764 284 796 312
5018 763 285 795 313
5019 762 287 794 315
5020 763 290 795 318
5021 763 293 795 321
5022 763 296 795 324
5023 763 298 795 326
5024 762 299 794 327
5025 762 302 794 330
5026 762 304 794 332
5027 760 306 792 334
5028 761 309 793 337
5029 760 311 792 339
5030 759 313 791 341
5031 760 316 792 344
5032 761 318 793 346
5033 761 321 793 349
5034 760 323 792 351
5035 759 324 791 352
5036 757 327 789 355
5037 757 330 789 358
5038 757 333 789 361
5039 757 336 789 364
5040 756 338 788 366
5041 757 342 789 370
5042 756 342 788 370
5043 756 344 788 372
5044 756 346 788 374
5045 756 348 788 376
5046 755 350 787 378
5047 755 353 787 381
5048 754 355 786 383
5049 755 357 787 385
5050 752 360 784 388
5051 753 362 785 390
5052 753 364 785 392
5053 752 368 784 396
5054 753 371 785 399
5055 752 370 784 398
5056 752 372 784 400
5057 751 375 783 403
5058 750 377 782 405
5059 750 380 782 408
5060 749 382 781 410
5061 750 385 782 413
5062 749 387 781 415
5063 749 390 781 418
5064 749 390 781 418
5065 750 393 782 421
5066 750 396 782 424
5067 748 399 780 427
5068 748 399 780 427
5069 746 402 778 430
5070 746 405 778 433
5071 746 408 778 436
5072 747 410 779 438
5073 745 414 777 442
5074 744 414 776 442
5075 745 418 777 446
5076 744 421 776 449
5077 744 424 776 452
5078 744 426 776 454
5079 743 429 775 457
5080 743 430 775 458
5081 742 432 774 460
5082 741 434 773 462
5083 741 436 773 464
5084 741 439 773 467
5085 741 439 773 467
5086 740 441 772 469
5087 740 444 772 472
5088 741 448 773 476
5089 740 450 772 478
5090 740 452 772 480
5091 740 454 772 482
5092 739 459 771 487
5093 739 461 771 489
5094 739 464 771 492
5095 739 465 771 493
5096 738 464 770 492
5097 738 470 770 498
5098 737 472 769 500
5099 738 472 770 500
5100 737 475 769 503
5101 735 478 767 506
5102 736 481 768 509
5103 735 483 767 511
5104 736 484 768 512
5105 735 487 767 515
5106 734 489 766 517
5107 735 492 767 520
5108 735 495 767 523
5109 733 497 765 525
5110 733 500 765 528
5111 734 501 766 529
5112 732 505 764 533
5113 734 507 766 535
5114 732 507 764 535
5115 732 512 764 540
5116 731 513 763 541
5117 731 515 763 543
5118 731 518 763 546
5119 731 521 763 549
5120 731 523 763 551
5121 730 525 762 553
5122 731 527 763 555
5123 730 529 762 557
5124 730 533 762 561
5125 729 536 761 564
5126 730 536 762 564
5127 730 538 762 566
5128 729 540 761 568
5129 729 543 761 571
5130 729 545 761 573
5131 729 547 761 575
5132 729 549 761 577
5133 729 551 761 579
5134 728 554 760 582
5135 727 557 759 585
5136 727 558 759 586
5137 727 559 759 587
5138 727 562 759 590
5139 726 564 758 592
5140 726 567 758 595
5141 725 570 757 598
5142 726 572 758 600
5143 726 573 758 601
5144 726 575 758 603
5145 726 579 758 607
5146 725 580 757 608
5147 724 583 756 611
5148 724 585 756 613
5149 724 588 756 616
5150 723 591 755 619
5151 723 595 755 623
5152 722 593 754 621
5153 722 599 754 627
5154 723 596 755 624
5155 723 602 755 630
5156 723 604 755 632
5157 723 606 755 634
5158 722 609 754 637
5159 721 608 753 636
5160 721 611 753 639
5161 720 615 752 643
5162 720 618 752 646
5163 720 618 752 646
5164 720 621 752 649
5165 718 622 750 650
5166 720 624 752 652
5167 720 629 752 657
5168 717 631 749 659
5169 718 631 750 659
5170 717 634 749 662
5171 716 636 748 664
5172 716 638 748 666
5173 715 640 747 668
5174 717 641 749 669
5175 715 645 747 673
5176 716 647 748 675
5177 714 650 746 678
5178 714 652 746 680
5179 714 654 746 682
5180 713 657 745 685
5181 712 660 744 688
5182 714 660 746 688
5183 712 663 744 691
5184 713 666 745 694
5185 714 667 746 695
5186 712 672 744 700
5187 713 672 745 700
5188 710 674 742 702
5189 711 677 743 705
5190 711 677 743 705
5191 711 680 743 708
5192 710 683 742 711
5193 710 686 742 714
5194 710 688 742 716
5195 709 691 741 719
5196 708 691 740 719
5197 709 691 741 719
5198 708 691 740 719
5199 708 691 740 719
5200 709 691 741 719
5201 709 691 741 719
5202 710 691 742 719
5203 709 691 741 719