original_size = 3840, 2160;
1;0.68;1;251.82,1444.55,343.98,1559.69
2;0.66;1;252.77,1450.97,344.38,1565.39
3;0.61;1;252.29,1455.09,342.88,1568.51
4;0.59;1;252.24,1458.7,343.56,1573.45
5;0.65;1;251.82,1463.96,344.45,1580.78
6;0.69;1;257.01,1468.52,347.31,1582.24
7;0.69;1;259.11,1470.58,350.24,1584.87
8;0.68;1;262.86,1471.92,351.64,1582.69
9;0.69;1;265.03,1472.16,357.04,1586.87
10;0.63;1;268.6,1474.96,359.62,1588.41
11;0.57;1;271.52,1476.92,362.96,1591.13
12;0.61;1;274.81,1480.64,364.23,1593.14
13;0.53;1;276.64,1485.38,366.23,1598.92
14;0.61;1;276.91,1489.03,366.35,1602.91
15;0.48;1;278.28,1493.45,367.28,1606.92
16;0.48;1;277.37,1499.61,365.36,1611.24
17;0.63;1;275.9,1502.1,365.87,1615.36
18;0.55;1;273.73,1500.38,367.43,1618.65
19;0.51;1;271.09,1495.48,373.11,1625.27
20;0.56;1;270.58,1496.0,375.54,1631.06
21;0.6;1;273.46,1499.82,377.67,1634.61
22;0.69;1;274.68,1504.5,378.31,1638.79
23;0.66;1;277.31,1508.5,378.9,1640.44
24;0.67;1;279.0,1514.0,377.1,1640.91
25;0.66;1;280.35,1518.46,375.28,1640.31
26;0.64;1;281.4,1523.39,372.58,1639.27
27;0.57;1;281.65,1525.9,374.36,1643.23
28;0.6;1;281.85,1533.04,373.73,1648.81
29;0.64;1;281.64,1536.55,375.4,1654.93
30;0.64;1;282.88,1539.55,376.54,1657.69
31;0.64;1;283.85,1544.76,377.84,1662.64
32;0.44;1;282.59,1547.45,379.74,1668.57
33;0.63;1;284.47,1548.85,380.33,1667.7
34;0.65;1;288.96,1548.29,384.2,1666.32
35;0.64;1;294.7,1550.84,386.56,1664.53
36;0.64;1;297.42,1551.16,390.49,1665.87
37;0.69;1;299.27,1558.62,389.17,1669.05
38;0.7;1;298.27,1562.7,388.68,1673.31
39;0.66;1;296.58,1565.86,387.93,1676.61
40;0.66;1;296.51,1571.27,387.98,1681.25
41;0.64;1;297.08,1576.58,386.9,1683.11
42;0.67;1;296.35,1579.93,386.99,1686.23
43;0.66;1;294.29,1583.95,389.2,1694.51
44;0.68;1;293.28,1589.1,391.91,1703.57
45;0.59;1;294.73,1596.38,393.62,1710.64
46;0.66;1;297.03,1600.86,394.03,1712.9
47;0.64;1;297.96,1604.6,395.54,1717.59
48;0.61;1;300.83,1604.89,397.34,1716.44
49;0.64;1;302.68,1613.09,393.19,1717.33
50;0.6;1;301.89,1611.12,397.29,1721.57
51;0.43;1;301.23,1608.58,402.09,1726.62
52;0.58;1;301.18,1610.43,403.6,1731.71
53;0.59;1;302.55,1611.82,406.49,1735.85
54;0.62;1;302.51,1618.31,404.45,1740.23
56;0.47;1;300.99,1628.99,402.41,1751.58
59;0.44;1;300.79,1645.4,400.54,1767.15
60;0.62;1;300.51,1653.23,399.58,1774.61
61;0.69;1;302.19,1656.34,401.83,1778.44
62;0.72;1;304.21,1659.68,403.47,1780.81
63;0.73;1;306.89,1664.3,404.29,1782.72
64;0.69;1;308.72,1666.48,405.59,1783.89
65;0.65;1;312.37,1671.38,403.68,1780.98
66;0.41;1;309.93,1674.84,407.32,1791.74
67;0.5;1;310.85,1679.05,409.75,1796.93
69;0.41;1;310.82,1684.69,410.32,1803.11
74;0.47;1;308.33,1699.14,406.78,1815.35
75;0.43;1;304.67,1705.55,403.89,1822.52
76;0.44;1;304.87,1706.79,401.36,1820.77
77;0.57;1;303.76,1709.31,398.58,1822.03
78;0.61;1;301.99,1710.43,396.6,1823.75
79;0.67;1;300.15,1713.01,392.92,1824.86
80;0.63;1;297.65,1716.46,390.7,1829.51
81;0.63;1;297.91,1721.02,389.81,1833.81
82;0.65;1;294.98,1725.71,389.14,1842.74
83;0.69;1;293.26,1729.44,388.55,1848.8
84;0.67;1;293.52,1731.06,388.42,1850.3
85;0.66;1;293.01,1735.13,385.34,1851.06
86;0.66;1;290.43,1734.06,385.38,1853.57
87;0.68;1;286.26,1730.76,385.68,1856.4
88;0.67;1;284.09,1731.48,384.22,1858.12
89;0.59;1;284.22,1734.83,381.65,1858.29
90;0.51;1;284.48,1741.85,379.56,1862.46
94;0.57;1;282.33,1750.0,376.54,1869.25
95;0.49;1;280.25,1753.51,377.79,1876.53
96;0.59;1;279.96,1761.54,371.62,1876.13
97;0.66;1;277.49,1764.8,369.07,1878.64
98;0.66;1;275.04,1768.46,365.7,1880.12
99;0.61;1;273.37,1771.17,365.12,1883.57
100;0.61;1;270.56,1776.87,362.86,1889.02
101;0.5;1;268.05,1781.59,362.72,1895.93
102;0.55;1;263.67,1785.36,359.47,1901.45
103;0.46;1;260.77,1791.51,353.6,1904.9
104;0.59;1;258.3,1796.81,350.14,1909.75
105;0.38;1;256.58,1799.61,349.35,1914.82
106;0.37;1;255.92,1801.35,348.03,1916.72
107;0.56;1;253.48,1797.41,348.37,1917.03
108;0.54;1;252.24,1797.78,347.05,1917.74
109;0.6;1;248.49,1796.02,345.81,1919.79
110;0.63;1;243.23,1791.92,344.76,1921.33
111;0.73;1;239.04,1794.72,340.33,1924.22
112;0.73;1;237.46,1798.47,339.01,1927.54
113;0.71;1;235.26,1801.82,339.56,1933.76
114;0.69;1;231.94,1804.08,340.68,1941.74
115;0.69;1;231.14,1809.86,338.07,1945.34
116;0.67;1;228.36,1814.89,329.7,1944.64
117;0.68;1;227.06,1819.45,326.55,1948.39
118;0.67;1;225.82,1822.77,324.59,1952.09
119;0.61;1;225.01,1826.31,320.58,1952.17
120;0.65;1;225.77,1833.69,315.08,1951.76
121;0.63;1;225.28,1838.57,311.94,1953.31
122;0.56;1;225.98,1843.62,307.4,1951.5
124;0.37;1;225.47,1851.78,306.49,1958.77
126;0.54;1;219.27,1862.71,300.91,1969.75
127;0.52;1;215.13,1870.47,297.36,1977.65
130;0.54;1;212.43,1869.24,301.79,1985.93
131;0.61;1;212.42,1873.71,299.94,1987.51
132;0.67;1;210.45,1875.99,299.39,1991.59
133;0.62;1;208.67,1880.41,297.16,1995.13
135;0.54;1;208.09,1887.16,295.53,2000.6
136;0.6;1;208.66,1890.25,292.73,1998.79
137;0.51;1;206.2,1893.03,290.77,2002.52
144;0.43;1;194.31,1906.54,289.78,2028.43
145;0.58;1;189.67,1915.88,288.42,2040.88
146;0.69;1;185.11,1919.17,288.23,2049.15
147;0.62;1;181.2,1922.48,287.9,2057.06
148;0.54;1;179.75,1927.32,286.88,2062.59
149;0.54;1;182.63,1933.54,283.12,2059.68
150;0.47;1;186.76,1940.54,280.84,2058.69
151;0.53;1;188.05,1946.72,278.06,2058.93
152;0.49;1;189.99,1955.73,275.22,2060.66
153;0.64;1;188.33,1950.62,279.82,2062.55
154;0.63;1;188.45,1950.09,283.54,2065.65
155;0.37;1;183.12,1946.04,287.07,2072.03
157;0.45;1;180.03,1947.17,290.33,2081.41
158;0.44;1;178.85,1951.0,292.18,2089.93
159;0.44;1;176.58,1956.18,290.24,2096.64
163;0.53;1;172.09,1977.81,282.79,2114.84
164;0.59;1;172.26,1991.55,277.57,2121.61
165;0.48;1;174.32,2001.74,276.98,2128.62
166;0.57;1;174.1,2011.08,275.24,2135.83
167;0.59;1;174.45,2017.21,274.49,2140.49
168;0.69;1;171.1,2019.72,271.98,2144.13
169;0.71;1;170.38,2021.7,270.59,2144.95
170;0.64;1;171.16,2023.78,268.78,2143.23
171;0.64;1;173.45,2030.88,267.46,2144.68
172;0.62;1;177.48,2035.16,266.41,2141.93
173;0.54;1;178.12,2041.02,267.36,2148.06
174;0.46;1;178.77,2043.24,269.99,2151.89
178;0.52;1;180.01,2052.18,268.34,2156.46
340;0.37;0;1892.42,20.52,1963.98,79.3
343;0.46;0;1894.57,29.54,1968.75,99.7
344;0.42;0;1894.0,37.45,1968.99,102.66
345;0.41;0;1897.94,43.94,1970.89,111.25
346;0.39;0;1901.2,48.65,1971.71,114.64
347;0.45;0;1901.71,55.98,1972.58,122.34
350;0.56;0;1909.43,72.91,1974.21,138.01
351;0.63;0;1908.5,74.82,1978.17,144.87
352;0.59;2;1907.49,80.39,1976.0,149.3
353;0.69;2;1905.91,83.59,1977.59,155.78
354;0.62;2;1905.79,90.72,1975.31,160.79
355;0.64;2;1905.02,96.25,1974.24,166.17
356;0.57;2;1907.46,104.53,1973.1,170.88
357;0.57;2;1909.52,111.61,1973.91,176.73
358;0.58;2;1912.83,119.16,1973.29,180.17
359;0.56;2;1912.16,123.03,1974.59,185.94
360;0.59;2;1912.49,129.59,1975.67,192.93
361;0.6;2;1911.89,134.21,1978.5,200.81
362;0.63;2;1912.45,140.92,1978.88,207.26
363;0.57;2;1912.11,145.67,1982.33,215.82
364;0.4;2;1912.74,150.53,1983.5,220.81
365;0.63;2;1911.19,151.4,1988.92,228.86
366;0.59;2;1912.71,155.56,1990.81,233.55
367;0.65;2;1913.46,160.47,1992.8,240.06
368;0.61;2;1915.13,166.39,1992.54,243.89
369;0.64;2;1916.88,172.5,1993.2,248.92
370;0.46;2;1918.76,179.65,1993.89,254.73
371;0.37;2;1922.46,187.36,1993.51,257.51
373;0.44;2;1923.94,198.58,1992.47,265.65
374;0.44;2;1924.2,206.92,1993.44,274.71
375;0.49;2;1927.93,216.52,1992.69,279.73
383;0.4;0;1941.06,259.61,2009.22,326.22
384;0.45;0;1941.91,263.12,2010.0,333.43
385;0.35;0;1941.27,272.46,2012.12,340.79
391;0.64;0;1956.65,311.64,2022.93,368.6
392;0.49;0;1958.19,317.11,2024.28,376.06
393;0.54;0;1957.33,323.76,2025.35,379.89
394;0.53;0;1959.66,328.55,2027.42,389.02
395;0.56;0;1958.51,334.03,2035.91,398.4
396;0.38;0;1959.44,341.93,2035.88,404.54
397;0.4;0;1961.08,350.72,2036.03,415.25
398;0.6;0;1963.5,356.73,2037.48,421.54
399;0.36;0;1965.73,361.66,2042.38,429.07
404;0.45;0;1983.49,400.14,2052.66,461.2
405;0.36;0;1986.02,408.88,2051.34,467.94
411;0.42;0;1997.73,456.31,2069.35,517.33
412;0.39;0;2000.98,466.37,2069.48,523.07
414;0.54;0;2002.86,477.6,2071.87,534.62
415;0.6;0;2006.15,483.02,2070.15,544.49
416;0.49;0;2007.95,490.82,2071.95,550.34
417;0.45;0;2007.84,501.3,2074.97,559.19
420;0.36;0;2013.24,521.75,2083.97,583.82
421;0.5;0;2020.08,530.18,2085.2,593.16
423;0.42;0;2027.97,549.59,2087.87,607.44
424;0.56;0;2030.73,558.74,2087.95,617.83
426;0.36;0;2030.02,572.5,2093.67,636.19
427;0.4;0;2030.39,578.64,2096.47,644.96
428;0.36;0;2032.31,584.86,2098.03,652.3
429;0.6;0;2034.13,593.43,2101.28,661.75
430;0.5;0;2038.13,600.3,2100.39,663.01
434;0.62;0;2043.47,635.96,2107.38,695.44
435;0.68;4;2044.6,642.09,2109.35,702.35
436;0.63;4;2042.34,645.95,2112.47,711.27
437;0.7;4;2042.66,653.84,2113.34,719.7
438;0.73;4;2045.77,662.63,2115.73,727.95
439;0.76;4;2045.27,668.36,2119.68,738.24
440;0.68;4;2046.32,676.97,2120.72,747.28
441;0.72;4;2049.78,687.58,2122.33,756.5
442;0.78;4;2049.78,692.93,2127.55,767.25
443;0.7;4;2052.24,701.64,2129.49,775.58
444;0.69;4;2053.74,711.11,2131.93,786.37
445;0.64;4;2053.56,716.86,2135.91,797.11
446;0.69;4;2055.74,726.11,2136.08,804.88
447;0.67;4;2057.47,735.94,2135.77,813.02
448;0.56;4;2060.84,745.36,2137.08,820.8
449;0.51;4;2063.56,753.8,2137.67,827.41
450;0.54;4;2067.71,764.06,2138.07,833.83
451;0.36;4;2070.79,773.72,2137.59,839.04
452;0.41;4;2073.47,783.0,2138.63,846.47
456;0.4;0;2078.98,817.58,2143.16,871.57
459;0.59;0;2084.9,838.83,2152.71,895.28
460;0.55;0;2085.41,844.53,2153.62,904.12
461;0.44;0;2086.61,850.83,2157.71,915.78
462;0.6;0;2087.05,859.74,2157.9,921.18
462;0.42;0;269.11,66.78,334.84,127.56
463;0.64;0;2092.1,866.46,2159.05,932.98
464;0.51;5;2093.66,873.56,2157.4,936.85
465;0.61;5;2093.65,883.05,2155.31,944.13
466;0.58;5;2089.58,890.52,2158.48,958.7
467;0.43;5;2093.8,901.26,2159.26,965.72
468;0.61;5;2096.59,908.84,2159.54,970.25
469;0.59;5;2097.96,917.66,2161.84,979.35
470;0.62;5;2101.38,926.37,2164.04,986.68
471;0.5;5;2104.25,933.57,2166.69,993.39
473;0.46;0;1109.52,98.99,1213.11,182.29
475;0.61;5;2112.84,965.2,2175.89,1025.39
476;0.38;5;2113.78,974.33,2178.47,1035.94
477;0.5;5;2115.89,984.12,2178.72,1043.57
478;0.5;5;2116.98,991.69,2180.55,1051.87
483;0.44;0;1862.83,79.55,1954.79,164.98
484;0.5;0;1116.5,168.92,1210.74,249.91
485;0.5;0;1117.67,173.74,1214.12,253.39
488;0.48;0;2124.2,1049.25,2207.01,1139.57
489;0.54;0;2127.34,1059.59,2207.0,1141.81
489;0.39;0;1115.2,192.06,1217.49,279.92
489;0.36;0;292.42,215.62,359.68,267.77
491;0.55;0;2128.22,1076.67,2212.53,1158.88
492;0.54;0;2130.4,1086.27,2213.68,1166.2
493;0.5;0;2135.7,1097.79,2211.55,1166.36
494;0.43;0;2139.28,1106.28,2210.12,1176.33
494;0.42;0;1128.86,220.41,1217.75,306.96
496;0.44;0;1125.95,234.31,1220.04,319.99
496;0.41;0;278.89,232.14,369.44,314.11
496;0.37;0;2144.74,1124.93,2208.1,1185.52
497;0.64;0;278.28,237.28,368.95,326.36
497;0.44;0;1130.73,242.94,1217.37,323.42
498;0.55;0;2147.78,1139.36,2211.42,1204.65
498;0.47;0;282.85,249.79,369.87,328.97
499;0.6;0;2147.77,1146.35,2214.17,1208.26
499;0.39;0;287.82,254.83,367.83,327.69
500;0.48;0;2148.9,1155.72,2213.85,1219.78
500;0.48;0;289.2,263.16,361.63,331.83
501;0.36;0;2154.68,1169.82,2216.57,1224.46
502;0.43;0;2155.73,1178.62,2217.93,1231.84
509;0.37;0;2172.26,1242.86,2227.44,1291.0
510;0.37;0;2171.97,1247.89,2227.91,1300.2
514;0.38;0;2175.09,1282.24,2228.68,1337.35
515;0.48;0;1126.84,326.3,1231.15,425.79
516;0.61;0;1128.61,332.14,1234.71,427.01
517;0.54;8;1129.49,336.1,1236.62,431.9
518;0.45;8;1127.86,338.63,1239.4,438.53
528;0.36;0;1135.91,405.97,1233.84,490.07
530;0.51;0;2189.63,1400.26,2256.91,1467.67
533;0.38;0;1132.03,430.95,1237.87,520.51
535;0.36;0;2195.42,1443.48,2258.1,1503.06
538;0.42;0;1141.79,462.1,1238.02,541.52
539;0.37;0;293.5,451.47,372.97,530.87
540;0.67;0;2201.61,1484.06,2265.26,1541.06
540;0.38;0;292.51,458.43,372.24,537.85
541;0.6;9;2202.65,1488.74,2268.25,1547.48
543;0.38;9;2204.65,1503.35,2268.5,1560.49
544;0.49;0;1141.88,498.06,1235.99,577.07
545;0.42;0;1142.09,506.89,1233.97,582.61
548;0.43;0;2213.5,1551.09,2267.63,1606.36
549;0.62;0;2215.54,1561.04,2269.94,1614.81
550;0.37;0;1142.6,534.83,1241.2,616.24
563;0.4;0;309.92,596.4,375.12,659.06
567;0.36;0;310.64,628.11,372.16,684.43
571;0.65;0;1158.17,648.42,1253.19,738.69
573;0.44;0;1156.1,665.76,1246.95,752.11
574;0.35;0;1158.71,676.6,1249.45,758.93
575;0.38;0;310.63,660.38,379.65,725.74
580;0.43;0;1156.81,718.81,1253.71,800.7
595;0.41;0;1161.18,809.12,1255.35,892.02
599;0.49;0;1159.97,838.65,1259.89,924.16
607;0.48;0;1161.46,889.93,1259.98,976.82
608;0.44;0;1161.32,899.31,1259.01,981.6
618;0.53;0;1163.41,964.63,1253.82,1048.78
631;0.4;0;309.59,1003.16,380.46,1072.29
641;0.38;0;1156.48,1109.78,1248.92,1194.02
643;0.54;0;1156.16,1124.82,1253.83,1205.17
643;0.36;0;309.62,1083.94,374.21,1140.15
644;0.56;0;1155.83,1126.93,1253.65,1214.55
645;0.4;0;1155.5,1131.5,1260.8,1220.99
648;0.4;0;300.36,1098.31,379.68,1181.83
652;0.44;0;1154.67,1181.84,1255.79,1264.32
653;0.41;0;1149.05,1190.23,1251.57,1271.85
654;0.64;0;1152.88,1196.12,1250.44,1279.56
657;0.43;0;1151.04,1219.55,1257.13,1299.84
659;0.47;0;1154.37,1223.25,1257.9,1311.66
666;0.36;0;1154.83,1282.43,1248.36,1360.56
668;0.46;0;1430.16,1889.9,1481.47,1936.82
670;0.47;0;1425.95,1905.66,1487.78,1952.19
673;0.4;0;300.53,1266.16,364.1,1324.51
677;0.39;0;1151.58,1351.23,1244.11,1425.22
685;0.53;0;1142.57,1397.12,1243.57,1488.7
716;0.51;0;1124.73,1585.8,1230.1,1676.52
719;0.51;0;1133.07,1612.3,1229.08,1690.9
721;0.47;0;1129.67,1630.82,1220.0,1710.44
722;0.5;0;1126.13,1639.15,1219.7,1719.53
723;0.45;0;1129.96,1641.77,1223.38,1725.49
724;0.47;0;1128.57,1653.94,1223.56,1736.45
761;0.57;0;1120.79,1896.55,1212.77,1983.05
762;0.5;0;1120.04,1907.71,1212.64,1987.48
764;0.46;0;1122.74,1927.59,1210.76,2003.27
774;0.56;0;277.62,1888.35,348.67,1951.17
777;0.45;0;280.38,1911.42,354.24,1977.55
795;0.36;0;268.34,2036.64,336.57,2100.51
796;0.36;0;266.28,2044.57,333.71,2108.15
903;0.62;0;3280.32,345.5,3416.97,450.73
964;0.37;0;1151.79,1040.07,1301.28,1167.45
1143;0.4;0;3540.0,1034.89,3708.64,1159.05
1144;0.35;0;3544.3,1057.76,3708.46,1174.74
1205;0.38;0;2158.07,1388.63,2305.26,1484.08
1225;0.5;0;2897.27,638.4,3029.58,730.58
1236;0.48;0;2860.55,1933.99,2958.54,2025.79
1242;0.57;0;2511.26,860.99,2609.69,955.58
1266;0.44;0;2734.36,448.22,2836.63,544.91
1267;0.63;0;2731.72,458.24,2829.52,548.24
1279;0.45;0;3608.03,980.28,3773.91,1127.93
1295;0.43;0;2536.99,134.11,2584.12,184.21
1312;0.35;0;0.34,106.89,72.35,194.27
1315;0.36;0;0.02,121.84,62.11,205.93
1323;0.45;0;2535.82,331.53,2585.88,377.11
1324;0.39;0;2535.14,335.77,2586.78,384.89
1325;0.4;0;2533.0,346.47,2588.68,395.97
1326;0.4;0;2531.52,352.32,2589.75,403.33
1327;0.51;0;2530.58,360.13,2589.39,412.49
1338;0.37;0;0.0,225.83,68.53,320.55
1345;0.38;0;2459.05,1815.93,2569.01,1907.44
1355;0.37;0;2524.82,553.26,2573.39,604.46
1368;0.5;0;2514.75,637.35,2573.92,690.0
1369;0.58;0;2511.66,644.79,2575.13,700.45
1370;0.46;0;2512.26,650.7,2571.76,706.31
1380;0.54;0;2508.0,714.09,2565.61,768.74
1381;0.51;0;2507.21,723.45,2563.26,775.69
1382;0.35;0;2510.39,730.82,2562.77,780.94
1419;0.54;0;2501.8,960.87,2560.31,1013.52
1420;0.37;0;2500.46,965.43,2558.21,1018.68
1424;0.43;0;2498.15,995.76,2548.66,1037.93
1443;0.39;0;2484.09,1099.92,2550.86,1156.45
1445;0.54;0;2487.9,1112.85,2549.45,1172.09
1446;0.55;0;2489.06,1120.61,2550.09,1179.1
1447;0.57;0;2489.97,1129.19,2548.1,1184.08
1450;0.58;0;2491.48,1151.49,2543.05,1205.55
1451;0.65;0;2491.37,1158.99,2541.65,1213.7
1452;0.39;0;2492.41,1166.54,2538.17,1208.46
1458;0.47;0;2483.51,1207.57,2533.4,1248.13
1459;0.46;0;2477.68,1205.88,2532.54,1255.52
1460;0.36;0;2476.15,1207.69,2535.0,1265.05
1461;0.5;0;2471.46,1212.13,2541.35,1269.94
1462;0.46;0;2471.34,1219.0,2545.38,1278.28
1463;0.64;0;2467.71,1221.99,2543.99,1286.83
1464;0.55;16;2469.06,1229.09,2542.92,1291.88
1465;0.67;16;2469.75,1234.24,2544.39,1297.79
1466;0.64;16;2471.34,1243.4,2544.88,1306.05
1467;0.47;16;2471.51,1252.1,2544.33,1314.35
1471;0.47;0;2479.27,1282.77,2530.25,1326.56
1474;0.39;0;2481.47,1304.77,2526.81,1346.11
1475;0.62;0;0.43,818.61,94.8,933.93
1477;0.46;0;2476.12,1315.69,2524.98,1363.32
1478;0.53;0;2471.93,1321.37,2528.22,1374.92
1479;0.47;0;2468.63,1327.31,2527.95,1382.59
1480;0.43;0;2467.17,1333.86,2528.11,1389.6
1481;0.6;0;2468.34,1339.85,2528.24,1398.52
1482;0.55;18;2468.19,1345.64,2527.01,1403.24
1483;0.42;18;2469.06,1353.67,2525.77,1409.22
1484;0.39;18;2469.72,1361.57,2524.21,1414.87
1485;0.51;18;2469.78,1368.71,2523.74,1421.26
1486;0.56;18;2470.34,1375.03,2521.83,1425.03
1487;0.37;18;2469.35,1381.05,2518.94,1429.16
1494;0.52;0;2464.7,1421.08,2515.84,1475.05
1497;0.42;0;2460.69,1441.41,2512.56,1492.52
1498;0.42;0;2457.58,1444.2,2514.6,1499.81
1499;0.38;0;2457.91,1451.45,2518.01,1506.4
1500;0.43;0;2454.49,1458.01,2513.41,1508.13
1501;0.54;0;2453.68,1462.2,2514.34,1515.66
1502;0.55;0;2450.08,1464.8,2512.93,1521.96
1504;0.5;0;2453.5,1485.33,2506.57,1531.92
1505;0.68;0;2451.39,1488.98,2510.97,1541.21
1506;0.47;0;2448.66,1496.59,2513.58,1548.69
1507;0.55;0;2447.32,1497.46,2517.46,1554.0
1508;0.75;0;2444.5,1501.33,2518.13,1565.13
1509;0.75;20;2445.3,1508.51,2514.8,1568.69
1510;0.38;20;2441.66,1512.5,2513.81,1574.99
1511;0.55;20;2443.43,1522.41,2509.41,1579.61
1512;0.44;20;2449.52,1533.85,2504.9,1581.92
1513;0.52;20;2449.85,1542.47,2503.64,1589.33
1516;0.43;0;2445.83,1564.1,2494.19,1611.3
1519;0.53;0;2444.79,1585.34,2487.87,1626.4
1520;0.49;0;2445.15,1592.74,2486.49,1633.61
1521;0.4;0;2441.98,1598.38,2485.71,1638.51
1526;0.55;0;2425.64,1617.34,2493.19,1677.91
1527;0.66;0;2425.36,1627.8,2491.8,1686.67
1528;0.64;21;2423.92,1633.08,2488.56,1690.34
1529;0.69;21;2419.15,1639.31,2487.07,1699.6
1530;0.52;21;2415.65,1645.57,2480.75,1703.35
1531;0.5;21;2414.71,1651.26,2478.82,1708.24
1532;0.65;21;2410.03,1656.63,2479.38,1718.54
1533;0.53;21;2407.59,1662.68,2480.03,1727.59
1537;0.53;21;2411.24,1682.35,2475.87,1740.85
1538;0.36;21;2414.96,1696.17,2470.58,1746.91
1548;0.55;0;2394.22,1758.56,2456.55,1813.29
1549;0.52;0;2391.68,1763.47,2456.75,1819.41
1550;0.56;0;2391.46,1769.3,2455.46,1826.81
1551;0.63;0;2388.77,1775.76,2455.04,1834.18
1552;0.54;22;2388.01,1782.73,2454.88,1841.75
1553;0.57;22;2388.7,1789.12,2451.23,1844.34
1554;0.57;22;2389.09,1799.03,2449.36,1852.33
1555;0.52;22;2388.68,1805.22,2448.28,1858.1
1557;0.42;22;2390.39,1819.02,2443.07,1866.04
1566;0.49;0;2370.42,1873.34,2431.79,1929.11
1567;0.45;0;2371.24,1881.72,2428.48,1935.45
1569;0.35;0;2366.26,1894.86,2431.04,1951.28
1570;0.49;0;2364.01,1902.81,2426.09,1960.33
1578;0.45;0;2361.96,1946.83,2417.59,2000.3
1580;0.54;0;2438.59,49.16,2510.47,134.23
1580;0.48;0;2354.09,1958.42,2414.21,2014.47
1581;0.67;0;2352.34,1966.45,2411.41,2023.01
1581;0.52;0;2436.46,56.55,2510.46,136.77
1582;0.51;0;2433.99,63.78,2509.22,143.11
1583;0.53;0;2433.6,69.11,2507.51,151.86
1583;0.35;0;2350.76,1980.49,2405.46,2035.46
1584;0.6;0;2432.22,77.93,2503.68,155.07
1585;0.61;0;2430.21,87.08,2498.81,161.29
1586;0.64;24;2427.29,91.31,2497.96,167.78
1587;0.46;24;2428.32,100.08,2495.2,172.37
1588;0.41;24;2427.41,108.94,2492.69,179.44
1589;0.47;24;2426.93,118.66,2490.25,186.97
1590;0.4;24;2427.98,126.25,2488.36,191.35
1591;0.36;24;2427.08,133.3,2488.08,199.08
1592;0.46;0;2336.9,2043.52,2387.5,2092.46
1599;0.36;0;2415.03,181.3,2485.95,253.17
1602;0.37;0;2409.21,192.48,2483.63,278.41
1603;0.39;0;2406.56,200.43,2480.67,280.93
1604;0.49;0;2404.24,204.73,2478.63,289.55
1605;0.44;0;2402.08,212.97,2476.35,296.09
1606;0.5;0;2398.13,223.21,2471.67,299.95
1608;0.43;0;2396.87,240.07,2469.0,318.17
1620;0.41;0;2392.98,310.13,2461.77,391.53
1621;0.47;0;2389.66,316.32,2458.46,395.28
1622;0.42;0;2390.19,320.56,2459.73,402.6
1624;0.43;0;2388.96,341.68,2457.81,418.81
1625;0.45;0;2385.65,347.31,2458.44,429.3
1626;0.61;0;2385.24,356.6,2455.59,432.49
1627;0.45;0;2385.16,364.63,2454.07,436.29
1628;0.44;0;2385.39,373.21,2451.29,443.43
1641;0.44;0;774.41,1063.23,863.02,1157.82
1642;0.45;0;771.93,1066.63,863.14,1165.85
1645;0.38;0;2371.77,473.84,2441.51,548.09
1646;0.5;0;2372.14,480.96,2437.35,554.99
1647;0.43;0;2367.15,487.44,2436.4,565.62
1649;0.4;0;2364.81,500.19,2435.42,586.27
1651;0.36;0;2365.76,510.13,2428.09,589.0
1652;0.42;0;2362.34,516.52,2429.32,599.54
1653;0.46;0;2364.96,524.35,2428.35,598.2
1663;0.38;0;2352.65,594.67,2416.73,657.93
1664;0.39;0;2352.24,599.01,2415.8,664.79
1665;0.48;0;2351.01,601.38,2415.3,671.31
1666;0.51;0;2346.3,602.99,2416.82,685.21
1667;0.39;0;2347.68,604.76,2421.61,691.11
1668;0.4;0;714.41,95.08,789.34,154.06
1671;0.36;0;829.89,788.78,901.27,854.27
1671;0.36;0;712.97,118.6,778.63,174.92
1672;0.42;0;708.86,122.58,776.98,185.76
1673;0.43;0;709.18,125.4,777.0,190.9
1674;0.37;0;708.53,131.79,773.42,193.32
1675;0.37;0;709.42,137.77,768.55,198.47
1680;0.46;0;703.05,161.66,775.27,234.71
1681;0.51;0;697.82,168.69,774.88,241.0
1682;0.47;0;695.7,174.23,774.36,245.65
1683;0.39;0;698.25,182.85,770.34,247.7
1684;0.38;0;2325.15,714.97,2393.67,792.24
1699;0.42;0;2300.98,800.32,2386.38,887.37
1700;0.37;0;2299.67,806.9,2380.75,897.98
1701;0.37;0;2297.87,814.33,2377.41,902.78
1703;0.42;0;708.44,1442.88,781.45,1529.11
1716;0.43;0;1037.71,0.0,1218.62,84.98
1732;0.43;0;639.32,476.96,700.73,533.07
1733;0.43;0;634.6,481.73,700.21,541.56
1734;0.35;0;634.74,491.25,696.69,546.36
1735;0.49;0;2263.47,1016.33,2338.3,1098.15
1738;0.55;0;912.73,1.74,1207.93,221.82
1739;0.52;0;919.4,2.67,1238.85,227.33
1741;0.39;0;911.42,3.48,1262.85,239.07
1742;0.39;0;911.2,9.23,1232.5,252.76
1745;0.38;0;643.84,1693.66,726.7,1787.93
1748;0.49;0;894.36,6.14,1214.88,285.85
1752;0.54;0;808.88,1.31,1290.24,321.21
1753;0.36;0;810.02,1.7,1298.04,324.23
1757;0.4;0;585.5,626.25,663.97,703.12
1758;0.52;0;585.77,639.6,659.22,705.86
1758;0.46;0;2223.75,1147.02,2299.63,1238.8
1759;0.54;0;582.92,643.02,656.46,715.75
1759;0.52;0;2223.17,1151.57,2300.63,1243.47
1759;0.41;0;801.24,0.0,1268.33,363.76
1760;0.63;0;2221.63,1155.79,2299.54,1248.37
1760;0.43;0;815.21,0.0,1273.88,371.07
1760;0.36;0;855.96,70.57,1190.5,364.49
1761;0.6;0;812.82,0.0,1272.13,377.08
1761;0.46;0;2218.85,1167.11,2297.77,1259.11
1762;0.49;0;2220.44,1174.36,2295.53,1261.39
1762;0.47;0;813.48,1.41,1280.83,381.61
1763;0.38;0;579.87,669.74,652.14,736.83
1763;0.38;0;807.37,2.1,1288.69,394.09
1763;0.36;0;2214.95,1182.39,2292.77,1264.85
1766;0.44;0;2214.94,1202.12,2291.75,1289.28
1767;0.36;0;2214.75,1209.0,2292.05,1297.15
1768;0.43;0;612.63,1842.12,702.79,1937.55
1769;0.64;0;610.46,1852.12,700.21,1946.63
1769;0.53;0;573.97,718.22,642.17,775.55
1769;0.36;0;2216.91,1217.53,2290.17,1306.77
1770;0.48;0;611.48,1858.82,701.26,1957.03
1770;0.48;0;2214.41,1218.38,2290.83,1312.42
1771;0.42;0;2213.38,1226.05,2289.64,1321.02
1772;0.49;0;806.11,12.62,1263.77,449.5
1774;0.58;0;776.57,68.67,1228.84,456.82
1775;0.51;0;1025.91,1.44,1310.46,247.83
1775;0.51;0;560.87,763.68,629.88,821.74
1775;0.5;0;764.1,80.99,1211.85,470.49
1776;0.5;0;1026.84,4.83,1303.22,248.55
1776;0.48;0;679.93,23.59,765.92,99.51
1776;0.47;0;557.9,768.57,630.29,828.76
1777;0.4;0;553.54,771.52,625.75,838.94
1787;0.45;0;2197.28,1321.3,2268.21,1412.33
1789;0.39;0;2197.81,1336.23,2266.41,1427.63
1790;0.47;0;653.61,116.43,745.98,200.29
1790;0.47;0;2197.76,1341.81,2267.25,1433.19
1791;0.55;0;651.61,121.35,743.55,206.64
1791;0.46;0;2193.59,1349.13,2265.6,1438.7
1792;0.47;0;649.23,127.02,740.74,211.52
1792;0.4;0;2195.67,1351.15,2264.56,1444.75
1800;0.53;0;2192.15,1392.87,2268.55,1484.1
1801;0.48;0;2190.12,1401.45,2268.65,1499.42
1802;0.58;0;2189.12,1408.18,2268.65,1504.32
1803;0.6;0;2189.26,1414.47,2267.65,1507.35
1804;0.56;0;2186.2,1421.69,2267.28,1519.2
1806;0.41;0;630.63,224.44,716.86,299.85
1808;0.36;0;2186.75,1446.2,2261.71,1539.53
1814;0.4;0;604.67,266.83,704.75,356.04
1817;0.38;0;506.88,1050.14,581.49,1110.48
1818;0.39;0;2178.76,1512.07,2246.92,1600.75
1819;0.36;0;2177.06,1519.88,2246.49,1602.24
1822;0.46;0;2174.47,1530.45,2246.04,1623.71
1823;0.45;0;1.18,25.98,111.61,144.87
1824;0.36;0;4.64,36.47,107.36,156.58
1825;0.44;0;1.17,48.75,105.74,162.61
1828;0.54;0;2167.13,1560.24,2245.62,1656.21
1829;0.5;0;0.41,69.66,87.49,181.19
1831;0.53;0;2166.77,1580.14,2244.95,1674.41
1832;0.47;0;2166.24,1584.24,2243.6,1675.65
1834;0.35;0;2160.94,1599.53,2247.94,1697.82
1835;0.49;0;2158.62,1599.23,2248.04,1702.31
1836;0.57;0;2162.77,1603.31,2244.91,1704.93
1837;0.52;0;2159.6,1609.98,2243.53,1715.08
1838;0.42;0;2167.57,1619.07,2243.51,1719.19
1839;0.37;0;489.58,1194.56,558.1,1255.55
1839;0.36;0;2167.06,1626.45,2241.64,1723.24
1840;0.5;0;2165.98,1627.19,2242.38,1728.37
1841;0.58;0;570.13,449.85,660.45,533.96
1841;0.43;0;2164.29,1632.12,2240.33,1736.22
1842;0.55;0;570.12,460.86,656.96,540.37
1843;0.65;0;565.45,467.94,658.16,544.88
1843;0.41;0;2161.32,1645.71,2237.56,1746.35
1844;0.48;0;563.58,474.23,656.38,554.24
1844;0.36;0;2162.41,1657.07,2234.9,1748.63
1850;0.49;0;2156.27,1699.37,2224.66,1787.96
1850;0.37;0;555.43,514.63,646.08,590.6
1851;0.51;0;550.57,522.61,644.98,596.27
1851;0.47;0;2156.91,1704.79,2226.22,1791.33
1852;0.48;0;549.29,529.15,640.29,605.87
1855;0.42;0;542.87,553.36,639.4,629.01
1855;0.4;0;2148.47,1719.47,2226.67,1820.31
1856;0.53;0;2154.04,1720.0,2231.08,1821.91
1856;0.51;0;540.01,558.25,635.59,636.21
1857;0.61;0;538.0,565.0,634.49,643.28
1857;0.54;0;2152.83,1727.37,2231.06,1830.02
1858;0.51;31;535.66,567.99,638.01,651.09
1859;0.57;0;2150.8,1740.63,2232.56,1841.34
1860;0.62;0;2149.92,1744.23,2231.22,1844.47
1860;0.44;0;535.47,584.45,627.71,664.62
1861;0.63;32;2150.44,1752.98,2225.44,1845.41
1862;0.44;32;2150.26,1759.94,2227.76,1855.46
1862;0.6;31;533.22,597.13,632.94,678.35
1863;0.54;32;2148.55,1768.4,2225.53,1863.26
1863;0.57;31;534.1,606.72,630.1,684.82
1864;0.4;32;2147.56,1776.41,2221.53,1867.41
1865;0.53;32;2144.6,1777.54,2223.7,1875.03
1866;0.49;32;2140.27,1783.23,2223.27,1885.55
1867;0.46;32;2139.37,1790.64,2221.8,1892.0
1868;0.48;32;2139.74,1799.06,2219.8,1897.1
1869;0.37;32;2138.26,1803.2,2221.46,1905.3
1870;0.41;32;2139.5,1807.77,2223.05,1910.61
1871;0.42;32;2140.59,1809.86,2225.63,1915.44
1872;0.58;32;2141.22,1812.15,2226.07,1918.55
1873;0.61;32;2145.19,1816.89,2226.88,1919.63
1874;0.62;32;2148.5,1820.25,2229.6,1922.31
1875;0.64;32;2147.64,1826.23,2230.63,1931.23
1876;0.63;32;2148.04,1835.88,2227.94,1937.02
1877;0.63;32;2146.42,1841.95,2224.58,1941.16
1878;0.55;32;2143.79,1850.01,2221.3,1948.47
1879;0.41;32;2144.05,1859.49,2221.14,1957.43
1880;0.57;32;2144.55,1868.58,2219.71,1963.72
1881;0.5;32;2144.04,1873.78,2219.63,1969.61
1884;0.5;32;2144.61,1891.91,2217.01,1983.23
1885;0.37;0;489.33,776.62,595.02,861.57
1886;0.38;0;2142.42,1913.77,2215.89,2007.5
1887;0.43;0;2143.31,1914.1,2219.4,2010.23
1887;0.36;0;485.53,792.96,585.88,874.53
1888;0.57;32;2143.23,1919.89,2218.47,2014.11
1889;0.54;32;2140.3,1924.23,2220.15,2024.33
1890;0.52;32;2138.29,1927.33,2222.22,2032.01
1891;0.64;32;2139.41,1935.29,2221.14,2037.01
1892;0.61;32;2138.56,1941.23,2219.64,2042.32
1893;0.62;32;2137.14,1949.18,2217.84,2049.75
1894;0.47;32;2135.73,1952.72,2220.43,2058.41
1895;0.53;32;2134.58,1962.42,2217.94,2065.97
1899;0.47;0;463.29,888.14,551.24,967.7
1902;0.49;0;138.2,302.06,234.05,385.23
1910;0.49;0;445.13,981.13,539.68,1053.94
1911;0.53;0;445.03,988.55,533.98,1063.9
1911;0.48;0;1161.07,2.72,1243.07,82.05
1912;0.51;0;1156.0,2.19,1247.01,90.89
1912;0.48;0;444.54,996.91,531.71,1073.81
1914;0.39;0;438.13,1010.65,528.35,1087.16
1918;0.56;0;1147.25,29.17,1229.06,121.79
1919;0.37;0;389.74,1807.78,476.36,1885.89
1921;0.54;0;423.58,1062.3,515.44,1143.04
1921;0.53;0;1145.56,53.96,1219.42,139.73
1922;0.51;0;380.78,1837.71,469.39,1916.71
1923;0.42;0;1138.36,69.59,1214.21,157.37
1923;0.41;0;419.79,1078.85,510.96,1157.23
1924;0.38;0;415.13,1086.64,510.1,1167.39
1925;0.42;0;414.89,1094.15,510.54,1171.59
1926;0.57;0;413.71,1106.1,505.12,1184.13
1927;0.41;0;404.54,1113.53,510.58,1191.96
1928;0.41;0;410.36,1122.06,506.4,1201.62
1928;0.4;0;1115.92,106.3,1200.71,194.75
1929;0.47;0;408.78,1134.36,504.62,1206.86
1929;0.46;0;1110.2,113.64,1196.33,203.82
1930;0.45;0;1107.71,120.41,1192.42,209.23
1930;0.37;0;401.49,1140.77,500.84,1217.97
1931;0.42;0;1103.93,127.03,1185.03,213.51
1934;0.6;0;1446.1,1712.91,1624.56,1903.94
1943;0.57;0;1068.01,216.71,1149.49,306.88
1943;0.4;0;372.88,1246.44,469.46,1325.59
1945;0.5;0;371.2,1267.28,464.34,1347.21
1945;0.38;0;348.82,2036.68,428.72,2106.98
1946;0.45;0;874.54,29.29,950.75,103.48
1946;0.39;0;347.66,2049.2,427.56,2117.08
1946;0.37;0;366.35,1279.05,459.24,1351.08
1947;0.37;0;870.69,33.65,949.35,111.09
1950;0.56;0;1036.98,267.27,1125.74,362.1
1951;0.49;0;466.75,1348.56,928.72,1736.74
1952;0.48;0;1036.99,287.22,1120.74,379.91
1953;0.49;0;1038.31,298.32,1121.47,388.58
1954;0.58;0;490.3,1381.7,933.03,1758.78
1954;0.39;0;1037.13,304.68,1121.43,395.42
1954;0.35;0;560.26,1412.95,901.12,1751.98
1956;0.36;0;1029.34,321.4,1114.46,405.76
1957;0.58;0;1026.13,328.49,1110.99,418.47
1958;0.36;0;341.78,1378.73,433.74,1455.47
1959;0.56;0;341.07,1386.38,441.55,1466.54
1960;0.69;0;339.47,1394.76,440.05,1480.72
1961;0.63;33;337.98,1403.35,437.37,1488.24
1962;0.64;33;337.73,1409.05,436.19,1493.09
1963;0.7;33;335.87,1419.25,432.88,1501.87
1964;0.68;33;330.54,1424.99,430.3,1509.94
1965;0.52;33;324.9,1434.1,424.78,1519.09
1966;0.55;33;317.73,1440.1,414.15,1521.6
1967;0.58;33;312.7,1448.45,407.31,1527.85
1968;0.69;33;308.18,1456.68,404.49,1536.85
1969;0.71;33;305.61,1465.44,401.15,1544.34
1970;0.68;33;304.32,1473.77,400.66,1552.84
1971;0.5;33;302.03,1482.24,398.08,1560.84
1973;0.39;0;418.96,1524.64,892.38,1914.5
1976;0.41;0;959.01,465.22,1043.74,566.78
1977;0.51;0;956.12,476.02,1038.21,573.91
1978;0.51;0;413.66,1558.65,897.63,1950.74
1979;0.35;0;295.68,1555.68,374.04,1631.13
1981;0.38;0;285.94,1571.07,377.91,1642.46
1982;0.45;0;287.17,1580.42,378.53,1653.08
1983;0.37;0;275.17,1585.28,371.04,1658.08
1984;0.61;33;276.53,1590.53,370.63,1667.54
1985;0.61;33;274.23,1601.62,370.78,1680.58
1986;0.56;33;271.16,1607.56,366.66,1685.2
1993;0.36;0;904.47,593.19,986.77,677.21
1994;0.36;0;901.59,599.15,985.97,688.98
2000;0.48;0;879.54,650.69,966.02,737.18
2002;0.39;0;241.42,1732.67,333.45,1805.98
2004;0.63;0;229.01,1746.84,329.9,1828.17
2005;0.56;34;226.61,1751.41,326.8,1832.17
2013;0.43;0;840.39,735.26,922.63,830.04
2024;0.36;0;450.45,1797.54,840.97,2096.19
2027;0.5;0;811.11,825.68,889.08,918.68
2028;0.66;0;807.85,832.27,889.46,928.18
2029;0.58;35;806.22,837.0,886.22,931.02
2030;0.35;35;802.43,842.98,882.67,937.33
2031;0.65;36;174.89,1932.56,280.7,2009.63
2032;0.59;36;169.01,1936.58,282.53,2019.4
2033;0.67;36;166.23,1943.95,280.41,2027.24
2034;0.62;36;164.49,1951.89,275.16,2032.51
2037;0.39;0;791.91,885.95,869.41,976.16
2038;0.48;0;788.31,894.8,865.69,982.29
2040;0.5;0;174.55,1989.27,261.9,2065.22
2041;0.58;36;165.82,1998.91,264.63,2071.51
2042;0.41;36;164.95,2008.21,262.45,2080.65
2043;0.42;36;164.47,2016.58,259.44,2088.2
2046;0.55;0;776.4,937.79,859.1,1029.71
2050;0.35;0;157.11,2065.64,247.07,2136.47
2051;0.39;0;155.79,2074.33,247.97,2147.71
2060;0.5;0;759.75,1026.8,843.72,1118.53
2061;0.6;0;759.07,1030.12,838.42,1122.89
2065;0.43;0;752.84,1055.7,832.29,1147.5
2069;0.53;0;744.41,1077.37,839.25,1175.27
2070;0.6;0;745.47,1088.02,840.71,1186.28
2071;0.49;0;742.67,1091.36,836.41,1192.79
2072;0.59;0;746.17,1096.12,839.22,1195.88
2073;0.47;0;745.7,1101.73,839.73,1200.2
2074;0.63;0;745.56,1107.78,835.09,1202.93
2077;0.36;0;743.38,1130.77,827.26,1216.72
2081;0.51;0;736.94,1156.6,815.32,1245.22
2083;0.37;0;736.3,1174.81,813.95,1261.49
2084;0.52;0;734.4,1176.59,811.3,1269.25
2085;0.58;0;732.13,1179.57,807.52,1273.41
2086;0.47;0;730.91,1186.51,807.45,1281.21
2090;0.35;0;724.16,1221.95,805.95,1309.52
2091;0.35;0;0.07,480.67,67.62,566.8
2093;0.36;0;0.0,495.81,66.26,586.01
2100;0.46;0;709.64,1284.44,796.46,1368.34
2101;0.39;0;710.28,1290.07,796.66,1376.58
2102;0.36;0;917.41,24.61,1237.09,299.6
2103;0.5;0;709.5,1299.74,790.77,1387.81
2105;0.38;0;710.0,1313.89,788.27,1401.9
2106;0.42;0;709.18,1324.42,787.32,1408.06
2115;0.36;0;763.31,38.94,1210.51,437.91
2116;0.49;0;700.56,1393.37,791.18,1489.5
2119;0.44;0;699.65,1414.32,788.2,1505.82
2120;0.39;0;699.88,1419.48,787.84,1510.68
2121;0.38;0;751.39,1839.59,844.12,1913.82
2137;0.4;0;684.99,1541.68,769.61,1627.0
2138;0.39;0;682.89,1549.39,767.77,1632.01
2147;0.35;0;676.18,1604.51,768.33,1692.09
2149;0.52;0;674.89,1617.09,763.33,1705.21
2151;0.45;0;459.26,1438.8,540.35,1519.93
2153;0.51;0;675.65,1647.74,763.44,1737.03
2155;0.42;0;677.57,1656.72,767.68,1748.7
2156;0.49;0;675.51,1664.99,766.66,1752.91
2158;0.52;0;673.38,1680.49,756.49,1765.74
2159;0.6;0;666.49,1687.01,763.9,1775.18
2160;0.5;0;669.24,1697.98,762.63,1786.12
2163;0.49;0;624.7,16.6,977.1,348.08
2164;0.57;0;612.87,24.34,973.11,357.0
2168;0.45;0;664.47,1754.07,742.01,1837.53
2169;0.59;0;664.03,1755.67,743.2,1842.03
2170;0.56;0;662.61,1762.04,743.18,1851.55
2171;0.5;0;662.58,1771.13,741.36,1859.66
2172;0.35;0;658.7,1775.63,738.82,1864.16
2178;0.42;0;434.51,1632.86,500.36,1700.67
2180;0.41;0;186.32,1380.86,262.76,1472.21
2181;0.43;0;184.14,1391.94,259.97,1478.75
2182;0.4;0;186.79,1409.19,257.02,1485.91
2184;0.41;0;84.23,386.83,229.33,473.79
2186;0.46;0;646.07,1867.31,738.58,1966.39
2187;0.72;0;646.46,1875.96,736.49,1973.66
2188;0.67;41;646.81,1883.37,738.27,1982.53
2189;0.67;41;649.25,1888.7,739.32,1986.1
2190;0.45;41;648.74,1895.56,735.52,1989.21
2191;0.38;0;558.81,134.88,960.05,571.21
2193;0.46;0;566.05,203.28,959.93,564.98
2195;0.5;0;544.66,218.81,1036.06,622.22
2195;0.45;0;641.29,1933.23,729.16,2027.3
2196;0.44;0;642.09,1940.27,724.67,2027.89
2270;0.39;0;329.11,0.59,619.88,247.87
2273;0.46;0;329.11,5.64,619.41,266.74
2274;0.43;0;322.71,7.51,613.58,262.88
2275;0.38;0;325.25,6.05,613.86,272.12
2283;0.4;0;307.26,78.95,597.18,310.5
2293;0.51;0;162.13,2.24,592.99,415.5
2300;0.6;0;156.41,6.02,596.87,454.68
2301;0.61;42;163.36,6.37,590.2,440.92
2302;0.59;42;165.58,11.65,592.66,446.1
2309;0.52;0;182.35,2.85,458.73,252.83
2310;0.48;0;183.31,4.4,458.57,286.9
2311;0.48;0;179.3,9.83,453.41,276.73
2312;0.58;0;183.92,13.26,451.87,259.99
2313;0.54;0;184.38,14.61,447.26,256.74
2316;0.35;0;173.05,16.09,426.6,262.01
2322;0.49;0;156.39,83.69,438.02,301.68
2323;0.45;0;160.42,91.74,431.53,312.62
2324;0.47;0;156.08,100.11,427.68,323.53
2325;0.41;0;151.54,109.44,424.92,331.46
2327;0.45;0;145.86,112.39,415.89,347.54
2328;0.44;0;125.92,119.36,414.8,384.11
2329;0.4;0;149.57,124.63,412.24,354.58
2331;0.42;0;115.75,149.47,414.84,446.37
2331;0.4;0;97.81,144.74,420.13,554.86
2335;0.41;0;338.31,1261.15,675.47,1580.72
2343;0.42;0;347.96,1320.71,661.19,1616.46
2347;0.41;0;107.52,259.02,365.49,478.02
2362;0.52;0;79.6,348.83,360.09,596.6
2363;0.44;0;87.63,361.73,358.31,598.39
2365;0.49;0;72.4,377.19,356.66,622.99
2366;0.44;0;130.89,1477.58,632.97,1844.54
2371;0.48;0;2.86,587.95,442.36,1015.01
2390;0.37;0;24.43,559.22,317.19,791.44
2391;0.45;0;25.56,564.1,313.51,803.8
2392;0.45;0;24.42,569.85,314.3,815.21
2393;0.45;0;19.36,582.84,313.89,820.59
2396;0.37;0;226.46,1683.35,607.53,1999.24
2404;0.55;0;259.65,1762.84,579.7,2057.03
2404;0.36;0;0.0,658.71,302.26,1098.95
2405;0.39;0;228.16,1727.12,585.38,2080.23
2406;0.41;0;3.18,927.22,365.03,1235.55
2408;0.4;0;227.82,1624.18,594.6,2126.83
2413;0.38;0;265.24,1822.47,574.24,2141.44
2414;0.37;0;3.33,711.04,272.63,961.92
2416;0.48;0;225.67,1829.81,568.87,2160.0
2416;0.36;0;160.55,1728.89,575.98,2160.0
2417;0.4;0;158.62,1852.4,547.42,2150.11
2426;0.37;0;0.74,1002.47,346.74,1395.07
2427;0.38;0;0.0,652.27,266.0,1329.9
2428;0.49;0;0.0,713.91,270.27,1366.71
2428;0.38;0;2.22,1095.09,340.62,1401.63
2429;0.46;0;0.56,723.73,266.02,1370.98
2430;0.41;0;0.0,724.23,270.62,1375.04
2431;0.43;0;0.0,728.88,264.84,1374.33
2433;0.46;0;0.15,810.47,262.34,1418.92
2434;0.44;0;0.0,737.92,241.43,1364.01
2435;0.37;0;0.57,807.98,245.66,1411.85
2436;0.39;0;0.07,743.9,233.21,1358.27
2437;0.36;0;0.0,800.94,236.47,1412.08
2438;0.36;0;0.61,866.14,266.21,1473.98
2439;0.46;0;0.12,874.04,251.18,1467.21
2440;0.44;0;2.64,883.99,311.41,1529.25
2440;0.4;0;0.26,894.37,247.17,1463.23
2441;0.41;0;1.6,869.73,301.49,1529.2
2442;0.37;0;0.0,691.32,55.81,779.23
2443;0.35;0;0.0,696.4,60.24,786.88
2444;0.44;0;0.0,825.17,244.66,1466.71
2445;0.38;0;0.0,820.89,250.36,1468.97
2446;0.42;0;0.52,892.18,254.44,1509.64
2448;0.36;0;0.0,1112.56,327.69,1636.6
2449;0.41;0;0.0,1082.77,327.24,1621.87
2449;0.39;0;0.0,1228.5,321.9,1712.41
2456;0.44;0;0.0,1291.83,305.45,1808.84
2456;0.35;0;0.29,1047.81,217.93,1406.57
2457;0.42;0;0.23,1035.07,236.23,1583.69
2457;0.37;0;0.0,1050.67,217.85,1462.08
2458;0.45;0;0.1,1041.99,232.29,1562.92
2459;0.44;0;0.68,1058.4,209.4,1339.14
2459;0.39;0;0.57,1050.54,215.05,1492.32
2460;0.5;0;0.22,1069.17,200.31,1317.93
2461;0.38;0;0.24,1083.39,204.13,1499.91
2462;0.49;0;6.49,1344.26,291.71,1642.3
2462;0.35;0;0.0,1091.22,194.44,1461.44
2463;0.47;0;5.18,1354.63,291.22,1650.58
2464;0.49;0;4.25,1365.23,288.39,1666.35
2465;0.55;0;3.48,1369.08,286.23,1664.35
2465;0.48;0;0.0,1225.04,290.37,1686.7
2465;0.44;0;0.57,1058.19,305.77,1705.23
2466;0.59;0;2.04,1381.03,285.62,1673.08
2466;0.4;0;0.6,1099.42,254.82,1643.0
2467;0.46;0;0.35,1095.0,300.14,1714.71
2467;0.4;0;1.17,1278.83,288.09,1686.19
2468;0.54;0;1.57,1385.79,285.19,1691.78
2468;0.42;0;0.54,1120.21,227.67,1633.08
2469;0.39;0;0.35,1138.79,207.37,1624.28
2470;0.43;0;4.35,1407.79,278.31,1644.62
2471;0.49;0;1.34,1413.24,280.75,1741.49
2476;0.42;0;0.0,1127.98,298.49,1794.88
2476;0.38;0;0.6,1175.6,241.76,1695.63
2477;0.43;0;0.22,1156.28,290.89,1771.92
2477;0.36;0;0.39,1185.05,232.23,1692.98
2478;0.44;0;0.93,1140.35,298.53,1787.5
2478;0.37;0;0.4,1184.83,219.17,1694.01
2479;0.49;0;1.23,1176.89,293.63,1787.93
2479;0.41;0;0.17,1204.79,193.19,1681.29
2480;0.43;0;0.92,1215.18,183.14,1649.43
2480;0.41;0;2.77,1188.05,286.83,1790.85
2480;0.41;0;0.84,1196.68,225.34,1736.29
2481;0.41;0;1.06,1205.15,251.77,1739.09
2481;0.39;0;0.96,1230.18,188.6,1671.38
2482;0.35;0;1.51,1234.77,179.06,1618.46
2485;0.41;0;0.7,1233.93,253.28,1790.88
2485;0.39;0;0.0,1248.39,197.72,1730.45
2486;0.48;0;3.29,1528.36,254.02,1805.08
2486;0.42;0;0.82,1243.58,232.62,1787.05
2486;0.4;0;0.24,1268.74,190.87,1720.03
2487;0.49;0;3.19,1533.7,250.45,1800.76
2487;0.39;0;0.12,1282.04,181.19,1655.83
2487;0.36;0;1.68,1274.84,177.64,1519.38
2488;0.47;0;1.96,1538.78,252.23,1828.13
2488;0.43;0;0.8,1263.89,209.87,1776.86
2489;0.42;0;0.38,1291.79,180.93,1695.38
2489;0.35;0;0.25,1528.09,245.64,2024.9
2490;0.45;0;0.55,1270.49,243.64,1842.86
2490;0.38;0;1.1,1297.07,183.0,1718.51
2491;0.48;0;0.35,1280.55,234.79,1836.99
2491;0.38;0;0.68,1299.34,180.74,1715.82
2492;0.45;0;0.24,1289.16,220.8,1839.77
2493;0.44;0;0.0,1283.62,261.14,1900.87
2493;0.39;0;0.0,1325.58,184.95,1764.58
2494;0.51;0;0.0,1286.31,284.17,1936.81
2494;0.39;0;0.38,1311.72,218.09,1843.12
2495;0.4;0;0.0,1284.73,269.15,1946.26
2498;0.49;0;2.63,1624.85,227.63,1866.94
2499;0.41;0;1.74,1631.38,225.59,1885.98
2499;0.36;0;1.48,1347.43,174.11,1796.36
2501;0.4;0;1.37,1604.99,226.49,2081.79
2503;0.35;0;1.77,1385.7,172.0,1836.92
2505;0.35;0;1.35,1404.69,147.32,1826.99
2506;0.37;0;0.0,1391.87,262.94,2045.09
2508;0.35;0;0.0,1400.83,249.89,2048.52
2509;0.41;0;0.0,1413.69,243.25,2045.73
2510;0.52;0;0.0,1435.06,243.71,2055.74
2511;0.5;0;0.0,1428.69,244.49,2088.38
2512;0.54;0;0.0,1442.07,237.82,2056.65
2513;0.39;0;0.01,1491.64,230.95,2111.84
2514;0.37;0;0.0,1484.96,234.0,2123.77
2516;0.38;0;0.0,1485.69,236.71,2125.0
2520;0.36;0;1.14,1765.14,203.23,2128.35
2534;0.4;0;1953.23,363.35,2059.77,484.52
2534;0.35;0;0.0,1846.31,185.98,2153.26
2535;0.36;0;0.0,1798.33,186.52,2153.18
2537;0.37;0;0.0,1597.23,208.98,2160.0
2537;0.37;0;2775.73,573.23,2918.05,672.82
2539;0.5;0;3359.55,1223.39,3477.9,1326.49
2541;0.38;0;0.0,1808.45,181.25,2158.65
2544;0.46;0;0.0,1871.86,172.11,2157.15
2552;0.38;0;0.75,2025.29,114.22,2158.37
2553;0.5;0;0.55,4.8,92.79,109.26
2554;0.61;0;1.96,19.62,92.32,116.93
2555;0.49;0;0.78,23.67,91.33,130.84
2556;0.61;0;0.94,37.04,87.65,139.42
2557;0.52;44;2.1,46.25,85.01,144.11
2567;0.38;0;0.0,1.4,176.73,229.0
2592;0.39;0;215.29,1117.46,302.94,1189.12
2593;0.38;0;204.81,1111.84,304.77,1196.31
2600;0.64;0;197.01,1154.44,296.56,1246.95
2605;0.35;0;0.08,1653.01,71.9,1811.64
2625;0.58;0;3445.12,909.13,3607.13,1037.72
2630;0.43;0;3395.08,962.27,3574.0,1087.39
2639;0.61;0;1668.88,191.98,1786.8,305.43
2663;0.57;0;75.53,1624.67,176.66,1729.51
2682;0.36;0;61.58,1767.09,183.83,1879.7
2694;0.4;0;64.85,1904.33,143.42,1973.54
2695;0.39;0;61.35,1915.42,141.86,1984.26
2705;0.61;0;41.72,1989.12,127.9,2066.51
2706;0.46;0;40.39,1998.49,129.45,2072.75
2742;0.36;0;2535.39,1228.55,2656.77,1315.22
2828;0.37;0;175.95,9.15,244.41,77.76
2829;0.46;0;172.8,20.09,237.81,88.46
2830;0.41;0;167.72,26.66,236.87,102.16
2831;0.39;0;2615.4,1020.37,2733.61,1120.84
2831;0.37;0;164.24,37.1,232.02,113.17
2832;0.52;0;160.81,47.23,233.52,129.22
2833;0.41;0;154.89,58.6,227.5,136.2
2836;0.39;0;138.89,78.49,218.5,162.27
2837;0.53;0;140.18,88.11,216.77,176.61
2838;0.55;0;136.81,101.8,214.14,185.84
2841;0.51;0;122.19,134.17,201.28,211.56
2842;0.39;0;123.91,144.62,199.2,220.02
2844;0.35;0;125.51,166.98,189.37,235.53
2845;0.54;0;119.6,173.64,188.61,246.0
2846;0.51;0;3068.15,1966.63,3198.42,2059.92
2847;0.62;0;113.52,192.8,184.41,263.9
2848;0.4;0;3067.04,1987.49,3198.04,2093.85
2848;0.38;0;110.14,203.66,181.31,272.03
2849;0.57;0;105.42,207.03,181.19,282.39
2850;0.61;0;103.06,212.36,180.95,291.8
2851;0.61;49;105.22,221.24,180.36,297.86
2852;0.58;49;100.09,227.18,180.1,308.82
2853;0.57;49;97.46,236.05,175.42,315.59
2854;0.52;49;93.69,246.74,168.73,323.45
2855;0.35;49;89.85,254.35,163.41,329.67
2856;0.44;49;85.21,259.98,161.96,338.98
2857;0.57;49;82.0,267.48,158.71,346.71
2859;0.36;49;76.23,285.07,151.32,362.71
2861;0.47;49;69.16,304.21,143.22,380.57
2862;0.41;49;66.19,315.15,139.02,390.4
2863;0.47;49;63.58,326.84,133.86,399.6
2866;0.37;49;58.04,348.4,124.13,416.53
2875;0.41;0;13.15,410.15,97.91,489.17
2878;0.42;0;7.23,437.82,85.24,512.67
2880;0.45;0;8.76,452.14,72.17,525.35
2881;0.42;0;5.9,459.68,72.98,531.67
2887;0.41;0;0.0,492.4,57.61,577.15
3035;0.38;0;1829.8,76.9,1927.9,161.06
3036;0.67;0;1826.2,84.57,1931.47,172.03
3037;0.49;0;1824.49,88.63,1924.28,178.16
3043;0.46;0;1820.48,119.09,1906.1,198.31
3058;0.46;0;1762.93,187.77,1858.85,279.46
3059;0.68;0;1740.17,195.38,1865.25,303.56
3060;0.7;51;1737.88,199.38,1865.5,309.76
3061;0.55;51;1738.02,205.53,1866.43,316.7
3062;0.52;51;1732.33,209.28,1868.74,327.71
3066;0.36;51;1711.73,228.83,1868.47,365.77
3086;0.53;0;1686.98,341.48,1792.16,441.12
3088;0.64;0;1649.85,358.17,1780.06,464.65
3089;0.38;0;1638.71,363.25,1783.32,478.62
3091;0.37;0;1672.48,378.82,1761.64,465.5
3092;0.54;0;1664.62,382.46,1765.72,475.49
3095;0.56;0;1653.65,410.33,1760.73,501.64
3104;0.41;0;1640.38,458.7,1723.13,540.37
3105;0.42;0;1640.07,467.58,1716.79,547.53
3106;0.45;0;1640.38,476.17,1713.14,549.3
3107;0.5;0;1624.94,482.62,1710.73,570.21
3108;0.37;0;2650.85,985.09,2759.74,1073.92
3111;0.45;0;1609.44,516.73,1691.68,592.35
3121;0.43;0;1564.85,595.96,1668.22,671.81
3122;0.54;0;1562.96,598.21,1670.93,687.66
3127;0.66;0;1567.49,625.01,1667.68,711.77
3128;0.63;53;1565.99,626.46,1668.69,715.33
3129;0.73;53;1564.83,631.12,1664.56,717.34
3130;0.69;53;1561.35,637.01,1662.73,724.86
3131;0.71;53;1553.26,643.14,1661.34,736.83
3132;0.71;53;1541.82,652.74,1648.41,745.43
3133;0.56;53;1538.12,663.11,1646.67,758.08
3134;0.49;53;1544.19,671.2,1663.17,774.1
3152;0.53;0;1493.9,798.96,1589.43,880.39
3157;0.55;0;1476.33,828.87,1573.95,917.81
3161;0.54;0;1473.54,856.45,1564.11,949.53
3162;0.58;0;1471.79,864.88,1560.32,958.38
3173;0.49;0;1434.43,938.79,1534.55,1022.54
3174;0.65;0;1426.05,946.84,1531.48,1032.73
3175;0.41;0;1420.91,955.03,1534.33,1042.35
3176;0.38;0;1424.43,960.74,1514.32,1041.87
3177;0.42;0;1421.95,968.48,1505.74,1045.33
3183;0.47;0;611.09,1027.78,717.12,1126.05
3200;0.53;0;1364.05,1132.4,1456.53,1215.39
3201;0.41;0;1362.35,1138.65,1451.98,1218.86
3203;0.38;0;1354.34,1154.86,1443.9,1233.01
3204;0.49;0;1353.44,1160.54,1446.61,1250.83
3206;0.44;0;1341.7,1178.08,1432.77,1257.61
3207;0.41;0;1342.99,1188.21,1445.05,1264.8
3209;0.47;0;1334.81,1200.32,1423.64,1279.17
3218;0.4;0;1313.16,1253.57,1407.93,1342.18
3219;0.56;0;1303.5,1261.12,1405.24,1365.15
3228;0.56;0;1277.57,1326.38,1390.89,1428.92
3230;0.67;0;1282.92,1347.79,1374.81,1440.73
3232;0.45;0;1275.26,1364.06,1354.69,1454.16
3233;0.41;0;1279.33,1371.05,1353.23,1451.79
3236;0.39;0;350.56,480.41,438.62,571.49
3257;0.61;0;1211.95,1521.49,1299.82,1602.24
3258;0.51;56;1205.51,1527.52,1300.94,1615.27
3268;0.45;0;1176.53,1585.0,1284.03,1668.87
3272;0.44;0;1175.65,1606.05,1264.39,1694.83
3284;0.44;0;1159.57,1681.5,1253.67,1765.71
3287;0.41;0;1153.31,1701.93,1229.55,1770.21
3287;0.36;0;539.78,309.88,627.65,394.49
3289;0.45;0;1156.48,1720.16,1220.79,1781.2
3292;0.36;0;530.05,351.62,611.51,440.12
3298;0.61;0;1121.41,1764.39,1211.8,1853.5
3307;0.58;0;1107.5,1808.25,1197.0,1893.91
3308;0.59;0;1106.75,1813.11,1197.07,1898.25
3309;0.43;0;1104.09,1821.97,1194.03,1905.4
3310;0.43;0;1099.8,1827.66,1195.63,1914.66
3312;0.37;0;1100.35,1841.86,1190.48,1925.15
3317;0.62;0;1089.11,1877.12,1185.81,1962.21
3320;0.68;58;1076.71,1886.28,1184.22,1980.94
3321;0.41;58;1077.21,1896.96,1179.41,1986.87
3323;0.46;58;1069.37,1909.69,1172.51,2000.64
3335;0.54;0;1060.76,1970.88,1156.47,2067.62
3336;0.69;0;1060.44,1980.11,1153.69,2067.79
3337;0.65;59;1056.87,1985.27,1154.64,2077.23
3338;0.68;59;1055.88,1991.98,1153.04,2083.42
3339;0.39;59;1058.14,1999.83,1148.97,2085.44
3340;0.54;59;1057.93,2008.65,1148.17,2093.57
3346;0.48;0;2304.32,1848.99,2425.68,1947.52
3568;0.45;0;3685.33,429.61,3810.74,532.11
3789;0.6;0;3440.16,4.23,3590.69,118.05
3805;0.47;0;1559.13,64.76,1655.1,152.38
3931;0.53;0;0.6,721.14,120.84,859.08
4012;0.37;0;0.19,456.28,83.24,566.39
4014;0.53;0;0.0,476.08,75.92,571.31
4028;0.43;0;1387.15,548.81,1494.37,628.52
4096;0.37;0;628.56,1314.69,754.85,1434.14
4349;0.58;0;29.74,1964.52,175.3,2109.34
4420;0.36;0;2928.82,0.0,2983.01,41.29
4421;0.35;0;2923.07,1.53,2981.53,48.51
4422;0.44;0;2916.82,4.15,2977.61,54.04
4424;0.35;0;2912.19,20.82,2970.24,65.7
4451;0.42;0;2800.8,159.33,2882.53,241.93
4451;0.41;0;2808.64,163.7,2880.41,226.52
4452;0.41;0;2824.95,182.83,2875.51,231.69
4454;0.42;0;2799.87,188.88,2871.46,246.91
4455;0.45;0;2795.19,193.78,2868.57,254.0
4458;0.52;0;2799.99,216.13,2861.65,269.31
4459;0.46;0;2801.81,221.13,2859.02,271.55
5117;0.42;0;881.13,75.14,973.72,172.64
5369;0.45;0;3462.7,191.24,3565.39,276.17
5543;0.39;0;2437.75,136.15,2496.48,195.24
5544;0.46;0;2439.81,141.59,2495.28,202.96
5550;0.42;0;2417.87,172.71,2485.27,248.39
5551;0.54;0;2418.18,183.89,2486.29,255.76
5554;0.38;0;2418.55,207.96,2487.3,274.9
5567;0.59;0;2067.56,622.66,2187.31,726.69
5577;0.45;0;2385.7,359.53,2453.57,427.83
5581;0.36;0;2382.57,387.57,2450.51,455.17
5593;0.43;0;2370.16,474.53,2425.26,526.51
5606;0.54;0;2345.89,553.41,2409.92,627.05
5607;0.43;0;2346.33,562.55,2411.3,637.0
5611;0.47;0;2342.7,588.35,2394.74,642.05
5613;0.44;0;2341.48,603.71,2395.5,655.43
5632;0.44;0;2316.59,727.92,2373.23,785.51
5637;0.57;0;2310.12,758.11,2367.82,815.66
5638;0.41;0;2311.47,767.43,2365.84,823.15
5644;0.55;0;2309.72,802.91,2366.41,859.12
5645;0.46;0;2307.91,811.12,2368.2,870.5
5646;0.52;0;2306.21,817.43,2360.98,872.06
5647;0.51;0;2303.02,823.26,2359.09,880.22
5648;0.45;0;2304.95,834.07,2356.42,884.18
5652;0.44;0;2303.95,848.29,2357.91,907.49
5653;0.47;0;2304.17,855.42,2364.32,917.15
5654;0.42;0;2303.1,858.59,2362.23,920.1
5656;0.49;0;2301.42,869.63,2357.15,930.19
5658;0.49;0;2301.22,887.1,2353.01,941.15
5670;0.39;0;59.68,311.27,149.79,401.92
5678;0.46;0;2276.14,990.02,2338.41,1052.45
5680;0.37;0;2279.11,1002.18,2337.02,1064.24
5681;0.39;0;2276.9,1011.7,2335.1,1071.3
5699;0.38;0;0.05,0.0,108.36,153.04
5826;0.51;0;295.12,885.63,388.2,986.43
5851;0.55;0;252.84,1052.44,350.94,1169.43
5852;0.56;0;245.49,1057.12,348.82,1174.27
5951;0.37;0;531.02,1152.67,591.7,1212.37
6108;0.35;0;3291.09,190.37,3377.91,274.35
6317;0.46;0;3606.64,579.65,3718.2,672.21
6573;0.37;0;3303.57,2048.25,3428.71,2132.68
6968;0.39;0;3359.46,1809.33,3412.29,1854.61
7169;0.66;0;1477.17,988.06,1611.22,1093.92
7336;0.5;0;1644.85,314.84,1767.04,401.07
8175;0.36;0;698.4,1166.04,840.22,1271.63
8318;0.39;0;1980.9,1914.39,2074.75,2009.09
9309;0.48;0;938.39,158.43,1100.53,288.02
9310;0.39;0;934.42,163.57,1097.99,301.08
9429;0.37;0;3066.91,927.04,3204.76,1030.96
9781;0.64;0;3495.61,933.7,3625.05,1020.99
9782;0.6;61;3495.03,940.66,3619.74,1024.77
