original_size = 3840, 2160;
27;0.35;0;3643.37,1.1,3767.4,59.02
39;0.4;0;3685.17,0.79,3831.64,64.42
45;0.48;0;3720.25,19.43,3838.68,186.45
65;0.4;0;3700.71,0.83,3838.36,95.46
67;0.61;0;3709.41,2.96,3838.28,131.28
68;0.43;0;3723.25,0.0,3838.66,152.17
78;0.41;0;3747.31,30.31,3839.37,146.16
78;0.36;0;3742.89,0.0,3840.0,196.68
104;0.36;0;39.78,1778.83,137.24,1875.05
107;0.45;0;12.95,1734.46,120.09,1834.52
109;0.45;0;3693.79,783.16,3838.78,977.37
110;0.36;0;3659.34,766.86,3839.06,994.4
156;0.36;0;3755.67,928.93,3839.7,1055.72
163;0.38;0;3743.35,880.8,3839.53,1020.76
164;0.38;0;3744.03,891.53,3840.0,1010.18
168;0.53;0;3728.53,842.28,3839.15,988.5
176;0.41;0;3656.65,508.57,3838.05,723.62
186;0.42;0;3638.01,460.62,3838.47,681.64
192;0.48;0;3636.24,427.26,3838.91,630.62
193;0.38;0;3635.99,412.83,3838.78,630.99
194;0.56;0;3632.9,418.03,3839.43,628.32
195;0.37;0;3629.86,401.0,3839.67,618.97
197;0.56;0;3630.19,395.66,3839.57,605.08
199;0.47;0;3633.72,370.95,3838.7,599.38
207;0.43;0;3601.91,307.27,3836.23,624.64
230;0.37;0;3723.86,777.24,3838.96,941.47
270;0.37;0;1196.08,1793.95,1315.34,1890.84
286;0.36;0;1193.46,1890.21,1314.31,1993.0
288;0.37;0;3763.99,0.34,3838.48,82.42
289;0.46;0;3765.68,1.78,3838.79,91.85
290;0.46;0;3768.16,2.54,3838.7,99.1
291;0.49;0;3766.32,3.36,3839.08,103.19
292;0.44;0;3765.06,3.2,3839.04,117.47
293;0.46;0;3764.12,4.57,3839.24,120.89
294;0.41;0;3757.27,0.0,3839.47,133.28
296;0.36;0;3749.71,0.0,3839.42,154.04
297;0.39;0;3761.71,0.4,3839.55,153.69
298;0.41;0;3751.84,0.0,3840.0,163.99
299;0.35;0;3742.79,0.95,3839.1,180.51
300;0.44;0;3748.97,0.0,3839.68,186.29
301;0.36;0;3749.07,0.0,3839.89,206.94
305;0.37;0;3744.51,0.0,3839.92,257.08
306;0.38;0;3742.0,0.0,3839.77,263.76
307;0.36;0;3746.2,19.79,3839.84,249.08
308;0.39;0;3744.43,10.98,3839.64,267.73
309;0.37;0;3741.87,6.16,3839.31,275.2
311;0.35;0;3740.6,23.97,3839.3,295.2
313;0.38;0;3736.34,46.88,3839.14,316.84
314;0.42;0;3741.87,72.7,3839.55,311.46
315;0.37;0;3737.9,81.45,3839.21,325.7
316;0.36;0;3737.03,115.55,3839.13,328.92
317;0.42;0;3737.69,103.25,3839.23,336.68
318;0.37;0;3736.23,99.62,3839.26,362.63
319;0.52;0;3730.86,112.03,3838.47,351.76
320;0.38;0;3731.09,131.42,3838.79,367.97
322;0.38;0;3731.79,152.42,3838.91,390.83
323;0.47;0;3731.01,150.68,3838.7,395.29
325;0.45;0;3728.21,146.6,3838.86,417.99
327;0.41;0;3727.47,168.09,3838.63,444.48
329;0.48;0;3723.79,172.69,3838.71,467.7
330;0.42;0;3724.24,170.66,3838.71,466.94
332;0.41;0;3724.39,212.92,3839.07,493.01
333;0.49;0;3723.42,219.0,3838.83,506.4
338;0.44;0;3722.64,1.03,3838.66,68.29
339;0.4;0;3728.14,0.01,3838.45,84.57
348;0.42;0;3695.61,368.14,3839.04,707.24
353;0.49;0;3699.36,423.84,3838.49,724.77
357;0.38;0;3757.7,881.05,3839.19,992.39
358;0.43;0;3760.67,894.07,3838.92,996.79
359;0.35;0;3668.64,1511.79,3837.82,1681.0
360;0.39;0;3760.21,917.91,3838.63,1015.33
365;0.44;0;3759.62,969.47,3838.58,1056.99
369;0.43;0;3753.06,1009.35,3839.36,1111.56
370;0.4;0;3755.3,1011.45,3839.39,1118.15
372;0.45;0;3757.13,1040.23,3839.3,1145.14
374;0.53;0;3754.2,1065.41,3839.6,1159.69
375;0.41;0;3752.57,1072.61,3839.24,1160.29
377;0.49;0;3754.51,1089.67,3839.42,1191.27
378;0.5;0;3752.06,1099.51,3839.42,1190.13
379;0.46;0;3748.98,1112.24,3839.09,1203.49
380;0.46;0;3749.53,1114.64,3839.38,1207.32
381;0.38;0;3753.18,1113.11,3839.12,1224.34
382;0.49;0;3736.98,169.98,3839.71,326.47
382;0.48;0;3754.2,1134.91,3839.32,1230.77
383;0.38;0;3751.06,1139.27,3839.06,1236.99
384;0.39;0;3746.37,1147.05,3839.12,1250.94
385;0.52;0;3734.68,203.3,3839.61,360.21
388;0.43;0;3726.81,217.09,3839.1,387.73
390;0.51;0;3730.62,240.27,3838.97,395.27
391;0.55;0;3733.26,247.42,3838.94,396.95
392;0.52;0;3737.58,254.34,3839.05,404.64
393;0.54;0;3733.75,263.93,3839.04,415.52
400;0.44;0;3732.12,322.18,3838.92,467.84
401;0.44;0;3731.74,329.22,3839.13,484.36
402;0.67;0;3734.65,333.76,3839.38,493.12
405;0.44;0;3735.88,357.74,3839.26,510.31
407;0.69;0;3731.65,379.21,3839.21,525.55
407;0.37;0;3647.93,1889.14,3839.44,2152.42
408;0.53;3;3725.15,380.39,3840.0,543.18
409;0.46;3;3723.85,384.88,3840.0,551.39
414;0.54;3;3719.51,419.18,3840.0,589.87
420;0.38;3;3721.74,457.57,3840.0,627.95
425;0.45;3;3708.17,499.65,3840.0,705.72
426;0.52;3;3711.94,515.28,3840.0,713.26
427;0.54;3;3719.33,528.34,3840.0,706.88
430;0.53;3;3718.39,543.24,3840.0,730.1
431;0.62;3;3725.1,553.63,3840.0,724.97
432;0.56;3;3725.42,563.32,3840.0,735.44
433;0.53;3;3722.1,567.99,3840.0,749.8
434;0.45;3;3723.49,572.29,3840.0,749.88
435;0.42;3;3727.56,576.69,3840.0,747.93
436;0.51;3;3726.99,582.79,3840.0,756.48
437;0.52;3;3725.97,594.42,3840.0,766.27
439;0.39;3;3725.36,603.96,3840.0,779.45
440;0.49;3;3727.61,617.8,3840.0,786.79
442;0.39;3;3721.41,620.06,3840.0,807.89
444;0.36;3;3721.8,634.77,3840.0,819.83
447;0.45;3;3698.65,651.66,3840.0,888.77
448;0.44;3;3688.95,657.35,3840.0,916.77
451;0.49;0;3728.18,673.62,3839.21,859.92
452;0.49;0;3727.96,692.6,3839.68,862.27
455;0.58;3;3717.1,705.91,3839.0,898.03
462;0.7;3;3720.78,731.38,3838.56,917.0
463;0.69;3;3725.85,751.99,3835.66,923.42
464;0.69;3;3730.83,763.15,3834.7,923.76
467;0.46;3;3732.13,788.85,3834.49,945.82
468;0.39;3;3727.74,790.77,3839.43,963.12
469;0.52;3;3726.12,795.11,3840.0,973.96
470;0.69;3;3728.05,796.94,3840.0,973.88
471;0.62;3;3728.22,796.1,3840.0,977.17
483;0.4;0;3721.47,855.91,3839.23,1058.84
484;0.44;0;3723.42,856.97,3839.31,1050.91
485;0.59;3;3717.58,852.81,3840.0,1050.98
486;0.45;3;3720.64,879.54,3840.0,1070.35
487;0.44;3;3720.86,891.94,3837.65,1075.92
488;0.37;3;3715.61,895.11,3837.52,1086.56
490;0.37;3;3712.74,906.07,3837.74,1102.11
562;0.54;0;3721.73,1359.69,3838.82,1522.02
564;0.4;0;3716.24,1363.54,3839.3,1538.19
569;0.39;0;3724.92,1375.56,3839.38,1557.35
584;0.38;0;3722.08,1490.5,3839.47,1657.36
622;0.4;0;3721.05,1710.99,3839.33,1919.34
783;0.36;0;3682.26,1.62,3834.61,62.25
786;0.46;0;3676.78,1.85,3837.95,79.74
794;0.43;0;3483.94,0.35,3787.24,105.92
800;0.42;0;3460.15,0.0,3830.68,160.92
802;0.44;0;3459.47,0.0,3807.17,165.52
874;0.42;0;3726.27,0.13,3837.57,55.62
875;0.37;0;3732.1,0.0,3838.31,58.64
970;0.35;0;3752.37,0.4,3837.59,55.61
971;0.47;0;3753.79,0.0,3838.29,65.23
972;0.44;0;3749.3,0.0,3838.42,79.64
972;0.43;0;1651.78,1050.31,1806.84,1172.43
973;0.52;0;3752.72,0.0,3838.9,75.83
973;0.39;0;1648.99,1045.53,1814.13,1178.4
974;0.48;0;3750.35,0.0,3838.78,76.02
978;0.37;0;1653.0,1081.3,1804.08,1207.71
989;0.45;0;1645.26,1150.76,1804.48,1277.45
990;0.37;0;5.08,73.24,99.31,165.83
996;0.4;0;7.2,109.68,92.95,201.75
1022;0.4;0;1630.45,1369.0,1792.73,1492.03
1034;0.38;0;1637.8,1436.42,1770.34,1555.07
1051;0.45;0;1638.87,1538.1,1794.75,1663.5
1051;0.42;0;1670.13,1540.42,1790.75,1653.83
1080;0.41;0;1627.56,1724.46,1790.32,1846.76
1109;0.35;0;1635.01,1894.14,1790.34,2016.19
1192;0.52;0;395.72,541.58,500.58,641.26
1194;0.39;0;397.62,552.07,495.42,641.46
1195;0.45;0;395.26,561.86,503.72,647.66
1196;0.39;0;396.42,567.06,498.91,654.3
1208;0.43;0;390.53,642.78,498.17,727.25
1297;0.48;0;364.67,1204.4,463.68,1288.75
1301;0.56;0;364.52,1224.41,469.43,1312.64
1314;0.48;0;356.72,1308.1,459.96,1394.63
1440;0.36;0;401.07,25.64,482.61,104.54
1455;0.36;0;393.55,119.45,472.05,197.89
1456;0.39;0;396.56,126.8,472.45,202.28
1458;0.45;0;395.07,137.01,471.07,210.9
1459;0.52;0;392.94,138.63,474.07,217.31
1460;0.37;0;391.76,146.04,471.92,223.26
1479;0.46;0;385.55,263.35,466.71,341.02
1482;0.36;0;382.84,279.5,463.78,354.72
1500;0.46;0;378.56,387.28,458.64,464.6
1501;0.38;0;376.92,393.94,457.13,469.59
1502;0.47;0;375.38,397.1,459.59,475.8
1503;0.37;0;373.56,401.58,456.85,479.85
1504;0.54;0;371.86,407.6,455.82,487.19
1505;0.54;0;370.21,412.58,456.46,491.24
1508;0.41;0;368.78,429.37,454.47,509.67
1523;0.39;0;368.19,529.05,449.02,597.78
1526;0.42;0;371.37,545.94,446.27,616.68
1529;0.35;0;369.18,564.0,446.04,637.0
1531;0.63;0;370.28,571.74,447.11,649.0
1532;0.49;0;366.97,580.43,443.97,656.89
1533;0.36;0;365.86,586.5,444.0,661.22
1538;0.38;0;3767.81,0.0,3838.11,96.45
1539;0.42;0;3767.74,0.0,3838.03,88.08
1539;0.36;0;364.62,622.78,443.05,695.74
1540;0.39;0;3764.84,0.32,3838.05,101.19
1541;0.59;0;364.98,639.41,440.67,712.42
1542;0.37;0;362.3,642.16,441.09,721.19
1542;0.37;0;3765.75,2.71,3838.97,128.24
1543;0.4;0;3765.85,3.53,3838.76,119.51
1543;0.37;0;361.19,650.92,442.26,728.8
1544;0.4;0;361.36,656.89,442.14,732.89
1545;0.5;0;361.22,662.49,440.01,739.44
1546;0.5;0;362.93,667.71,441.94,747.8
1547;0.47;0;360.53,674.99,441.3,754.84
1551;0.39;0;358.52,700.81,440.84,774.41
1552;0.4;0;354.7,705.75,441.56,780.67
1554;0.42;0;355.9,718.89,436.02,794.23
1557;0.53;0;357.96,736.45,436.74,812.74
1558;0.55;0;358.28,744.89,437.97,819.36
1559;0.52;0;358.45,750.47,437.01,825.37
1560;0.48;0;360.6,762.3,437.29,830.27
1561;0.56;0;362.11,771.47,435.71,839.64
1563;0.41;0;357.0,779.34,433.69,855.82
1565;0.38;0;356.59,790.54,435.18,868.27
1574;0.39;0;350.16,847.75,434.05,925.69
1575;0.5;0;346.52,850.61,430.97,931.92
1576;0.48;0;345.02,856.93,432.61,941.59
1577;0.56;0;347.82,865.6,429.01,945.62
1580;0.4;0;3756.89,194.54,3839.85,372.59
1584;0.39;0;3754.35,225.13,3840.0,391.08
1585;0.36;0;3753.61,244.72,3839.66,402.73
1586;0.39;0;3753.29,262.77,3839.71,404.88
1587;0.39;0;3753.04,276.22,3839.61,417.94
1592;0.37;0;340.55,964.31,418.37,1034.38
1595;0.37;0;3749.67,310.85,3839.82,472.8
1596;0.5;0;335.66,988.3,413.84,1071.01
1597;0.41;0;335.31,999.1,411.92,1076.54
1598;0.41;0;3678.59,1.89,3834.5,61.55
1599;0.39;0;329.23,1009.28,411.51,1090.21
1603;0.36;0;3736.97,385.08,3838.95,531.19
1604;0.39;0;328.34,1044.65,407.87,1121.91
1610;0.44;0;3631.11,0.36,3759.64,62.94
1611;0.58;0;3631.94,0.37,3758.82,68.68
1612;0.47;0;1122.86,1014.3,1194.94,1077.07
1617;0.37;0;3624.21,9.36,3729.94,115.35
1621;0.47;0;307.87,1172.72,391.19,1242.85
1625;0.43;0;3611.62,60.16,3719.02,154.01
1626;0.38;0;294.74,1208.12,380.04,1283.21
1628;0.52;0;297.59,1219.34,377.35,1299.62
1630;0.4;0;292.68,1235.62,374.53,1313.92
1631;0.48;0;294.72,1243.38,371.33,1321.72
1632;0.41;0;292.09,1251.64,370.65,1329.08
1634;0.39;0;288.73,1263.35,369.77,1342.9
1651;0.43;0;264.51,1394.67,344.69,1474.78
1659;0.38;0;253.28,1460.79,336.16,1533.82
1660;0.52;0;251.18,1464.24,334.57,1542.17
1661;0.43;0;252.72,1475.08,332.48,1547.95
1662;0.48;0;250.36,1478.46,335.25,1555.29
1663;0.46;0;1058.19,1376.14,1127.47,1439.21
1689;0.43;0;230.37,1671.43,310.76,1744.16
1690;0.49;0;227.66,1676.45,310.81,1754.11
1691;0.48;0;229.44,1685.27,307.4,1761.02
1694;0.38;0;227.42,1704.29,307.92,1779.74
1695;0.38;0;3493.97,420.12,3602.16,522.85
1696;0.36;0;3494.24,420.36,3602.53,523.29
1696;0.35;0;3739.56,181.59,3839.95,461.34
1697;0.43;0;3497.51,428.16,3600.18,513.67
1701;0.42;0;3491.37,443.73,3596.69,546.76
1701;0.37;0;222.46,1746.03,303.46,1822.7
1702;0.51;0;221.54,1752.37,303.82,1831.86
1703;0.38;0;221.97,1762.37,302.8,1838.17
1706;0.38;0;3732.57,237.87,3839.14,507.03
1707;0.46;0;223.18,1793.5,305.95,1863.4
1708;0.45;0;3730.49,247.89,3838.84,507.23
1714;0.39;0;3724.55,257.88,3839.47,556.81
1715;0.4;0;3724.98,257.95,3839.8,570.67
1716;0.51;0;3724.67,265.42,3839.52,561.08
1717;0.46;0;3723.02,260.17,3839.9,578.86
1718;0.38;0;3724.47,262.93,3839.89,579.47
1719;0.65;0;215.99,1871.04,298.17,1944.75
1719;0.5;0;3719.68,279.94,3839.44,596.55
1720;0.48;0;214.79,1877.16,296.4,1950.48
1720;0.46;0;3721.03,277.1,3839.8,605.41
1721;0.52;0;213.05,1882.11,299.26,1961.09
1722;0.5;0;3720.0,285.8,3839.81,604.85
1723;0.48;0;3715.2,300.01,3839.41,629.21
1724;0.56;0;3717.44,301.75,3839.61,629.07
1725;0.5;0;3716.27,303.86,3839.62,632.76
1726;0.53;0;3717.2,303.9,3839.86,633.64
1726;0.37;0;214.83,1919.93,291.81,1986.63
1727;0.57;0;3713.11,329.44,3839.2,631.74
1728;0.56;0;3710.39,325.17,3839.38,656.23
1729;0.54;0;3713.11,325.44,3839.48,659.09
1730;0.56;0;3709.55,332.72,3839.46,654.94
1731;0.49;0;211.64,1951.46,290.74,2021.77
1731;0.47;0;3710.86,333.94,3839.46,654.19
1732;0.44;0;3705.38,349.7,3839.25,687.55
1732;0.39;0;212.82,1957.37,290.96,2030.32
1733;0.44;0;212.54,1964.95,287.92,2035.0
1733;0.44;0;3708.23,345.35,3839.25,687.57
1734;0.42;0;3707.01,353.07,3839.35,684.56
1735;0.46;0;3704.4,371.59,3839.08,703.45
1736;0.43;0;209.47,1984.99,294.53,2062.79
1736;0.36;0;3704.95,367.36,3839.27,715.78
1737;0.37;0;3705.25,366.11,3839.58,717.8
1739;0.38;0;211.67,2004.82,296.88,2081.7
1739;0.36;0;3699.67,392.11,3839.25,737.34
1740;0.4;0;209.77,2009.43,294.21,2090.86
1741;0.6;0;208.93,2019.83,290.79,2098.68
1742;0.49;0;207.29,2027.64,293.82,2106.59
1743;0.56;0;209.13,2031.48,295.63,2111.71
1744;0.54;0;209.69,2035.6,291.73,2119.9
1745;0.49;0;210.89,2043.74,289.19,2123.22
1745;0.36;0;3661.19,371.25,3840.0,765.2
1746;0.41;0;3660.99,383.57,3840.0,763.94
1747;0.37;0;3659.39,365.64,3839.96,773.35
1749;0.41;0;1010.7,1923.57,1081.96,1990.72
1749;0.36;0;3659.2,393.23,3840.0,785.46
1750;0.43;0;1011.16,1929.47,1081.18,1999.92
1750;0.39;0;3696.7,439.04,3839.33,790.19
1750;0.37;0;3660.32,393.61,3840.0,780.19
1752;0.36;0;3690.88,468.37,3838.83,785.51
1753;0.41;0;3661.42,421.98,3840.0,791.51
1754;0.48;0;3660.24,428.18,3840.0,804.26
1755;0.41;0;3660.06,426.88,3840.0,815.13
1756;0.41;0;3660.6,427.67,3840.0,815.61
1762;0.37;0;3660.03,462.85,3840.0,847.36
1763;0.41;0;3660.56,471.99,3840.0,841.6
1764;0.41;0;3660.49,478.88,3840.0,862.58
1765;0.35;0;3660.39,478.83,3840.0,871.14
1766;0.42;0;3658.9,490.87,3840.0,876.44
1768;0.38;0;3659.16,497.61,3840.0,876.32
1770;0.38;0;3658.82,505.35,3840.0,887.26
1774;0.39;0;3657.65,530.18,3840.0,907.53
1776;0.39;0;3657.52,543.73,3840.0,906.27
1778;0.41;0;3655.23,551.82,3840.0,914.58
1779;0.36;0;3655.03,553.55,3839.9,941.64
1780;0.39;0;3655.12,559.0,3839.93,926.99
1782;0.39;0;3655.16,564.22,3840.0,956.89
1784;0.39;0;3654.17,584.62,3839.78,956.63
1787;0.41;0;3653.57,589.69,3839.73,995.2
1788;0.4;0;3654.16,598.18,3839.95,974.71
1789;0.38;0;3652.95,587.84,3839.73,1005.37
1792;0.37;0;3654.74,622.87,3840.0,1003.0
1823;0.42;0;3412.76,1150.88,3534.65,1234.63
1852;0.4;0;3393.33,1317.71,3519.83,1413.78
1987;0.36;0;3746.81,1969.93,3838.77,2159.08
1988;0.36;0;3752.82,1985.09,3839.24,2159.06
1989;0.36;0;3757.24,1998.98,3839.42,2158.87
2377;0.39;0;1876.65,1786.64,2015.34,1917.38
2378;0.45;0;1871.38,1797.45,2012.06,1920.02
2391;0.37;0;3336.9,1076.57,3448.65,1180.53
2468;0.53;0;2271.54,347.97,2371.67,434.43
2790;0.52;0;2814.35,12.97,2918.09,125.89
2791;0.37;0;2812.27,19.5,2912.3,129.76
2798;0.39;0;2811.74,65.02,2918.42,175.15
2806;0.6;0;2815.87,111.61,2914.84,218.24
2807;0.6;6;2812.67,117.82,2917.04,230.23
2808;0.35;6;2810.36,120.77,2919.04,237.76
2810;0.48;6;2812.67,131.32,2918.41,245.13
2812;0.45;6;2817.32,143.41,2918.25,251.73
2813;0.48;6;2819.77,152.24,2916.63,255.99
2814;0.48;6;2816.69,158.32,2915.94,264.64
2834;0.43;0;688.62,889.17,768.89,974.46
2835;0.53;0;688.13,893.22,769.32,976.14
2852;0.63;0;2819.02,386.39,2919.72,480.14
2854;0.55;7;2817.99,396.33,2918.65,490.05
2855;0.36;7;2820.04,403.57,2917.99,494.69
2878;0.48;0;2813.71,566.89,2916.99,669.13
2894;0.62;0;2802.33,667.54,2913.48,774.04
2907;0.53;0;1751.89,68.24,1843.73,152.29
2952;0.53;0;1767.4,361.95,1855.79,452.37
2968;0.44;0;1767.26,461.84,1854.19,549.24
2971;0.36;0;1768.75,483.13,1857.89,571.32
2973;0.48;0;1768.99,495.74,1859.06,582.96
2974;0.48;0;1770.54,500.99,1857.42,587.98
2975;0.49;0;1769.74,505.06,1855.15,591.69
2980;0.36;0;2699.58,3.67,2956.11,229.25
2983;0.37;0;2708.24,8.38,2953.84,242.78
2984;0.46;0;2704.97,8.17,2952.75,249.61
2985;0.45;0;2701.92,8.68,2952.55,257.69
2986;0.5;0;2699.03,11.03,2952.38,260.66
2989;0.4;0;2706.1,29.64,2953.98,279.68
2993;0.4;0;2702.22,58.98,2948.43,304.23
2994;0.5;0;2703.46,62.45,2949.32,311.42
2997;0.42;0;2696.55,74.78,2949.78,324.47
2998;0.53;0;2700.41,84.54,2954.32,332.19
2999;0.59;0;2702.79,84.7,2953.39,337.46
2999;0.53;0;1769.92,648.62,1851.72,733.66
3000;0.59;0;2705.1,94.23,2951.25,344.85
3001;0.58;0;2706.64,103.37,2953.33,347.16
3002;0.51;0;2713.16,116.8,2954.94,356.9
3010;0.4;0;2717.66,164.96,2956.38,408.64
3011;0.36;0;2714.35,168.53,2958.78,416.75
3012;0.37;0;2768.79,184.44,2939.41,323.98
3020;0.39;0;1775.03,779.52,1853.65,859.88
3023;0.37;0;1773.45,795.52,1857.37,881.41
3025;0.38;0;1773.25,809.72,1859.09,895.4
3033;0.38;0;2719.83,325.75,2959.9,565.25
3041;0.41;0;1772.74,905.3,1857.87,992.84
3042;0.38;0;1771.56,908.7,1858.65,997.34
3043;0.51;0;1775.95,918.63,1859.12,1003.09
3068;0.56;0;1825.02,1627.73,1942.78,1737.37
3094;0.54;0;1788.69,1250.37,1867.91,1333.5
3095;0.42;0;1785.18,1259.65,1866.3,1340.45
3096;0.62;0;1785.39,1265.25,1867.72,1350.21
3097;0.53;9;1786.83,1269.73,1868.7,1354.24
3098;0.55;9;1787.38,1274.98,1868.37,1358.56
3127;0.49;0;1791.57,1461.75,1872.26,1548.9
3128;0.48;0;1789.89,1467.95,1871.65,1549.61
3151;0.5;0;1786.67,1615.14,1869.85,1699.92
3152;0.46;0;1784.54,1623.02,1865.18,1704.42
3153;0.5;0;1787.41,1627.78,1865.47,1713.41
3155;0.42;0;1789.4,1643.68,1869.7,1723.03
3163;0.38;0;1778.7,1695.48,1862.86,1780.39
3378;0.43;0;2790.09,143.9,2851.42,209.72
3379;0.58;0;2790.51,149.55,2857.14,219.44
3380;0.35;0;2792.51,156.53,2857.76,223.01
3390;0.36;0;2807.85,237.1,2869.36,292.31
3392;0.5;0;2807.22,251.21,2876.03,308.73
3399;0.4;0;2818.69,303.78,2882.59,362.88
3400;0.35;0;2818.57,309.09,2887.47,366.83
3406;0.42;0;2831.02,357.49,2892.67,411.04
3407;0.52;0;2830.08,363.13,2896.24,416.74
3408;0.6;0;2832.5,369.38,2898.93,425.09
3424;0.36;0;2845.17,483.21,2916.8,542.78
3425;0.38;0;2845.84,489.17,2921.48,555.49
3436;0.44;0;2440.03,271.55,2528.25,349.65
3437;0.37;0;2440.56,270.71,2528.2,352.23
3440;0.39;0;2443.39,289.96,2530.54,371.45
3457;0.37;0;1513.76,1842.38,1615.09,1933.82
3527;0.43;0;3026.68,414.43,3139.36,538.18
3528;0.52;0;3029.85,425.1,3136.66,536.7
3550;0.58;0;3024.36,576.77,3153.71,700.93
3632;0.42;0;3046.17,1143.89,3157.12,1244.33
3634;0.4;0;3043.08,1152.91,3156.19,1257.31
3644;0.4;0;1573.68,1581.48,1700.24,1677.62
3681;0.41;0;1589.94,1800.12,1679.59,1887.8
3703;0.44;0;1273.56,1501.42,1368.91,1592.72
3708;0.39;0;1279.63,1535.01,1375.3,1622.07
4464;0.37;0;2.42,0.0,147.72,70.88
4563;0.39;0;873.51,519.96,972.0,615.4
4600;0.36;0;3769.49,295.98,3839.89,488.79
4601;0.38;0;3726.24,607.84,3839.2,880.9
4602;0.36;0;3726.88,613.52,3838.92,881.28
4603;0.37;0;3725.87,614.04,3838.81,890.89
4604;0.38;0;3759.44,306.24,3839.51,501.78
4612;0.39;0;3772.63,104.83,3839.03,210.06
4613;0.43;0;3771.21,106.56,3839.28,211.69
4615;0.44;0;3767.19,118.45,3839.29,209.82
4616;0.39;0;3764.3,122.28,3838.91,209.12
4625;0.46;0;3738.61,150.53,3828.44,234.88
4631;0.44;0;3721.67,166.55,3814.28,254.15
4632;0.42;0;3720.21,168.33,3813.11,256.79
4634;0.4;0;3712.34,175.21,3802.27,259.24
4635;0.36;0;3711.67,177.37,3802.66,260.12
4648;0.47;0;3678.52,215.5,3767.9,305.29
4663;0.43;0;3640.2,265.22,3727.73,354.52
4664;0.39;0;3638.44,267.42,3727.87,355.78
4670;0.45;0;3624.46,287.67,3716.57,378.22
4671;0.45;0;3623.22,294.44,3712.78,379.52
4673;0.4;0;3615.97,299.7,3707.57,386.7
4677;0.39;0;3609.4,312.1,3696.12,397.37
4696;0.38;0;3557.52,360.99,3647.22,449.66
4703;0.4;0;3538.4,384.08,3629.22,473.41
4704;0.42;0;3536.66,387.43,3625.53,473.13
4704;0.37;0;3657.49,199.07,3840.0,528.32
4705;0.36;0;3655.38,206.12,3840.0,555.93
4706;0.46;0;3531.14,392.72,3622.01,480.03
4707;0.47;0;3528.44,396.78,3619.25,483.33
4707;0.4;0;3654.45,212.59,3840.0,533.08
4713;0.48;0;3515.01,413.62,3607.57,500.84
4714;0.35;0;3512.27,417.72,3603.27,501.89
4720;0.37;0;3498.32,438.97,3586.82,525.19
4725;0.41;0;3485.42,454.51,3573.86,544.82
4730;0.35;0;3473.51,472.81,3563.01,560.31
4733;0.4;0;3469.5,481.92,3557.19,568.58
4746;0.39;0;3437.36,537.47,3525.57,620.71
4752;0.52;0;3422.66,563.33,3513.81,645.82
4760;0.44;0;3406.67,604.17,3492.89,687.57
4761;0.44;0;3401.28,607.45,3492.12,690.79
4763;0.39;0;3397.0,614.45,3488.27,702.36
4766;0.36;0;3393.07,623.89,3480.23,715.31
4767;0.44;0;3392.65,634.13,3481.97,716.62
4776;0.47;0;3373.88,672.97,3464.28,759.79
4777;0.52;0;3372.74,676.31,3459.59,764.24
4783;0.41;0;3362.69,705.27,3446.66,783.86
4785;0.43;0;3355.37,713.3,3447.28,801.94
4786;0.39;0;3357.89,720.12,3442.54,802.15
4789;0.43;0;3349.16,731.46,3438.75,812.5
4792;0.43;0;3347.03,744.65,3431.34,826.58
4794;0.41;0;3343.77,754.87,3431.15,835.78
4804;0.42;0;3324.64,794.11,3418.63,883.44
4805;0.38;0;3325.83,800.46,3416.92,883.43
4814;0.41;0;3313.65,841.32,3397.21,921.7
4815;0.44;0;3311.98,843.29,3395.96,929.43
4816;0.54;0;3308.82,848.45,3395.49,931.93
4817;0.47;0;3305.51,851.02,3396.13,935.19
4819;0.52;0;3306.4,862.34,3394.31,946.15
4820;0.5;0;3305.0,865.03,3393.37,950.91
4821;0.57;0;3302.2,864.48,3394.6,956.83
4822;0.64;0;3301.03,872.97,3389.93,955.88
4825;0.45;0;3297.82,887.41,3383.13,974.63
4826;0.44;0;3296.49,896.13,3384.12,979.88
4827;0.5;0;3295.54,897.35,3383.06,980.36
4834;0.49;0;3289.16,935.32,3375.28,1018.31
4839;0.35;0;3283.95,960.09,3370.8,1043.21
4841;0.51;0;3279.3,968.58,3369.19,1050.82
4850;0.38;0;3272.84,1016.88,3360.31,1098.19
4861;0.36;0;3266.13,1082.22,3350.88,1162.23
4871;0.42;0;3255.45,1134.66,3344.55,1220.03
4875;0.45;0;3252.89,1155.02,3345.02,1245.83
4879;0.43;0;3249.3,1178.24,3338.41,1268.44
4883;0.43;0;3247.52,1201.14,3337.49,1292.31
4889;0.36;0;3746.21,664.94,3839.66,931.0
4891;0.46;0;3244.81,1248.46,3334.34,1339.49
4892;0.43;0;3245.03,1256.56,3333.07,1340.79
4894;0.36;0;3751.52,704.04,3839.72,928.97
4897;0.38;0;3745.9,707.44,3839.73,973.6
4898;0.45;0;3744.04,710.63,3839.59,976.04
4899;0.43;0;3745.71,728.49,3839.78,965.43
4900;0.37;0;3746.1,725.05,3839.86,989.39
4902;0.43;0;3743.86,721.38,3839.77,982.03
4904;0.36;0;3740.56,725.1,3839.8,1027.44
4906;0.4;0;3740.2,746.61,3839.44,1006.55
4907;0.41;0;3239.58,1347.37,3324.54,1429.26
4908;0.42;0;3740.29,770.75,3839.41,1038.94
4909;0.43;0;3741.59,781.68,3839.56,1029.53
4913;0.41;0;3738.41,795.31,3839.56,1047.5
4914;0.35;0;3739.63,787.84,3839.82,1045.83
4920;0.51;0;3231.82,1419.82,3320.75,1508.71
4929;0.48;0;3228.79,1473.6,3314.22,1556.11
4929;0.37;0;3731.75,897.54,3839.3,1119.28
4934;0.41;0;3725.29,905.62,3839.0,1172.22
4935;0.38;0;3724.59,908.93,3839.19,1179.83
4937;0.39;0;3722.18,917.06,3838.76,1184.18
4939;0.54;0;3720.91,941.72,3838.59,1194.72
4940;0.4;0;3721.57,935.72,3839.07,1207.7
4941;0.46;0;3720.39,936.49,3838.7,1214.72
4943;0.53;0;3720.97,966.01,3839.02,1221.81
4944;0.42;0;3722.37,965.15,3839.0,1225.36
4947;0.41;0;3722.29,984.53,3839.15,1235.68
4948;0.43;0;3718.66,987.25,3839.07,1246.29
4948;0.41;0;3222.76,1581.77,3311.07,1662.49
4952;0.39;0;3721.81,1006.38,3838.76,1265.5
4953;0.41;0;3722.87,1013.62,3838.66,1269.73
4958;0.43;0;3222.96,1637.92,3312.95,1723.41
4960;0.38;0;3720.86,1058.16,3839.19,1310.68
4961;0.44;0;3716.53,1054.94,3838.82,1318.3
4964;0.35;0;3719.67,1078.02,3839.26,1336.52
4968;0.48;0;3719.3,1098.35,3839.11,1350.17
4969;0.53;0;3721.07,1099.42,3838.83,1361.03
4970;0.44;0;3720.76,1098.04,3838.85,1369.83
4973;0.42;0;3719.83,1123.94,3838.71,1386.53
4974;0.49;0;3226.68,1733.09,3314.64,1818.99
4976;0.44;0;3720.96,1152.67,3838.91,1398.9
4977;0.54;0;3720.24,1152.92,3838.78,1408.26
4978;0.43;0;3228.27,1756.3,3314.59,1842.74
4978;0.39;0;3720.94,1153.82,3838.72,1417.39
4979;0.4;0;3721.18,1170.33,3839.04,1419.21
4981;0.46;0;3229.36,1774.53,3312.39,1858.88
4981;0.41;0;3718.67,1175.82,3838.68,1440.74
4982;0.56;0;3229.09,1781.22,3314.24,1866.44
4985;0.47;0;3722.31,1204.44,3838.74,1455.76
4987;0.42;0;3721.24,1219.26,3839.66,1464.47
4988;0.42;0;3721.25,1222.62,3839.42,1474.66
4990;0.6;0;3229.93,1830.08,3315.87,1915.41
4991;0.43;0;3722.9,1232.86,3838.97,1502.77
4992;0.41;0;3722.33,1249.43,3839.16,1500.06
4993;0.36;0;3720.86,1253.99,3839.14,1508.72
4994;0.37;0;3231.23,1853.49,3319.32,1939.6
4994;0.35;0;3722.35,1254.13,3838.86,1516.47
4996;0.49;0;3724.18,1274.93,3839.0,1526.24
4997;0.56;0;3723.95,1278.14,3838.77,1530.11
4997;0.38;0;3233.52,1870.87,3322.69,1959.13
4998;0.63;0;3231.5,1878.76,3318.31,1962.85
5000;0.36;0;3231.72,1889.65,3320.57,1977.9
5001;0.49;0;3231.05,1896.29,3319.15,1983.67
5001;0.4;0;3721.9,1297.54,3838.74,1555.36
5002;0.66;0;3230.62,1903.55,3318.98,1986.6
5003;0.57;12;3231.1,1906.89,3319.36,1989.82
5004;0.52;12;3229.27,1911.22,3322.54,1998.95
5005;0.48;12;3230.03,1920.17,3321.43,2006.13
5006;0.53;12;3230.61,1928.75,3317.63,2010.53
5009;0.57;12;3227.96,1946.68,3316.32,2029.91
5012;0.35;12;3229.51,1965.11,3317.24,2047.85
5013;0.53;12;3228.73,1975.21,3317.99,2059.51
5014;0.42;0;3719.91,1361.2,3838.9,1634.65
5016;0.45;0;3720.45,1384.01,3838.69,1648.98
5017;0.46;0;3229.41,2001.88,3315.05,2082.14
5019;0.4;0;3231.34,2013.49,3315.6,2099.62
5020;0.58;12;3227.79,2021.41,3320.38,2109.26
5023;0.53;12;3227.45,2037.76,3319.62,2125.73
5024;0.52;12;3229.01,2049.02,3317.03,2133.07
5026;0.46;12;3230.11,2061.38,3318.84,2146.5
5030;0.44;0;3718.39,1488.62,3838.55,1744.28
5031;0.47;0;3718.62,1491.63,3838.7,1744.52
5032;0.37;0;3717.16,1475.17,3838.92,1764.54
5034;0.38;0;3713.52,1470.33,3839.49,1812.01
5037;0.4;0;3712.97,1542.66,3838.46,1791.83
5038;0.56;0;3710.16,1551.18,3838.44,1789.72
5039;0.4;0;3712.0,1534.75,3838.89,1811.64
5042;0.39;0;3707.52,1567.36,3838.63,1826.5
5044;0.46;0;3709.47,1586.69,3838.46,1836.61
5049;0.42;0;3711.02,1597.48,3839.23,1886.06
5051;0.38;0;3713.4,1591.69,3839.61,1914.95
5054;0.48;0;3716.84,1623.86,3839.39,1933.2
5059;0.43;0;3712.68,1668.53,3839.22,1958.03
5074;0.44;0;3704.58,1760.12,3839.22,2095.74
5079;0.38;0;3707.2,1814.02,3840.0,2111.3
5114;0.49;0;3746.35,1977.66,3839.25,2145.67
5115;0.47;0;3746.37,1985.38,3839.4,2149.31
5116;0.53;0;3747.21,1991.71,3839.54,2147.95
5117;0.53;0;3746.01,2001.96,3839.51,2149.04
5118;0.56;0;3742.92,2007.14,3839.05,2156.96
5119;0.51;0;3747.77,2012.61,3839.52,2157.42
5120;0.55;0;3745.34,2017.41,3839.22,2157.95
5121;0.54;0;3744.5,2029.58,3838.97,2158.34
5122;0.52;0;3741.43,2034.6,3838.66,2158.43
5123;0.5;0;3745.24,2041.13,3838.75,2158.81
5124;0.47;0;3746.6,2046.16,3838.84,2158.31
5125;0.36;0;3746.26,2052.45,3838.77,2158.45
6835;0.43;0;2689.25,92.62,2801.14,209.05
7042;0.42;0;2612.8,1535.79,2722.29,1637.96
7043;0.42;0;2612.71,1540.81,2722.4,1642.48
7054;0.36;0;2608.77,1604.24,2720.56,1715.69
7058;0.42;0;2607.28,1633.74,2721.19,1736.33
7100;0.4;0;2589.55,1894.76,2696.98,1988.17
7106;0.38;0;2927.19,130.85,3004.19,205.87
7134;0.4;0;2911.03,312.42,2991.14,389.27
7283;0.37;0;2863.88,1324.71,2942.7,1402.49
7284;0.56;0;2864.05,1329.82,2946.36,1407.32
7289;0.37;0;2861.99,1359.1,2944.51,1439.92
7293;0.43;0;2864.33,1388.37,2947.67,1464.23
7294;0.5;0;2860.89,1396.39,2941.25,1471.91
7297;0.43;0;2860.55,1417.77,2940.83,1492.82
7298;0.4;0;2858.57,1423.69,2939.35,1499.38
7315;0.35;0;2855.82,1536.46,2932.08,1612.87
7316;0.36;0;2854.72,1544.55,2933.68,1621.29
7319;0.47;0;2855.14,1563.86,2936.68,1642.57
7320;0.4;0;2856.72,1571.85,2933.41,1649.76
7321;0.35;0;2855.78,1580.44,2928.99,1657.07
7322;0.36;0;2854.52,1586.62,2930.78,1663.47
7323;0.54;0;2854.19,1590.02,2930.4,1669.24
7325;0.48;0;2855.39,1604.8,2930.21,1681.67
7327;0.42;0;2850.12,1615.88,2931.92,1697.02
7329;0.37;0;2854.47,1629.69,2935.15,1709.26
7333;0.36;0;2847.05,1658.13,2930.1,1736.87
7334;0.42;0;2850.25,1664.38,2928.16,1743.18
7338;0.47;0;2850.5,1691.85,2926.6,1770.9
7339;0.4;0;2849.63,1693.0,2930.35,1776.7
7341;0.37;0;2848.0,1713.44,2925.16,1791.29
7351;0.46;0;2840.78,1777.66,2924.34,1856.69
7358;0.52;0;2842.52,1824.7,2919.67,1904.13
7360;0.44;0;2844.61,1840.45,2919.06,1918.09
7361;0.43;0;2841.54,1846.83,2919.83,1924.64
7362;0.5;0;2840.8,1852.07,2918.51,1930.55
7367;0.35;0;2840.9,1880.48,2919.69,1961.76
7368;0.55;0;2843.09,1892.13,2919.46,1969.3
7369;0.45;0;2839.94,1898.03,2917.88,1975.19
7370;0.39;0;2836.57,1899.94,2918.51,1980.93
7373;0.39;0;2838.17,1923.83,2915.41,2000.52
7376;0.39;0;2837.25,1944.48,2917.42,2021.1
7377;0.36;0;2834.47,1947.73,2914.16,2027.46
7385;0.36;0;2831.75,1997.24,2911.55,2077.08
7386;0.35;0;2832.82,2004.31,2907.47,2083.7
7654;0.54;0;92.72,794.15,192.96,878.68
7679;0.4;0;1843.67,0.0,1989.53,178.06
7716;0.41;0;1712.45,42.99,1979.4,412.97
7717;0.39;0;1713.91,48.49,1971.29,417.51
7742;0.4;0;1706.57,224.98,1971.53,579.92
7747;0.37;0;1709.35,257.87,1967.15,616.84
7748;0.38;0;1688.44,271.99,1971.97,616.56
7751;0.36;0;1691.59,278.88,1974.14,644.05
7753;0.43;0;1694.37,290.58,1967.78,656.9
7768;0.35;0;1688.47,391.08,1962.59,758.06
7775;0.38;0;1682.78,437.09,1928.83,795.92
7781;0.36;0;1673.58,476.2,1941.77,844.58
7782;0.42;0;1679.34,481.68,1928.63,848.16
7783;0.37;0;1678.73,499.58,1925.76,854.82
7788;0.36;0;370.99,0.97,422.42,51.56
7789;0.43;0;1675.27,527.86,1927.58,897.09
7790;0.4;0;1671.03,545.12,1918.71,901.17
7794;0.38;0;367.5,39.05,421.73,92.75
7799;0.46;0;364.95,73.37,416.44,128.31
7800;0.44;0;365.91,79.97,415.73,136.31
7804;0.37;0;362.28,105.64,413.75,159.78
7805;0.38;0;1658.29,643.57,1914.74,993.85
7811;0.41;0;1655.87,676.0,1919.0,1036.43
7818;0.39;0;1658.98,722.75,1917.73,1071.17
7819;0.4;0;1659.44,737.88,1914.38,1084.77
7820;0.37;0;1655.09,746.71,1909.82,1093.98
7826;0.4;0;1658.4,785.89,1915.15,1130.87
7828;0.35;0;1657.02,796.47,1912.34,1144.24
7834;0.43;0;1647.31,839.44,1908.87,1179.24
7862;0.51;0;333.08,483.95,385.95,538.98
7863;0.38;0;1631.49,1030.12,1872.07,1372.66
7863;0.38;0;331.56,488.32,385.01,546.66
7864;0.4;0;1634.67,1037.43,1870.65,1370.82
7868;0.46;0;331.66,522.82,384.4,579.82
7871;0.41;0;1627.79,1084.15,1868.59,1426.08
7874;0.39;0;330.61,567.85,378.29,618.61
7896;0.37;0;585.31,0.71,629.7,39.42
7898;0.39;0;317.98,722.3,369.49,774.36
7900;0.38;0;1622.95,1277.22,1863.43,1617.52
7901;0.38;0;1623.11,1280.51,1862.51,1619.7
7904;0.37;0;318.01,759.63,371.48,817.12
7905;0.36;0;316.83,765.69,369.23,822.21
7909;0.38;0;314.21,789.34,371.39,849.21
7910;0.56;0;311.62,796.49,369.54,856.95
7912;0.37;0;1620.66,1354.03,1863.42,1682.09
7913;0.38;0;1617.26,1366.36,1861.04,1685.7
7913;0.36;0;312.46,817.54,366.17,873.84
7914;0.44;0;1620.85,1371.45,1861.73,1699.24
7915;0.46;0;1615.87,1375.14,1857.6,1701.02
7918;0.37;0;1616.86,1392.55,1853.77,1729.69
7920;0.36;0;1625.77,1418.96,1862.93,1723.79
7921;0.46;0;1619.31,1420.87,1861.59,1743.4
7922;0.49;0;1615.19,1423.64,1858.82,1745.43
7922;0.45;0;311.21,879.07,358.27,930.24
7923;0.38;0;308.65,883.76,358.45,936.63
7924;0.55;0;307.88,892.64,357.23,943.3
7924;0.36;0;1618.02,1436.94,1857.43,1769.19
7925;0.37;0;1615.34,1440.3,1852.36,1776.52
7926;0.39;0;1614.54,1447.07,1850.2,1778.76
7927;0.37;0;1619.94,1459.64,1861.3,1780.46
7928;0.42;0;1618.85,1467.55,1860.0,1786.91
7929;0.42;0;1609.83,1471.59,1858.82,1801.0
7930;0.38;0;1610.51,1477.56,1853.6,1807.79
7932;0.36;0;1609.15,1487.44,1846.2,1824.21
7939;0.45;0;301.47,989.7,352.47,1044.68
7943;0.39;0;299.32,1013.41,352.71,1071.69
7944;0.39;0;301.13,1022.27,350.53,1075.64
7946;0.38;0;302.73,1036.68,348.66,1087.07
7948;0.48;0;301.06,1049.01,349.86,1100.16
7950;0.6;0;296.89,1060.25,349.47,1114.76
7951;0.49;0;296.24,1063.77,352.76,1122.73
7953;0.56;0;296.05,1075.28,349.32,1134.87
7954;0.54;0;295.44,1083.78,351.34,1143.08
7955;0.48;0;296.28,1091.29,348.4,1146.76
7956;0.46;0;297.51,1099.13,348.1,1152.79
7957;0.48;0;295.13,1103.88,349.11,1160.65
7958;0.42;0;296.3,1111.26,347.96,1168.55
7959;0.44;0;293.65,1117.28,347.82,1175.01
7960;0.4;0;293.58,1124.82,346.95,1181.57
7961;0.6;0;292.03,1131.66,344.13,1188.87
7962;0.52;0;293.01,1137.3,345.89,1195.81
7963;0.43;0;292.79,1144.55,345.42,1202.93
7964;0.53;0;294.09,1152.62,346.4,1207.26
7965;0.5;0;293.23,1158.23,344.94,1216.58
7966;0.41;0;293.81,1165.48,344.39,1220.36
7967;0.46;0;293.05,1172.69,343.35,1228.39
7968;0.47;0;293.22,1179.15,342.67,1232.2
7971;0.39;0;291.9,1197.66,341.4,1251.41
7972;0.52;0;290.0,1204.05,341.67,1259.85
7973;0.36;0;291.86,1212.08,340.36,1265.64
7983;0.36;0;1583.75,1844.41,1824.16,2151.98
7984;0.39;0;1584.26,1853.09,1823.14,2152.5
7985;0.38;0;1584.48,1854.58,1825.01,2153.32
7986;0.42;0;1585.4,1859.29,1824.09,2154.22
7989;0.46;0;285.53,1313.17,336.95,1370.37
7990;0.48;0;282.71,1318.47,336.73,1374.99
7994;0.41;0;281.51,1345.74,334.84,1399.26
7998;0.4;0;281.02,1371.19,334.15,1428.13
8007;0.54;0;3083.48,571.91,3174.46,661.46
8009;0.41;0;275.41,1443.28,329.63,1498.88
8019;0.36;0;270.68,1506.94,326.51,1566.21
8020;0.49;0;271.81,1514.82,327.92,1572.52
8021;0.47;0;270.76,1520.52,327.48,1579.4
8031;0.43;0;271.03,1588.26,321.27,1640.07
8034;0.54;0;269.21,1605.96,322.42,1662.89
8036;0.39;0;270.92,1621.58,321.89,1676.06
8040;0.41;0;267.75,1645.95,322.56,1703.33
8042;0.37;0;265.44,1657.91,321.13,1719.71
8048;0.35;0;3061.38,862.2,3162.19,954.7
8050;0.49;0;259.31,1706.49,315.76,1764.85
8054;0.39;0;267.28,1735.72,314.03,1786.17
8077;0.51;0;250.62,1869.56,301.68,1926.09
8078;0.46;0;251.33,1876.36,301.55,1931.66
8084;0.37;0;247.71,1911.63,300.22,1967.87
8085;0.35;0;246.06,1916.48,300.12,1974.29
8086;0.42;0;245.96,1922.78,300.18,1981.22
8087;0.4;0;246.06,1927.84,299.51,1987.16
8087;0.39;0;3057.23,1121.9,3147.17,1207.44
8091;0.47;0;3058.38,1149.2,3151.66,1237.42
8093;0.39;0;242.74,1962.6,294.46,2019.74
8094;0.5;0;241.62,1967.12,294.2,2025.76
8095;0.52;0;240.82,1972.93,292.59,2030.5
8100;0.43;0;236.96,1999.87,288.21,2059.27
8101;0.49;0;236.66,2007.72,290.07,2065.0
8102;0.47;0;237.71,2012.43,290.91,2069.75
8103;0.38;0;237.18,2018.76,288.26,2074.28
8110;0.38;0;230.47,2058.26,282.37,2113.95
8111;0.4;0;229.57,2063.12,281.88,2118.01
8112;0.63;0;230.29,2069.84,281.46,2123.92
8174;0.46;0;473.15,1737.0,520.26,1779.9
8176;0.42;0;473.31,1748.34,518.21,1789.35
8660;0.45;0;0.0,639.46,58.11,727.85
8661;0.4;0;0.0,640.95,56.09,726.26
8669;0.42;0;0.0,684.3,55.79,765.05
8670;0.38;0;0.0,686.26,56.0,769.31
8706;0.35;0;0.0,852.58,57.65,939.33
8707;0.4;0;0.0,860.8,56.83,943.07
8727;0.43;0;0.0,965.11,56.72,1048.51
8728;0.44;0;0.0,967.04,57.55,1055.76
8729;0.45;0;0.0,970.16,57.52,1063.68
8730;0.46;0;0.0,982.95,57.01,1072.55
8731;0.39;0;0.0,986.5,57.56,1074.76
8896;0.45;0;3350.39,552.34,3626.28,797.39
8951;0.44;0;2916.97,1272.3,3060.9,1420.15
8952;0.41;0;2917.38,1279.56,3060.6,1421.47
9018;0.39;0;3315.62,1465.25,3589.6,1710.94
9052;0.37;0;3306.63,1715.96,3581.53,1959.23
9054;0.35;0;3298.35,1729.39,3589.44,2003.65
9058;0.46;0;2770.79,1983.15,3051.73,2160.0
9060;0.43;0;3305.92,1777.38,3573.89,2024.6
9061;0.58;0;3301.26,1777.42,3592.7,2026.56
9062;0.56;0;3305.28,1795.28,3558.99,2035.82
9063;0.47;0;3303.28,1800.79,3558.45,2049.85
9086;0.42;0;3267.52,1970.07,3558.52,2159.01
9087;0.36;0;3265.62,1975.23,3554.44,2158.89
9259;0.46;0;34.74,172.36,85.8,221.27
9372;0.37;0;945.41,0.0,1435.07,217.81
9373;0.4;0;936.87,0.0,1425.48,226.07
9376;0.47;0;2.02,0.47,175.91,66.97
9432;0.46;0;1857.28,1321.84,1950.12,1417.56
9506;0.49;0;3676.2,302.65,3794.05,397.65
9523;0.43;0;3732.52,0.0,3837.75,59.37
9524;0.35;0;3733.86,0.0,3837.82,66.77
9525;0.39;0;3726.51,0.0,3837.87,73.33
9526;0.41;0;3725.75,0.05,3838.23,83.9
9527;0.42;0;3725.62,0.09,3838.18,89.53
9528;0.51;0;3721.47,0.0,3838.14,100.75
9529;0.37;0;3710.76,0.33,3837.8,107.01
9530;0.39;0;3707.6,0.31,3837.62,117.36
9531;0.4;0;3689.62,0.0,3838.29,137.85
9532;0.39;0;3686.9,0.0,3838.21,154.54
9533;0.5;0;3690.86,0.0,3838.13,154.25
9534;0.44;0;3684.92,0.0,3838.32,172.62
9535;0.41;0;3658.66,0.0,3837.59,192.74
9536;0.43;0;3660.42,0.0,3837.54,197.93
9537;0.44;0;3659.05,0.0,3837.37,204.36
9538;0.45;0;3656.16,0.0,3837.11,225.58
9539;0.5;0;3655.5,0.0,3837.38,222.31
9540;0.49;0;3651.58,0.0,3836.98,237.8
9541;0.52;0;3650.03,0.0,3836.82,242.38
9542;0.52;0;3647.6,0.0,3836.58,240.26
9543;0.52;0;3650.1,0.0,3836.98,236.95
9543;0.37;0;0.23,710.14,111.03,847.8
9544;0.51;0;3648.89,0.0,3836.72,238.97
9545;0.53;0;3650.7,0.0,3836.86,268.31
9545;0.37;0;2461.19,137.42,2736.64,374.16
9546;0.54;0;3648.66,0.0,3836.67,282.87
9547;0.51;0;3643.3,0.0,3836.06,295.31
9548;0.55;0;3628.68,0.0,3835.43,299.06
9549;0.58;0;3621.11,0.0,3835.25,298.02
9550;0.51;0;3622.45,0.0,3835.5,310.34
9551;0.53;0;3625.98,0.0,3836.06,311.95
9552;0.53;0;3633.28,0.0,3836.56,313.41
9553;0.5;0;3625.44,0.0,3835.64,323.1
9554;0.51;0;3614.18,0.29,3835.0,321.19
9555;0.49;0;3610.52,1.05,3834.7,328.11
9556;0.45;0;3609.62,0.97,3834.91,338.91
9557;0.5;0;3613.05,1.11,3835.3,340.29
9558;0.51;0;3608.6,1.35,3835.17,341.29
9558;0.46;0;2433.56,220.18,2650.03,427.47
9559;0.45;0;3609.96,2.21,3835.17,360.58
9560;0.56;0;2461.1,251.79,2731.13,455.11
9560;0.46;0;3612.62,3.04,3835.39,354.62
9560;0.39;0;2458.51,255.68,2656.63,449.56
9562;0.42;0;3611.63,3.43,3835.1,383.58
9563;0.44;0;3606.77,3.86,3834.9,385.78
9569;0.38;0;650.27,0.42,1152.86,283.28
9570;0.45;0;643.09,0.58,1154.62,312.74
9572;0.45;0;3598.81,4.65,3835.25,420.21
9573;0.42;0;3592.05,3.9,3835.74,413.07
9574;0.42;0;3579.38,4.2,3836.62,418.32
9578;0.39;0;3566.68,3.99,3837.12,427.24
9583;0.36;0;3763.46,874.62,3839.62,976.97
9584;0.38;0;3757.67,881.72,3839.56,989.76
9586;0.37;0;3755.7,901.12,3839.56,991.58
9587;0.63;0;3751.58,907.98,3838.61,997.28
9588;0.54;15;3749.56,912.61,3838.48,1003.86
9590;0.61;0;2453.06,439.52,2642.69,636.26
9591;0.36;0;2444.94,442.53,2648.59,638.76
9592;0.54;15;3741.48,933.82,3836.14,1030.91
9594;0.36;0;2452.4,456.49,2657.33,660.8
9599;0.37;0;2455.0,493.79,2647.07,685.32
9612;0.46;0;2432.13,569.06,2631.38,773.18
9612;0.42;0;3491.99,1015.51,3834.76,1261.8
9615;0.47;0;2411.94,595.88,2686.68,829.36
9618;0.61;0;2440.73,615.65,2613.52,776.6
9619;0.41;0;2435.62,618.13,2614.19,789.36
9632;0.38;0;2419.34,698.32,2621.78,920.79
9636;0.48;0;2831.8,17.21,3017.28,168.79
9637;0.45;0;2831.53,22.39,2965.94,165.21
9639;0.41;0;3711.23,1244.2,3805.55,1334.83
9640;0.64;0;2413.24,750.59,2612.45,934.96
9641;0.53;18;2412.92,753.56,2616.35,941.94
9642;0.44;0;3709.09,1262.3,3812.63,1361.14
9646;0.45;0;3566.19,1248.25,3821.64,1493.62
9648;0.44;0;2824.42,90.9,2990.01,251.0
9667;0.48;0;3682.62,1429.75,3778.79,1531.89
9668;0.59;0;3680.91,1440.66,3780.73,1551.31
9668;0.57;0;2377.09,954.27,2574.9,1131.49
9682;0.43;0;3676.59,1534.19,3762.12,1636.53
9683;0.41;0;3674.85,1537.06,3761.07,1640.42
9696;0.37;0;3666.26,1630.18,3757.57,1738.59
9698;0.48;0;3661.01,1643.18,3759.93,1749.7
9699;0.61;0;3660.12,1649.66,3753.64,1751.36
9700;0.4;0;3662.07,1656.32,3756.42,1761.99
9701;0.66;0;3662.61,1666.31,3752.85,1761.74
9702;0.41;0;3662.77,1673.36,3753.46,1772.69
9703;0.44;0;3663.74,1678.4,3752.97,1781.05
9709;0.44;0;3403.19,1654.27,3755.9,1873.96
9727;0.4;0;2336.02,1339.09,2580.87,1556.23
9738;0.36;0;3641.3,1929.2,3735.13,2029.45
9739;0.58;0;3637.1,1933.4,3732.77,2035.33
9740;0.37;0;3641.7,1942.12,3732.42,2040.66
9741;0.37;0;3635.24,1948.29,3727.28,2041.98
9755;0.44;0;3460.15,1999.97,3740.78,2160.0
9755;0.37;0;851.85,705.71,989.48,810.57
9759;0.35;0;3623.83,2071.66,3716.12,2157.2
9762;0.42;0;1522.41,482.33,1622.32,594.71
9763;0.49;0;849.12,766.11,989.32,862.92
9791;0.36;0;2306.36,1740.62,2505.32,1987.79
9793;0.44;0;2313.13,1759.42,2508.45,1976.64
9803;0.38;0;2293.78,1815.51,2494.05,2032.26
9816;0.43;0;2267.27,1905.14,2505.93,2146.48
9816;0.36;0;0.14,1873.99,239.38,2156.94
