original_size = 3840, 2160;
14;0.35;0;3606.32,109.44,3836.21,367.88
15;0.46;0;3623.34,5.33,3835.24,275.51
16;0.54;0;3649.73,1.29,3837.33,140.53
230;0.35;0;13.33,1935.26,301.47,2157.73
697;0.41;0;565.12,103.46,626.36,170.3
822;0.39;0;3753.75,474.67,3839.55,632.62
824;0.43;0;3738.6,495.68,3839.42,658.96
825;0.49;0;3746.42,501.84,3839.29,659.26
826;0.37;0;3751.38,519.65,3839.42,673.29
828;0.46;0;3741.12,542.9,3839.13,689.08
829;0.66;0;3740.28,557.87,3839.73,696.56
832;0.4;0;3714.21,168.1,3838.33,439.47
833;0.38;0;3714.39,588.92,3838.53,743.96
840;0.49;0;1091.27,193.35,1162.47,259.55
867;0.39;0;3706.43,633.47,3838.33,898.47
873;0.41;0;3731.14,1112.64,3839.11,1282.37
874;0.4;0;3713.38,763.59,3838.34,997.92
874;0.39;0;974.43,439.8,1022.07,483.05
875;0.52;0;973.73,456.79,1027.82,505.75
877;0.61;0;3714.65,818.05,3838.47,1025.24
877;0.38;0;3742.73,1187.56,3839.38,1343.08
878;0.49;0;3712.91,825.92,3838.19,1043.25
879;0.51;0;3716.54,845.11,3838.37,1054.25
879;0.42;0;3736.85,1212.16,3839.42,1376.54
880;0.61;0;3713.82,855.51,3838.27,1074.06
881;0.49;0;3722.43,865.28,3838.48,1093.47
882;0.57;0;3747.27,1252.2,3839.68,1421.75
882;0.46;0;3722.01,883.1,3838.54,1106.55
883;0.54;0;3728.23,1275.1,3838.87,1442.81
883;0.37;0;3725.37,904.09,3838.67,1114.5
885;0.48;0;3736.07,1295.79,3839.15,1472.51
885;0.48;0;3727.06,949.18,3838.65,1134.05
886;0.42;0;3726.28,946.81,3838.61,1151.55
887;0.43;0;3726.28,1311.35,3838.77,1506.68
887;0.42;0;3726.62,969.41,3838.81,1166.13
888;0.54;0;3725.44,984.43,3838.59,1179.27
888;0.4;0;3736.17,1345.26,3839.17,1516.14
889;0.53;0;3727.5,1003.68,3838.79,1191.22
889;0.49;0;3740.5,1340.06,3839.3,1536.83
890;0.58;0;3726.69,1024.13,3838.73,1202.58
890;0.54;0;3741.32,1359.93,3839.15,1551.29
891;0.47;0;3737.44,1352.96,3839.36,1564.67
891;0.43;0;3726.79,1020.03,3838.68,1230.79
892;0.46;0;3727.36,1040.58,3838.68,1244.59
893;0.39;0;3725.26,1408.25,3838.7,1595.53
895;0.37;0;3740.59,1437.5,3839.31,1621.89
896;0.39;0;3725.92,1087.74,3838.93,1304.53
898;0.4;0;3743.34,1474.2,3839.66,1667.84
898;0.37;0;1190.18,146.56,1251.25,198.47
899;0.62;0;1188.33,163.01,1250.41,213.07
900;0.65;4;1189.69,171.73,1254.29,223.87
901;0.54;4;1190.36,186.02,1254.78,238.13
902;0.41;0;3731.35,1205.13,3839.15,1375.53
903;0.37;0;3727.81,1212.41,3839.18,1401.45
904;0.42;0;3734.91,1239.88,3839.59,1396.09
905;0.38;0;3735.02,1251.54,3839.2,1405.49
906;0.4;0;3734.42,1268.99,3839.07,1405.6
907;0.45;0;3732.48,1280.81,3839.11,1441.35
908;0.57;0;3735.01,1303.8,3839.5,1449.29
910;0.59;0;3730.82,1334.45,3839.44,1469.46
910;0.46;0;3720.37,1316.15,3838.83,1519.52
910;0.41;0;1189.61,310.01,1246.35,353.45
911;0.39;0;3733.1,1338.97,3839.19,1497.46
912;0.36;0;3737.94,1353.39,3839.47,1514.9
913;0.59;0;3739.13,1373.72,3839.66,1521.05
913;0.4;0;3730.39,1356.8,3839.23,1577.26
915;0.42;0;3741.32,1391.54,3839.55,1557.05
915;0.36;0;3735.05,1369.94,3839.61,1666.0
916;0.37;0;3741.72,1404.12,3839.53,1577.76
917;0.47;0;3742.91,1421.87,3839.72,1567.33
917;0.37;0;3734.31,1399.97,3839.31,1659.97
918;0.41;0;1189.89,404.63,1247.64,462.94
919;0.47;0;1193.67,421.19,1247.78,473.99
920;0.55;0;1189.76,428.13,1246.19,484.05
920;0.38;0;3745.7,1457.49,3839.72,1610.02
921;0.44;0;1188.72,445.43,1244.22,495.9
923;0.38;0;3724.22,882.4,3839.38,1190.2
924;0.41;0;1190.79,482.06,1246.98,532.72
929;0.35;0;3723.8,952.76,3839.27,1269.37
933;0.6;0;1187.22,585.37,1241.62,628.48
940;0.52;0;1187.13,650.04,1241.98,705.5
941;0.46;0;1185.63,661.64,1238.6,712.21
944;0.39;0;3720.77,1125.34,3839.27,1430.05
982;0.49;0;1128.65,0.0,1171.44,38.99
984;0.42;0;1127.81,8.69,1174.61,55.58
985;0.61;0;1125.43,13.18,1178.17,67.05
988;0.41;0;1118.1,41.24,1176.09,92.71
989;0.58;0;1117.65,49.68,1176.81,102.2
990;0.45;0;1119.94,58.1,1177.02,112.16
991;0.62;0;1117.5,70.82,1175.86,117.53
992;0.64;7;1114.9,73.93,1179.16,125.39
993;0.5;7;1116.03,82.25,1179.34,133.11
994;0.6;7;1116.75,93.39,1179.11,143.73
995;0.66;7;1112.91,100.56,1178.57,153.9
996;0.56;7;1115.56,111.3,1177.79,162.23
997;0.62;7;1115.34,120.9,1177.12,172.05
998;0.44;7;1116.67,130.28,1175.27,179.19
999;0.68;7;1116.6,136.84,1177.15,188.02
1000;0.65;7;1115.2,145.07,1176.72,197.5
1001;0.55;7;1114.1,153.97,1176.01,207.45
1002;0.5;7;1115.64,166.03,1174.46,217.36
1003;0.58;7;1116.69,175.42,1172.65,224.71
1004;0.61;7;1115.91,184.25,1171.8,233.8
1005;0.65;7;1112.93,191.56,1172.42,244.31
1006;0.52;7;1113.18,199.85,1173.05,253.19
1007;0.58;7;1113.8,207.59,1173.32,261.02
1008;0.54;7;1113.15,217.07,1172.99,271.19
1009;0.5;7;1109.79,226.36,1170.84,281.55
1010;0.39;7;1112.59,237.37,1170.15,289.32
1011;0.37;7;1111.11,242.04,1170.9,296.28
1013;0.5;7;1107.9,256.9,1168.69,311.69
1015;0.57;7;1108.32,275.03,1167.46,329.06
1016;0.68;7;1107.19,286.57,1166.75,341.37
1017;0.57;7;1107.74,297.18,1169.04,353.3
1018;0.4;7;1108.81,308.06,1165.84,360.96
1019;0.71;7;1106.9,316.51,1162.52,368.44
1021;0.5;7;1107.06,332.69,1163.08,385.49
1022;0.6;7;1106.78,345.75,1160.91,397.1
1024;0.44;7;1103.82,359.23,1160.83,413.88
1026;0.42;7;1102.55,377.51,1160.19,432.65
1041;0.54;0;1101.61,533.74,1147.95,582.25
1044;0.66;0;1101.04,559.68,1151.42,609.94
1045;0.67;8;1101.41,569.8,1150.95,619.21
1046;0.56;8;1099.29,577.03,1150.31,627.98
1054;0.4;0;3732.09,0.95,3837.67,50.13
1055;0.55;0;3734.1,0.51,3837.95,56.61
1056;0.52;0;3735.61,0.0,3838.17,67.02
1057;0.54;0;3739.43,0.0,3838.57,77.66
1058;0.41;0;3739.28,0.11,3838.52,93.21
1059;0.49;0;3740.73,1.59,3838.86,102.29
1061;0.51;0;3728.71,4.11,3838.89,122.78
1062;0.44;0;3736.15,0.0,3838.88,136.98
1063;0.56;0;3742.93,0.0,3839.11,147.88
1064;0.55;0;3744.33,24.12,3839.42,155.48
1065;0.36;0;3744.9,17.93,3839.26,166.46
1066;0.44;0;3744.83,23.28,3839.23,175.83
1067;0.35;0;3744.86,14.21,3839.32,191.54
1068;0.46;0;3743.88,26.4,3839.21,198.95
1069;0.37;0;3743.95,27.87,3839.18,210.14
1072;0.4;0;3748.21,89.86,3839.32,239.46
1076;0.4;0;3750.04,114.66,3839.55,288.73
1077;0.38;0;3749.02,114.55,3839.42,297.03
1079;0.37;0;3753.5,179.03,3839.33,314.53
1080;0.51;0;1140.39,1971.05,1192.66,2021.15
1080;0.4;0;3755.39,179.19,3839.43,336.86
1081;0.44;0;3752.91,182.12,3839.39,336.27
1082;0.45;0;1140.57,1991.93,1199.3,2040.31
1083;0.41;0;3753.32,207.11,3839.41,358.67
1084;0.59;0;1141.66,2006.84,1200.37,2058.13
1084;0.44;0;3755.2,209.61,3839.27,365.78
1085;0.56;0;1144.26,2016.89,1201.34,2069.42
1088;0.41;0;1143.63,2038.81,1205.85,2098.97
1089;0.59;0;1146.4,2058.93,1200.43,2108.69
1090;0.66;0;1145.13,2066.82,1200.51,2120.54
1091;0.43;0;1144.34,2074.12,1203.99,2132.49
1092;0.52;0;1145.53,2089.33,1202.18,2141.19
1093;0.43;0;1146.79,2100.25,1207.25,2151.1
1094;0.42;0;3766.95,359.55,3840.0,479.08
1094;0.37;0;1145.56,2109.3,1206.23,2159.52
1095;0.4;0;3768.75,369.45,3839.51,494.21
1096;0.38;0;3770.53,378.26,3839.86,501.11
1101;0.43;0;1851.21,0.0,1903.94,45.98
1103;0.44;0;1854.03,16.0,1908.43,70.83
1104;0.67;0;1852.66,25.01,1912.13,82.27
1105;0.62;10;1851.52,35.24,1913.8,95.22
1106;0.65;10;1851.36,45.51,1912.72,104.55
1107;0.57;10;1852.88,58.79,1913.4,117.07
1110;0.62;0;1859.72,94.68,1917.18,150.13
1111;0.43;0;1859.31,103.65,1921.11,162.04
1112;0.5;0;1862.39,118.06,1921.63,173.08
1113;0.69;0;1864.69,128.4,1919.61,182.82
1114;0.65;12;1863.95,136.53,1920.21,192.29
1115;0.72;12;1864.58,147.54,1919.99,202.41
1116;0.69;12;1864.39,159.28,1919.53,213.89
1117;0.67;12;1864.33,169.64,1920.13,224.81
1118;0.59;12;1864.8,180.75,1920.31,235.68
1119;0.57;12;1865.95,192.02,1921.9,247.32
1120;0.54;12;1867.46,204.9,1922.64,259.53
1121;0.72;12;1866.92,216.53,1924.24,273.2
1122;0.56;12;1868.45,227.67,1925.44,284.34
1123;0.65;12;1868.64,239.55,1923.68,294.12
1124;0.6;12;1870.87,250.94,1926.04,305.32
1125;0.7;12;1872.43,261.17,1929.06,317.12
1126;0.56;12;1873.75,272.27,1928.59,326.64
1127;0.63;12;1875.42,283.66,1928.65,336.74
1128;0.67;12;1876.25,294.87,1931.32,349.85
1129;0.51;12;1878.26,308.16,1929.16,358.87
1130;0.5;12;1879.81,318.54,1931.14,369.58
1131;0.5;12;1879.15,329.66,1931.26,381.59
1132;0.5;12;1878.58,339.69,1933.33,394.65
1133;0.52;12;1880.58,353.05,1935.25,407.85
1134;0.42;12;1880.41,364.6,1936.25,420.9
1136;0.66;12;1884.13,384.24,1939.17,439.72
1137;0.66;12;1884.35,397.48,1939.38,452.92
1138;0.61;12;1884.51,409.09,1941.15,466.1
1139;0.36;0;2422.0,232.33,2472.25,273.06
1140;0.64;12;1888.68,432.41,1944.19,488.12
1141;0.61;12;1889.15,444.27,1944.4,499.75
1142;0.6;12;1890.25,457.14,1944.1,511.05
1143;0.53;12;1891.3,468.03,1943.9,520.63
1144;0.65;12;1892.17,479.97,1944.07,531.79
1145;0.71;12;1892.09,490.74,1946.47,544.9
1146;0.69;12;1892.89,502.15,1947.81,556.74
1147;0.66;12;1894.9,513.93,1948.56,567.15
1148;0.71;12;1895.13,524.56,1949.88,578.86
1149;0.72;12;1894.61,534.65,1950.07,589.66
1150;0.7;12;1896.07,545.85,1951.64,600.88
1151;0.69;12;1896.59,555.94,1951.65,610.27
1152;0.58;12;1897.93,567.07,1951.11,619.75
1153;0.64;12;1899.39,578.33,1953.12,631.67
1154;0.67;12;1901.71,589.57,1957.08,644.42
1155;0.62;12;1902.17,600.99,1959.3,657.34
1156;0.66;12;1900.86,611.28,1961.05,670.74
1157;0.7;12;1901.56,622.37,1962.04,681.91
1158;0.45;12;1904.11,635.61,1961.68,691.93
1159;0.42;12;1904.47,646.5,1962.53,703.08
1160;0.45;12;1905.29,657.37,1964.53,715.1
1161;0.58;12;1904.74,666.88,1965.55,726.29
1162;0.56;12;1906.51,677.72,1965.87,735.79
1164;0.59;12;1908.32,697.1,1967.4,754.89
1165;0.41;12;1909.83,710.67,1968.79,768.53
1166;0.61;12;1912.13,722.48,1970.9,779.96
1167;0.71;12;1913.12,733.79,1971.69,790.91
1168;0.69;12;1916.68,746.58,1972.09,800.39
1169;0.65;12;1917.48,757.4,1972.0,810.32
1170;0.73;12;1918.1,768.33,1974.54,823.0
1171;0.52;12;1919.04,779.81,1974.6,833.55
1172;0.64;12;1921.31,789.3,1977.89,843.75
1173;0.53;12;1921.77,799.94,1976.98,853.01
1174;0.63;12;1924.92,812.74,1977.88,863.4
1175;0.58;12;1925.43,822.1,1980.11,874.31
1176;0.68;12;1925.87,832.26,1980.83,884.65
1177;0.71;12;1925.69,842.81,1980.44,894.85
1178;0.7;12;1924.45,852.74,1981.78,907.37
1179;0.66;12;1926.52,864.73,1983.02,918.53
1180;0.43;12;1926.62,874.77,1984.34,929.88
1181;0.48;12;1931.22,886.89,1987.95,940.59
1182;0.51;12;1934.35,898.35,1989.87,950.7
1183;0.59;12;1936.27,910.03,1992.22,962.77
1184;0.61;12;1937.49,918.51,1996.11,974.14
1185;0.65;12;1939.18,930.49,1996.52,985.02
1186;0.64;12;1941.33,942.72,1997.18,995.63
1187;0.66;12;1941.53,951.49,1997.28,1004.34
1188;0.72;12;1941.12,961.28,2000.81,1017.64
1189;0.54;12;1941.35,972.63,1999.61,1027.72
1190;0.44;12;1941.84,983.89,2000.65,1039.53
1191;0.44;12;1943.74,994.68,2001.52,1049.76
1192;0.41;0;2540.89,829.74,2587.38,868.47
1193;0.39;0;1949.48,1016.17,2000.56,1069.47
1194;0.71;12;1948.71,1026.99,2004.21,1080.24
1195;0.69;12;1949.57,1036.33,2005.2,1089.79
1196;0.66;12;1950.78,1047.06,2005.18,1099.36
1197;0.45;12;1951.5,1058.49,2005.44,1110.26
1198;0.51;12;1952.78,1068.79,2007.64,1121.21
1199;0.5;12;1954.73,1080.37,2009.25,1132.24
1200;0.46;12;1955.09,1089.77,2011.64,1143.57
1201;0.61;12;1956.41,1102.26,2012.64,1155.84
1202;0.7;12;1958.56,1113.64,2013.43,1166.19
1203;0.47;12;1960.52,1125.15,2014.05,1176.3
1204;0.68;12;1962.23,1135.36,2017.63,1188.36
1205;0.37;12;1963.6,1143.77,2020.03,1197.65
1206;0.67;12;1964.1,1155.26,2019.86,1208.66
1207;0.68;12;1964.91,1166.87,2020.32,1220.05
1208;0.68;12;1965.67,1177.79,2021.29,1231.28
1209;0.58;12;1967.26,1188.81,2023.27,1243.03
1210;0.56;12;1968.87,1199.28,2023.55,1252.18
1211;0.56;12;1970.51,1211.66,2025.08,1264.57
1212;0.71;12;1971.57,1221.64,2028.12,1276.65
1213;0.59;12;1973.28,1231.5,2029.12,1286.1
1214;0.69;12;1974.28,1243.14,2029.72,1297.39
1215;0.72;12;1974.85,1253.93,2029.8,1307.76
1216;0.42;12;1975.49,1264.12,2030.41,1317.86
1217;0.71;12;1976.35,1275.05,2032.82,1330.22
1218;0.64;12;1976.7,1285.38,2033.51,1341.06
1219;0.6;12;1976.8,1297.09,2035.26,1354.62
1220;0.62;12;1979.43,1308.26,2037.17,1365.42
1221;0.59;12;1982.0,1319.53,2038.14,1375.27
1222;0.51;12;1981.03,1327.65,2039.15,1385.26
1223;0.65;12;1983.3,1337.21,2041.43,1394.72
1224;0.63;12;1985.96,1350.07,2042.44,1405.79
1225;0.64;12;1988.24,1361.21,2042.03,1413.99
1226;0.7;12;1988.31,1371.58,2044.18,1426.27
1227;0.66;12;1989.11,1383.35,2044.49,1437.53
1228;0.61;12;1991.08,1394.22,2046.14,1447.65
1229;0.56;12;1991.92,1405.2,2046.61,1458.24
1230;0.49;12;1991.66,1415.48,2046.02,1467.88
1231;0.52;12;1992.38,1426.5,2047.79,1479.86
1232;0.7;12;1993.48,1436.73,2051.33,1492.65
1234;0.71;12;1994.8,1453.51,2053.52,1510.36
1235;0.52;12;1996.07,1465.95,2055.59,1523.74
1236;0.65;12;1997.67,1477.2,2056.48,1534.18
1237;0.64;12;1999.75,1488.48,2056.72,1543.51
1238;0.54;12;2001.24,1499.75,2058.04,1554.71
1239;0.6;12;2001.56,1511.26,2058.63,1566.43
1240;0.46;12;2000.84,1519.91,2060.7,1577.76
1241;0.58;12;2000.49,1530.11,2062.22,1590.28
1242;0.47;12;2001.94,1541.57,2062.06,1600.15
1243;0.48;12;2003.59,1551.82,2061.8,1608.73
1244;0.52;12;2003.36,1563.54,2060.86,1619.68
1246;0.63;12;2005.72,1583.77,2063.97,1640.27
1247;0.64;12;2006.46,1597.2,2065.13,1653.94
1248;0.53;12;2007.81,1609.72,2063.61,1663.19
1249;0.65;12;2008.41,1620.73,2065.35,1675.36
1250;0.69;12;2008.67,1631.79,2066.04,1686.84
1251;0.65;12;2010.15,1643.45,2067.02,1697.9
1252;0.67;12;2009.81,1654.95,2067.77,1710.71
1253;0.71;12;2009.98,1664.42,2069.55,1721.99
1254;0.67;12;2010.49,1673.4,2069.05,1730.21
1255;0.74;12;2011.38,1683.09,2071.2,1741.15
1256;0.6;12;2012.77,1694.38,2072.44,1752.56
1257;0.71;12;2012.74,1706.07,2073.54,1765.75
1258;0.72;12;2014.95,1718.03,2073.26,1775.41
1259;0.74;12;2016.77,1729.6,2074.56,1786.56
1260;0.69;12;2015.99,1738.72,2077.94,1800.0
1261;0.7;12;2016.86,1750.78,2076.31,1809.48
1262;0.4;12;2017.11,1763.77,2075.38,1820.9
1263;0.59;12;2018.48,1774.27,2075.74,1830.47
1264;0.57;12;2017.85,1784.2,2075.87,1841.63
1265;0.58;12;2018.71,1794.73,2077.0,1852.49
1266;0.65;12;2019.34,1805.41,2079.62,1865.31
1267;0.63;12;2019.49,1817.17,2080.63,1878.1
1268;0.67;12;2019.78,1827.47,2081.45,1889.34
1269;0.65;12;2021.33,1839.4,2082.31,1900.7
1270;0.55;12;2023.01,1850.56,2081.43,1909.14
1271;0.59;12;2025.61,1862.92,2081.11,1917.98
1272;0.69;12;2025.88,1874.21,2079.08,1926.62
1273;0.65;12;2023.26,1884.93,2080.45,1941.25
1274;0.7;12;2024.25,1896.56,2083.13,1954.66
1275;0.44;12;2024.36,1907.42,2083.69,1966.19
1276;0.45;12;2023.31,1917.5,2083.85,1977.7
1277;0.58;12;2023.12,1927.84,2083.13,1987.83
1278;0.51;12;2023.1,1937.28,2085.64,2000.35
1279;0.44;12;2024.8,1947.49,2084.38,2007.61
1280;0.48;12;2025.88,1958.6,2084.87,2018.26
1281;0.6;12;2024.0,1969.26,2085.81,2032.18
1282;0.47;12;2026.44,1982.69,2085.04,2042.35
1283;0.51;12;2026.76,1994.03,2085.23,2053.66
1284;0.5;12;2026.51,2004.86,2086.47,2066.08
1285;0.67;12;2027.75,2017.24,2088.69,2079.32
1286;0.6;12;2027.97,2030.1,2087.5,2090.33
1287;0.61;12;2027.33,2043.5,2085.18,2102.03
1288;0.56;12;2027.07,2054.09,2085.52,2113.48
1289;0.59;12;2030.22,2067.78,2086.82,2125.22
1290;0.45;12;2032.35,2078.12,2089.84,2135.97
1291;0.59;12;2031.67,2090.12,2087.13,2145.67
1292;0.45;12;2031.9,2102.7,2086.24,2156.88
1293;0.42;12;2032.48,2111.76,2084.56,2160.0
1294;0.57;12;2038.17,2121.79,2084.59,2160.0
1295;0.47;0;2741.26,1908.15,2792.63,1952.09
1502;0.36;0;0.02,1906.44,82.26,2049.94
1503;0.39;0;0.04,1915.63,82.34,2065.33
1541;0.41;0;283.61,403.53,356.66,458.85
1688;0.49;0;3347.9,523.19,3389.88,559.87
1691;0.39;0;3349.16,550.08,3390.32,588.32
1719;0.48;0;2218.1,0.0,2294.91,47.98
1720;0.59;0;2218.26,0.0,2293.59,61.21
1721;0.57;0;2219.41,8.86,2293.59,69.85
1722;0.49;0;2218.55,19.22,2292.29,81.02
1723;0.41;0;2218.55,29.94,2294.51,90.86
1726;0.5;0;2220.56,59.03,2295.73,119.2
1727;0.56;0;2220.47,70.91,2291.58,130.9
1728;0.39;0;2221.74,81.65,2294.46,139.74
1729;0.48;0;2219.64,91.61,2293.07,151.3
1730;0.41;0;3366.78,911.22,3406.85,948.76
1731;0.63;0;2219.04,109.59,2295.06,171.66
1732;0.54;15;2221.43,118.09,2295.63,178.67
1733;0.45;15;2223.02,126.76,2296.75,186.93
1734;0.6;15;2225.01,138.47,2296.92,197.15
1735;0.56;15;2224.97,149.75,2298.89,210.04
1738;0.58;15;2224.98,174.68,2301.47,237.23
1739;0.59;15;2226.54,190.36,2301.38,251.6
1740;0.64;15;2226.79,202.61,2301.08,263.32
1741;0.67;15;2227.5,214.81,2300.27,274.05
1742;0.47;15;2227.14,224.39,2301.57,284.76
1743;0.39;15;2225.72,234.35,2301.01,295.33
1745;0.51;15;2226.48,252.75,2300.76,312.75
1746;0.42;15;2228.04,266.81,2300.1,324.78
1747;0.63;15;2229.5,276.72,2304.1,336.85
1748;0.71;15;2230.93,287.66,2304.46,346.84
1749;0.48;15;2230.98,297.88,2305.36,357.63
1750;0.64;15;2230.34,308.74,2304.91,368.68
1751;0.63;15;2228.46,317.77,2305.17,379.78
1752;0.68;15;2227.82,327.25,2306.64,391.2
1753;0.51;15;2229.27,337.87,2306.76,400.74
1754;0.55;15;2230.18,347.36,2305.39,408.5
1755;0.57;15;2230.8,359.94,2303.69,419.36
1756;0.57;15;2231.29,370.83,2303.73,430.04
1757;0.64;15;2231.79,381.52,2302.94,439.66
1758;0.49;15;2230.52,390.58,2303.3,450.45
1759;0.57;15;2229.91,400.95,2302.67,461.15
1760;0.47;15;2231.41,411.43,2301.11,469.09
1761;0.66;15;2231.73,420.7,2301.78,478.74
1762;0.61;15;2231.82,432.18,2301.47,489.96
1763;0.58;15;2231.27,441.66,2302.04,500.47
1764;0.62;15;2231.22,452.77,2301.83,511.39
1765;0.46;15;2231.79,464.32,2301.57,522.28
1766;0.56;15;2231.3,473.49,2301.57,531.98
1767;0.52;15;2230.05,482.69,2303.91,544.43
1768;0.65;15;2229.43,492.63,2305.02,556.05
1769;0.69;15;2231.21,503.65,2305.48,565.74
1770;0.7;15;2232.3,515.05,2304.76,575.51
1771;0.68;15;2231.7,526.38,2303.85,586.38
1772;0.69;15;2230.98,537.33,2303.26,597.28
1773;0.58;15;2232.86,547.56,2304.76,607.38
1774;0.46;15;2233.31,557.8,2304.52,617.05
1775;0.6;15;2232.73,568.56,2304.96,628.67
1776;0.59;15;2232.82,580.3,2305.92,641.26
1777;0.69;15;2231.44,589.33,2306.97,652.54
1778;0.69;15;2231.35,599.36,2308.53,663.93
1779;0.66;15;2233.33,609.06,2309.46,672.46
1780;0.6;15;2234.25,620.1,2309.3,682.09
1781;0.65;15;2233.65,629.51,2312.21,694.45
1782;0.63;15;2233.7,640.78,2312.13,705.49
1783;0.65;15;2233.37,651.56,2312.25,716.54
1784;0.63;15;2233.26,661.13,2312.67,726.54
1785;0.55;15;2233.28,672.47,2313.13,738.15
1786;0.63;15;2233.0,683.21,2313.21,749.14
1787;0.72;15;2235.12,695.39,2311.27,757.7
1788;0.75;15;2235.44,706.64,2310.46,767.68
1789;0.7;15;2234.7,716.53,2310.54,777.87
1790;0.7;15;2234.54,727.25,2310.79,788.7
1791;0.73;15;2236.11,738.95,2310.56,798.63
1792;0.73;15;2235.48,747.39,2314.73,811.52
1793;0.61;15;2236.39,758.47,2315.06,822.49
1794;0.58;15;2237.34,769.33,2315.58,833.31
1795;0.6;15;2237.61,778.3,2316.23,843.15
1796;0.68;15;2238.13,788.34,2316.53,853.42
1797;0.58;15;2238.96,800.02,2314.81,863.2
1798;0.64;15;2239.5,811.06,2314.71,873.82
1799;0.73;15;2238.03,822.25,2312.59,884.28
1800;0.73;15;2238.48,833.54,2312.75,895.27
1801;0.62;15;2239.06,843.28,2315.08,906.92
1802;0.66;15;2239.95,855.52,2313.9,917.67
1803;0.44;15;2241.89,867.27,2312.72,926.68
1804;0.58;15;2242.43,876.93,2315.09,938.0
1805;0.54;15;2243.15,885.95,2315.69,947.13
1806;0.54;15;2244.63,896.87,2314.75,955.9
1807;0.58;15;2244.76,907.29,2315.78,967.13
1808;0.65;15;2244.9,916.65,2317.87,978.48
1809;0.59;15;2245.95,926.6,2319.45,989.39
1810;0.48;15;2246.33,937.63,2318.01,999.09
1811;0.62;15;2247.29,950.12,2316.96,1009.45
1812;0.66;15;2246.91,957.77,2319.18,1019.13
1813;0.63;15;2246.49,966.79,2320.79,1029.79
1814;0.7;15;2247.39,978.83,2321.37,1041.4
1815;0.66;15;2248.27,990.31,2322.16,1052.49
1816;0.69;15;2249.44,1000.78,2324.78,1064.5
1817;0.63;15;2250.2,1011.1,2326.07,1075.45
1818;0.68;15;2251.61,1023.4,2326.28,1086.94
1819;0.56;15;2251.51,1032.87,2325.97,1096.56
1820;0.55;15;2252.53,1042.61,2327.96,1107.44
1821;0.65;15;2253.98,1052.61,2328.7,1116.77
1822;0.55;15;2256.63,1064.58,2328.3,1125.57
1823;0.63;15;2257.33,1074.93,2329.89,1136.49
1824;0.67;15;2257.52,1084.0,2332.02,1147.25
1825;0.58;15;2259.3,1096.3,2331.66,1157.39
1826;0.62;15;2259.63,1105.93,2331.99,1167.39
1827;0.58;15;2261.3,1117.27,2331.08,1176.64
1828;0.5;15;2263.22,1127.36,2332.57,1186.13
1829;0.42;15;2265.08,1141.35,2332.65,1198.06
1830;0.48;15;2263.71,1149.5,2333.92,1208.14
1831;0.65;15;2264.14,1160.94,2334.97,1219.8
1832;0.7;15;2262.01,1167.95,2338.3,1231.7
1833;0.65;15;2261.72,1177.11,2340.0,1243.02
1834;0.64;15;2262.59,1187.87,2339.69,1252.95
1835;0.6;15;2261.87,1195.88,2341.04,1263.29
1836;0.48;15;2262.4,1207.13,2341.15,1274.43
1837;0.49;15;2263.59,1216.87,2342.37,1284.19
1838;0.56;15;2264.15,1226.05,2345.72,1295.99
1839;0.61;15;2267.12,1239.01,2345.39,1305.7
1840;0.64;15;2267.7,1249.94,2346.32,1316.58
1841;0.66;15;2269.66,1262.25,2347.31,1327.79
1842;0.69;15;2267.53,1269.08,2350.5,1339.28
1843;0.66;15;2272.2,1284.08,2350.1,1349.95
1844;0.61;15;2271.06,1290.98,2352.05,1360.16
1845;0.57;15;2272.32,1302.64,2351.1,1370.18
1846;0.49;15;2274.96,1313.74,2350.74,1378.9
1847;0.5;15;2274.48,1323.86,2351.96,1390.65
1848;0.63;15;2274.76,1334.63,2351.53,1400.85
1849;0.7;15;2277.03,1344.65,2353.19,1410.7
1850;0.67;15;2277.5,1356.39,2352.33,1421.23
1851;0.53;15;2278.81,1367.93,2352.91,1432.06
1852;0.47;15;2280.74,1379.72,2353.07,1442.07
1853;0.59;15;2279.91,1387.92,2353.43,1451.28
1854;0.65;15;2278.36,1398.8,2354.48,1463.63
1855;0.56;15;2281.12,1410.39,2355.91,1473.51
1856;0.56;15;2284.76,1422.27,2359.17,1485.17
1857;0.68;15;2287.2,1434.6,2360.31,1496.37
1858;0.48;15;2287.62,1444.28,2361.85,1507.35
1859;0.6;15;2286.52,1454.69,2360.91,1518.01
1860;0.58;15;2285.52,1462.46,2361.9,1527.91
1861;0.65;15;2284.14,1471.89,2363.7,1540.51
1862;0.58;15;2286.17,1484.21,2362.77,1550.31
1863;0.42;15;2287.87,1495.87,2362.59,1560.45
1864;0.64;15;2289.1,1508.33,2361.16,1570.32
1865;0.6;15;2290.09,1518.78,2362.72,1581.17
1866;0.57;15;2290.22,1529.09,2363.48,1592.03
1867;0.68;15;2289.8,1537.14,2365.99,1603.03
1868;0.65;15;2291.93,1548.51,2367.91,1614.41
1869;0.65;15;2292.12,1560.13,2366.77,1624.64
1870;0.63;15;2293.11,1572.41,2364.85,1633.89
1871;0.61;15;2293.71,1581.67,2365.54,1642.8
1872;0.67;15;2295.25,1592.73,2366.67,1652.93
1873;0.67;15;2296.12,1602.34,2368.84,1663.39
1874;0.58;15;2295.26,1612.34,2369.36,1674.56
1875;0.58;15;2297.52,1622.78,2372.88,1686.33
1876;0.56;15;2297.58,1633.59,2373.62,1697.78
1877;0.67;15;2297.09,1643.85,2373.32,1708.17
1878;0.54;15;2298.46,1656.16,2371.92,1717.98
1879;0.56;15;2298.53,1666.8,2372.93,1729.27
1880;0.47;15;2299.0,1676.39,2373.7,1739.24
1882;0.46;15;2299.96,1693.6,2374.73,1756.67
1883;0.6;15;2299.96,1704.12,2378.56,1771.31
1884;0.52;15;2301.21,1716.71,2378.47,1782.9
1885;0.52;15;2301.99,1729.19,2377.03,1793.6
1886;0.62;15;2302.47,1740.33,2377.43,1804.67
1887;0.49;15;2303.4,1751.27,2377.76,1815.06
1888;0.67;15;2306.16,1763.64,2380.0,1826.85
1889;0.66;15;2306.1,1774.27,2381.59,1838.87
1890;0.63;15;2307.59,1785.35,2381.53,1848.32
1891;0.53;15;2308.19,1795.87,2380.37,1857.03
1892;0.58;15;2309.63,1806.64,2381.67,1867.4
1893;0.53;15;2309.43,1815.86,2384.56,1879.34
1894;0.59;15;2308.44,1825.22,2385.61,1890.46
1895;0.63;15;2308.38,1834.54,2385.87,1900.33
1896;0.45;15;2309.1,1846.91,2383.39,1909.76
1897;0.6;15;2308.84,1857.6,2385.44,1922.6
1898;0.5;15;2309.39,1869.16,2382.67,1931.13
1899;0.5;15;2308.64,1879.15,2381.92,1941.04
1900;0.43;15;2310.36,1889.87,2383.2,1951.16
1901;0.4;15;2309.02,1899.0,2383.95,1961.9
1902;0.56;15;2308.44,1908.93,2384.41,1972.78
1903;0.51;15;2310.23,1919.82,2383.31,1980.99
1904;0.6;15;2309.58,1929.13,2384.35,1991.77
1905;0.64;15;2310.54,1939.13,2383.67,2000.37
1906;0.46;15;2310.32,1949.47,2382.76,2009.98
1907;0.57;15;2309.98,1958.58,2384.2,2020.57
1908;0.55;15;2310.37,1967.97,2383.45,2028.93
1909;0.54;15;2310.63,1977.88,2384.03,2039.03
1910;0.41;15;2310.91,1987.67,2384.12,2048.41
1912;0.42;15;2309.4,2002.11,2386.62,2066.38
1914;0.46;15;2307.76,2019.63,2387.13,2085.78
1915;0.59;15;2306.61,2030.68,2388.39,2099.05
1916;0.42;15;2306.97,2040.84,2388.39,2108.94
1917;0.43;15;2307.68,2051.82,2388.26,2119.18
1918;0.54;15;2305.72,2058.81,2389.86,2129.6
1921;0.52;15;2306.05,2080.84,2390.18,2151.98
1922;0.43;15;2310.68,2097.22,2386.94,2160.0
2016;0.43;0;1646.11,878.75,1667.67,897.01
2631;0.42;0;2018.8,1652.68,2116.5,1739.26
2656;0.55;0;2085.71,71.65,2192.43,165.5
2663;0.49;0;2096.15,143.17,2208.79,242.99
2664;0.61;0;2096.36,152.86,2206.4,246.03
2695;0.61;0;2147.51,476.98,2255.73,574.4
2700;0.55;0;2157.12,529.56,2260.54,622.0
2711;0.66;0;2170.66,649.14,2273.51,742.3
2738;0.65;0;2227.14,938.48,2329.95,1030.81
2740;0.52;19;2225.82,956.81,2328.13,1048.7
2741;0.45;19;2225.54,968.5,2328.97,1061.41
2747;0.46;0;2240.04,1041.35,2344.5,1129.52
2747;0.4;0;2280.96,0.0,2456.38,75.65
2768;0.35;0;2282.59,1265.27,2379.1,1353.84
2769;0.45;0;2282.74,1278.12,2376.56,1364.09
2771;0.66;0;2285.38,1294.09,2387.27,1398.28
2777;0.42;0;2284.58,1365.85,2401.14,1473.02
2783;0.57;0;2297.3,1426.43,2400.07,1531.01
2784;0.61;0;2296.42,1439.1,2393.68,1528.66
2785;0.5;21;2294.91,1447.86,2392.79,1537.93
2787;0.41;21;2302.63,1463.83,2399.98,1553.43
2798;0.51;0;2538.55,650.09,2643.65,742.32
2799;0.61;0;2319.59,1603.02,2405.77,1689.24
2800;0.5;0;2319.5,1608.86,2405.74,1695.97
2801;0.64;0;2322.21,1620.5,2410.9,1709.26
2802;0.52;23;2324.12,1628.77,2408.99,1713.65
2804;0.44;0;2324.14,1656.21,2413.83,1742.18
2809;0.49;0;2319.96,1700.19,2422.26,1795.03
2810;0.64;0;2315.69,1708.56,2417.48,1804.47
2816;0.42;0;2328.88,1788.54,2428.34,1875.11
2818;0.43;0;2331.01,1802.63,2428.2,1888.99
2820;0.59;0;2330.46,1822.2,2432.35,1919.98
2821;0.59;0;2332.7,1836.56,2430.36,1934.38
2825;0.58;0;2336.16,1880.32,2434.45,1974.54
2838;0.63;0;2337.07,2017.78,2433.05,2110.9
2842;0.54;0;2336.16,2062.08,2434.39,2156.38
3232;0.44;0;661.46,0.54,855.81,88.13
3343;0.48;0;3415.46,0.53,3540.14,58.01
3344;0.53;0;3414.23,0.79,3546.77,67.78
3347;0.61;0;3403.32,3.36,3535.76,98.46
3348;0.61;26;3397.61,4.73,3528.81,99.02
3349;0.37;26;3387.18,7.7,3528.3,109.41
3350;0.71;26;3387.69,19.31,3520.75,115.41
3351;0.73;26;3389.32,33.04,3514.73,123.72
3352;0.72;26;3384.45,37.84,3514.52,132.28
3353;0.68;26;3381.34,48.7,3508.27,141.05
3354;0.74;26;3382.34,59.5,3502.22,146.58
3355;0.71;26;3377.63,67.73,3496.09,153.87
3356;0.71;26;3377.82,79.51,3491.0,161.57
3357;0.69;26;3371.22,82.44,3492.69,171.03
3358;0.66;26;3369.18,88.95,3492.55,179.68
3359;0.49;26;3363.89,98.23,3485.25,187.46
3360;0.39;26;3364.13,108.59,3477.72,191.65
3362;0.59;26;3358.0,124.87,3473.75,209.46
3363;0.68;26;3353.1,134.48,3472.62,222.07
3365;0.71;26;3346.96,145.87,3469.41,236.19
3366;0.65;26;3341.31,156.42,3468.53,251.18
3367;0.66;26;3338.27,167.04,3462.58,259.81
3368;0.72;26;3336.55,174.71,3458.62,266.02
3369;0.65;26;3334.8,185.33,3456.16,275.89
3370;0.64;26;3327.06,191.69,3452.96,286.68
3371;0.7;26;3325.42,200.71,3448.54,293.84
3372;0.62;26;3325.17,209.78,3443.71,299.45
3373;0.5;26;3321.15,219.76,3440.6,310.15
3374;0.39;26;3313.39,224.77,3446.91,327.09
3375;0.62;26;3313.26,233.2,3439.85,330.13
3377;0.73;26;3310.14,246.93,3431.84,340.35
3378;0.68;26;3307.06,258.99,3424.63,349.21
3379;0.69;26;3305.65,270.51,3420.09,358.16
3380;0.73;26;3302.18,278.38,3418.05,367.34
3381;0.52;26;3298.22,289.32,3415.44,379.01
3382;0.63;26;3293.24,295.18,3412.73,386.86
3385;0.71;26;3284.94,310.79,3408.94,406.32
3386;0.64;26;3282.32,328.75,3402.2,420.81
3387;0.65;26;3280.38,338.29,3399.24,429.94
3388;0.64;26;3275.62,343.97,3397.55,438.57
3389;0.67;26;3273.55,351.6,3394.45,445.83
3390;0.56;26;3272.16,361.29,3391.16,454.06
3391;0.35;26;3267.58,367.48,3388.94,462.25
3394;0.44;26;3259.5,383.7,3386.25,483.48
3396;0.52;26;3256.21,407.84,3375.92,501.84
3397;0.54;26;3252.32,417.74,3367.38,507.95
3398;0.55;26;3248.37,424.39,3368.93,519.47
3399;0.61;26;3246.54,435.02,3364.58,527.69
3400;0.7;26;3244.01,441.18,3360.91,532.8
3401;0.57;26;3238.6,451.39,3356.27,543.5
3402;0.7;26;3237.05,459.92,3353.4,551.18
3404;0.64;26;3227.83,470.48,3353.92,569.95
3405;0.57;26;3225.63,480.57,3347.96,577.12
3406;0.45;26;3226.06,493.52,3343.43,586.05
3407;0.52;26;3225.0,502.99,3342.31,595.56
3408;0.71;26;3222.9,512.18,3339.72,604.4
3409;0.46;26;3220.35,517.9,3336.79,609.77
3410;0.59;26;3219.53,530.52,3331.3,618.4
3411;0.41;26;3213.9,534.39,3331.22,627.06
3412;0.36;26;3217.99,550.05,3325.97,634.11
3413;0.66;26;3211.23,555.34,3324.95,644.15
3414;0.6;26;3206.65,562.89,3322.92,653.8
3415;0.68;26;3206.0,567.17,3323.77,660.0
3416;0.65;26;3201.73,572.24,3324.35,669.72
3417;0.7;26;3197.3,579.13,3319.45,676.79
3418;0.74;26;3196.45,588.71,3318.77,686.72
3419;0.59;26;3191.67,596.3,3314.16,694.89
3420;0.74;26;3187.87,605.97,3310.55,705.29
3421;0.49;26;3191.84,621.97,3303.11,711.14
3422;0.73;26;3190.14,629.2,3300.88,717.84
3423;0.64;26;3184.64,634.27,3300.5,727.36
3424;0.49;26;3184.51,641.81,3297.28,732.14
3425;0.54;26;3181.44,651.42,3295.58,742.9
3427;0.38;26;3170.71,660.56,3293.77,760.11
3429;0.71;26;3168.71,675.61,3287.98,772.41
3431;0.53;26;3165.96,695.31,3283.47,790.8
3432;0.44;26;3160.87,704.39,3278.25,799.84
3434;0.61;26;3158.77,719.79,3275.48,815.1
3439;0.4;0;3146.45,763.85,3260.4,862.98
3440;0.69;26;3145.4,764.89,3260.0,859.07
3445;0.62;26;3135.9,803.05,3249.43,895.98
3446;0.63;26;3129.31,821.51,3246.45,917.38
3448;0.54;26;3124.16,836.97,3243.92,935.55
3449;0.52;26;3121.5,846.41,3238.81,943.16
3450;0.68;26;3117.27,854.74,3237.93,955.28
3451;0.58;26;3111.38,857.95,3234.97,961.84
3452;0.67;26;3113.73,866.56,3230.35,964.83
3453;0.7;26;3114.37,873.58,3227.75,969.3
3454;0.43;26;3106.24,876.77,3227.75,980.17
3455;0.59;26;3110.59,887.89,3224.37,984.46
3456;0.43;26;3109.96,897.71,3219.69,990.66
3457;0.67;26;3104.53,903.14,3221.99,1003.21
3458;0.46;26;3101.02,912.03,3220.12,1014.16
3459;0.74;26;3099.15,921.06,3220.4,1025.75
3462;0.46;26;3096.8,938.02,3210.24,1036.39
3463;0.52;26;3091.04,946.34,3208.72,1049.0
3464;0.66;26;3096.16,956.04,3205.3,1051.85
3465;0.6;26;3091.35,966.84,3202.43,1064.88
3467;0.54;26;3091.59,980.55,3195.43,1071.57
3468;0.55;26;3084.78,990.01,3192.9,1084.3
3471;0.6;26;3079.37,1007.79,3188.01,1102.79
3473;0.45;26;3069.35,1017.42,3185.62,1120.03
3474;0.67;26;3069.78,1031.63,3181.07,1129.92
3475;0.59;26;3073.57,1040.41,3179.36,1134.54
3476;0.36;26;3063.28,1046.13,3178.1,1148.69
3478;0.63;26;3062.0,1059.51,3174.47,1160.22
3481;0.67;26;3061.06,1079.01,3170.35,1176.92
3482;0.36;26;3056.6,1087.97,3167.93,1187.46
3484;0.57;26;3049.81,1102.55,3165.86,1206.96
3486;0.66;26;3048.76,1119.49,3159.88,1219.91
3487;0.49;26;3044.2,1129.84,3158.17,1233.31
3488;0.46;0;3700.25,535.49,3793.94,621.72
3491;0.5;0;3038.43,1158.27,3152.31,1265.08
3492;0.51;26;3042.25,1171.12,3147.96,1266.55
3493;0.51;26;3033.93,1177.06,3145.59,1277.95
3494;0.69;26;3033.48,1184.28,3145.06,1286.27
3496;0.54;26;3036.76,1201.27,3142.7,1297.9
3500;0.51;26;3028.29,1221.91,3136.52,1321.43
3501;0.45;26;3023.72,1231.78,3135.47,1335.26
3505;0.55;26;3018.88,1260.39,3130.3,1363.82
3506;0.59;26;3016.33,1277.73,3126.02,1379.36
3507;0.35;0;3326.4,805.18,3362.64,841.09
3508;0.47;0;3018.41,1293.23,3117.78,1387.09
3509;0.47;0;3010.87,1296.52,3114.09,1398.7
3510;0.64;26;3011.03,1312.4,3121.62,1414.95
3511;0.68;26;3006.25,1314.65,3119.26,1420.32
3512;0.64;26;3002.65,1321.85,3113.9,1426.55
3513;0.62;26;3000.75,1327.15,3114.44,1434.47
3514;0.52;26;2999.09,1332.78,3113.23,1441.79
3515;0.6;26;2999.25,1342.28,3111.35,1450.16
3516;0.57;26;2998.72,1352.2,3110.42,1460.12
3517;0.52;26;3000.44,1360.5,3109.65,1466.73
3518;0.56;26;3002.29,1373.51,3108.53,1476.65
3519;0.7;26;3000.96,1379.33,3108.89,1484.33
3520;0.48;26;2999.39,1387.15,3106.95,1492.07
3521;0.61;26;2999.49,1396.6,3106.16,1500.72
3522;0.66;26;2996.66,1404.22,3102.82,1508.35
3523;0.37;26;2992.79,1411.51,3099.99,1516.47
3524;0.69;26;2992.5,1420.0,3101.91,1527.76
3525;0.6;26;2990.96,1426.85,3100.63,1535.37
3526;0.4;0;3575.35,781.27,3669.72,868.75
3527;0.58;26;2988.72,1450.29,3094.06,1554.74
3528;0.44;26;2984.67,1452.92,3094.99,1562.79
3529;0.63;26;2984.5,1460.76,3092.1,1568.41
3530;0.6;26;2986.25,1468.86,3093.5,1577.06
3531;0.55;26;2982.91,1474.63,3092.67,1586.19
3532;0.41;26;2986.93,1484.08,3092.71,1591.84
3533;0.58;26;2985.26,1493.25,3089.24,1600.06
3538;0.51;0;3542.13,864.56,3633.98,955.07
3539;0.57;26;2976.99,1534.81,3085.13,1646.39
3540;0.55;26;2973.02,1548.97,3080.73,1660.72
3541;0.64;26;2975.39,1563.66,3080.35,1672.24
3542;0.68;26;2972.65,1573.04,3076.01,1680.1
3543;0.54;26;2975.35,1583.05,3073.65,1684.86
3544;0.57;26;2970.57,1589.37,3073.8,1696.74
3546;0.58;26;2971.18,1605.78,3078.06,1716.87
3548;0.49;26;2967.89,1620.1,3075.74,1732.55
3551;0.41;0;3506.12,968.99,3598.9,1053.7
3555;0.47;0;2961.76,1687.12,3061.5,1793.95
3558;0.67;0;2956.84,1716.89,3063.94,1824.47
3560;0.59;27;2953.3,1731.13,3061.13,1839.6
3561;0.37;27;2957.34,1744.5,3060.75,1848.49
3562;0.53;27;2952.38,1755.5,3060.81,1864.58
3563;0.71;27;2950.72,1763.74,3060.13,1873.95
3564;0.56;27;2950.7,1773.02,3060.28,1883.55
3565;0.73;27;2944.65,1778.4,3058.11,1892.92
3566;0.58;27;2944.73,1787.95,3059.19,1904.0
3567;0.6;27;2947.67,1799.99,3059.32,1913.33
3568;0.49;27;2945.67,1810.21,3055.53,1922.2
3569;0.57;27;2943.97,1818.08,3055.29,1932.27
3570;0.48;27;2946.47,1829.31,3053.83,1939.76
3571;0.58;27;2946.91,1837.54,3052.19,1945.16
3572;0.47;27;2944.19,1847.36,3050.32,1955.24
3573;0.61;27;2943.18,1855.58,3051.85,1966.14
3574;0.52;27;2945.34,1866.01,3050.85,1973.62
3575;0.57;27;2945.07,1877.32,3049.19,1983.81
3576;0.55;27;2946.01,1887.5,3048.75,1992.12
3577;0.5;27;2945.73,1894.18,3047.65,1997.83
3578;0.57;27;2943.31,1904.06,3048.65,2011.12
3579;0.58;27;2944.6,1914.36,3048.84,2019.47
3580;0.66;27;2942.01,1921.56,3051.21,2031.66
3581;0.66;27;2939.89,1930.38,3052.15,2042.94
3582;0.54;27;2937.29,1939.6,3047.18,2049.71
3583;0.66;27;2937.88,1951.16,3047.37,2061.07
3584;0.57;0;2938.74,1955.37,3042.65,2066.99
3585;0.58;26;2943.35,1970.77,3047.38,2078.18
3586;0.64;26;2937.52,1976.77,3048.28,2090.39
3587;0.5;26;2940.65,1989.19,3044.55,2095.89
3588;0.66;26;2937.34,1998.99,3042.33,2108.2
3589;0.36;26;2939.0,2010.06,3043.69,2118.63
3590;0.46;26;2938.44,2019.28,3043.15,2128.32
3591;0.56;26;2933.6,2026.99,3046.28,2144.39
3592;0.53;26;2935.45,2039.9,3043.66,2152.19
3593;0.62;26;2934.54,2047.11,3042.29,2158.77
3594;0.53;26;2938.05,2057.86,3038.95,2160.0
3595;0.45;0;3419.33,1353.56,3506.35,1434.93
3619;0.48;0;3402.16,1568.12,3492.21,1650.28
3657;0.51;0;2509.75,1836.63,2537.29,1864.43
3665;0.37;0;3414.55,1997.96,3504.8,2078.73
3670;0.41;0;3419.05,2046.97,3509.92,2130.66
3739;0.4;0;3500.21,1.06,3644.43,63.52
3918;0.42;0;253.69,23.35,284.23,52.79
3997;0.38;0;142.69,1045.8,167.28,1069.49
4903;0.35;0;3172.56,1272.54,3227.23,1322.38
5482;0.46;0;3360.29,0.31,3552.77,65.86
5613;0.39;0;3752.46,0.0,3837.59,51.19
5615;0.51;0;3754.37,0.0,3838.88,75.18
5666;0.39;0;2713.12,864.41,2777.04,909.88
6184;0.37;0;3432.52,0.5,3532.88,77.77
6421;0.51;0;3449.38,0.71,3659.9,65.27
6424;0.42;0;3409.58,0.0,3785.52,126.44
6425;0.44;0;3404.08,0.0,3800.21,130.83
6426;0.49;0;3433.98,1.25,3704.75,124.66
6426;0.44;0;3402.42,0.0,3840.0,132.95
6427;0.59;0;3410.92,0.0,3804.54,153.59
6428;0.6;0;3408.85,0.0,3805.05,155.33
6429;0.65;0;3402.65,0.0,3831.45,164.19
6430;0.66;28;3397.43,0.0,3840.0,171.41
6431;0.68;28;3378.81,0.0,3840.0,177.64
6432;0.57;28;3368.25,0.18,3840.0,183.29
6433;0.37;28;3351.9,0.73,3840.0,191.36
6434;0.49;28;3331.23,2.1,3840.0,216.28
6460;0.35;0;3444.77,265.32,3832.57,497.11
6483;0.36;0;3014.26,0.43,3357.87,154.12
6720;0.49;0;1006.07,0.46,1229.48,211.87
6722;0.36;0;986.9,0.0,1256.54,161.13
6723;0.39;0;992.72,0.0,1234.31,251.85
6724;0.38;0;985.42,6.71,1283.82,250.92
6740;0.39;0;964.95,0.0,1287.21,150.26
6831;0.55;0;1139.08,918.31,1182.02,954.3
6878;0.43;0;1169.08,1597.46,1419.89,1836.78
6881;0.4;0;1154.26,1622.47,1447.7,1856.66
6898;0.4;0;1144.58,1789.12,1422.44,2009.49
7030;0.46;0;2865.4,389.12,2926.47,446.5
7049;0.42;0;2975.53,646.95,3077.96,732.79
7124;0.4;0;0.84,0.29,100.1,78.91
7125;0.39;0;2.51,0.0,103.27,61.5
7154;0.36;0;3732.44,1696.91,3839.15,1877.04
7161;0.36;0;3719.55,0.88,3838.63,126.48
7362;0.48;0;3539.63,0.81,3721.12,79.34
7363;0.43;0;3536.89,0.53,3736.68,88.72
7365;0.37;0;3536.36,0.24,3736.98,98.8
7366;0.59;0;3528.75,0.04,3746.81,109.75
7367;0.7;0;3515.51,0.43,3752.31,118.53
7368;0.7;29;3514.43,0.33,3754.07,119.81
7369;0.64;29;3503.15,0.81,3761.52,129.71
7370;0.54;29;3485.22,1.23,3778.32,148.0
7371;0.56;29;3481.78,1.11,3789.22,155.72
7372;0.61;29;3464.53,1.69,3794.25,169.25
7373;0.61;29;3459.43,2.12,3796.53,175.78
7374;0.72;29;3458.4,0.84,3788.54,173.93
7375;0.67;29;3447.82,0.32,3794.14,185.78
7376;0.72;29;3439.51,0.11,3799.45,198.14
7377;0.71;29;3433.5,0.03,3797.78,206.45
7378;0.81;29;3441.34,4.14,3783.44,203.28
7379;0.73;29;3441.43,12.49,3773.9,212.01
7380;0.64;29;3426.59,11.77,3788.25,236.86
7381;0.75;29;3431.34,19.56,3776.78,241.38
7382;0.63;29;3427.17,21.04,3781.69,255.58
7383;0.68;29;3420.76,16.78,3783.9,265.68
7384;0.65;29;3419.96,19.09,3781.17,275.39
7385;0.74;29;3435.91,46.54,3760.62,282.62
7386;0.77;29;3448.51,64.79,3746.05,285.77
7387;0.59;29;3446.02,67.45,3746.85,294.89
7388;0.76;29;3457.57,87.05,3736.87,301.8
7389;0.75;29;3459.89,102.2,3729.46,312.54
7390;0.75;29;3476.61,115.82,3711.86,298.4
7391;0.76;29;3482.4,126.66,3708.67,300.72
7392;0.66;29;3473.42,116.22,3720.52,307.95
7393;0.62;29;3459.15,137.37,3728.36,349.75
7394;0.58;29;3446.69,130.64,3738.28,364.77
7395;0.57;29;3444.42,131.3,3739.89,372.53
7396;0.67;29;3451.09,153.79,3732.22,386.12
7397;0.57;29;3446.71,158.33,3730.56,395.59
7398;0.62;29;3458.02,182.64,3718.87,402.18
7399;0.53;29;3448.96,174.8,3727.2,412.35
7400;0.72;29;3451.39,200.24,3707.51,420.77
7401;0.7;29;3449.23,209.54,3702.9,430.52
7402;0.74;29;3447.81,212.74,3703.83,438.62
7403;0.56;29;3457.07,239.59,3696.14,450.4
7404;0.64;29;3462.27,249.02,3694.26,454.09
7405;0.63;29;3463.1,254.05,3692.24,456.83
7406;0.52;29;3444.62,245.31,3699.44,473.76
7407;0.45;29;3440.18,254.32,3697.28,486.98
7408;0.59;29;3437.35,260.43,3696.51,497.36
7409;0.5;29;3436.84,266.92,3694.47,504.2
7410;0.59;29;3440.53,288.38,3686.61,515.95
7411;0.63;29;3444.66,303.12,3677.77,518.53
7412;0.73;29;3449.2,316.99,3666.59,517.17
7413;0.7;29;3448.95,324.62,3665.2,523.4
7414;0.61;29;3454.73,339.31,3667.03,532.62
7415;0.75;29;3451.28,350.79,3665.01,546.0
7416;0.65;29;3437.33,333.73,3676.45,555.34
7417;0.64;29;3438.9,359.25,3676.91,579.76
7418;0.63;29;3451.03,373.04,3671.73,575.64
7419;0.73;29;3450.34,391.7,3669.79,592.72
7420;0.68;29;3447.81,394.19,3669.41,596.89
7421;0.44;29;3445.39,411.92,3668.01,616.41
7422;0.63;29;3442.6,419.09,3666.41,624.35
7423;0.55;29;3436.82,426.88,3668.58,640.55
7424;0.49;29;3440.63,437.98,3675.48,654.18
7425;0.64;29;3441.23,447.73,3668.72,657.67
7426;0.49;29;3435.91,450.79,3671.12,669.42
7427;0.68;29;3440.18,465.38,3663.19,671.21
7428;0.61;29;3441.51,482.47,3649.72,674.17
7429;0.67;29;3448.23,492.91,3648.47,675.4
7429;0.74;32;2377.38,42.41,2553.86,222.83
7430;0.68;29;3440.81,503.31,3650.15,693.0
7430;0.71;32;2388.84,57.16,2554.93,226.91
7431;0.61;29;3442.17,508.43,3653.7,698.24
7431;0.43;32;2382.24,71.7,2556.2,249.87
7432;0.75;29;3439.77,515.69,3656.69,710.54
7432;0.74;32;2382.32,80.89,2555.11,257.94
7433;0.73;29;3435.48,521.86,3659.13,723.3
7433;0.75;32;2384.61,88.44,2548.52,256.46
7434;0.77;29;3431.75,532.32,3656.65,735.31
7434;0.74;32;2391.22,104.38,2533.4,249.33
7435;0.78;29;3427.81,540.8,3655.33,747.04
7435;0.74;32;2395.59,118.51,2521.08,245.12
7436;0.78;29;3424.47,543.88,3656.01,754.78
7436;0.59;32;2382.95,129.43,2532.84,280.92
7437;0.76;29;3421.65,555.3,3653.55,766.9
7437;0.53;32;2389.87,143.15,2522.42,275.01
7438;0.55;29;3424.78,562.41,3655.53,773.29
7438;0.66;32;2384.41,158.74,2529.09,302.31
7439;0.76;29;3430.4,582.16,3650.17,782.15
7439;0.36;32;2390.46,169.02,2511.2,285.9
7440;0.65;29;3427.98,592.53,3647.79,793.18
7440;0.57;32;2397.8,181.78,2507.18,284.84
7441;0.65;29;3434.84,606.03,3645.86,797.02
7441;0.67;32;2382.77,189.72,2505.54,304.17
7442;0.68;29;3439.51,616.25,3644.88,801.04
7442;0.61;32;2370.72,196.44,2516.79,332.28
7443;0.42;29;3437.93,628.39,3645.41,814.86
7443;0.68;32;2370.68,208.24,2514.0,340.85
7444;0.41;29;3429.56,638.6,3658.71,843.24
7444;0.75;32;2365.8,216.36,2509.0,348.71
7445;0.61;29;3424.8,642.28,3650.84,844.74
7445;0.73;32;2362.54,224.33,2510.34,361.05
7446;0.7;29;3426.63,654.46,3640.66,845.0
7446;0.73;32;2358.13,234.92,2517.63,382.9
7447;0.71;0;3688.47,23.52,3811.96,139.63
7448;0.55;33;3691.94,37.46,3805.86,144.46
7449;0.6;33;3693.82,51.17,3804.65,155.1
7449;0.68;29;3428.12,682.26,3636.73,866.71
7449;0.51;32;2370.75,263.93,2521.74,402.1
7450;0.7;33;3691.44,56.48,3805.53,163.33
7450;0.76;29;3423.66,689.31,3637.95,879.36
7450;0.44;32;2364.73,272.4,2533.29,426.37
7451;0.7;33;3688.59,63.05,3803.07,170.14
7451;0.49;29;3404.6,674.74,3646.51,893.15
7452;0.71;33;3687.2,70.44,3804.46,180.06
7452;0.77;29;3410.94,693.89,3640.4,901.8
7453;0.67;33;3685.15,83.39,3801.33,191.53
7453;0.71;29;3418.2,712.93,3634.15,908.16
7454;0.55;33;3682.22,92.9,3799.87,202.36
7454;0.46;29;3421.68,731.12,3635.66,923.34
7455;0.6;33;3682.46,98.58,3805.36,212.06
7455;0.58;29;3413.25,740.21,3641.31,945.37
7456;0.71;33;3682.16,110.27,3805.5,223.19
7456;0.42;29;3404.81,733.83,3649.52,954.13
7456;0.56;32;2387.9,340.2,2520.23,462.94
7457;0.63;33;3682.64,120.71,3805.57,232.2
7457;0.58;29;3407.47,750.64,3646.07,965.47
7457;0.63;32;2387.41,351.71,2513.53,470.76
7458;0.64;33;3681.46,135.5,3800.05,242.05
7458;0.47;29;3403.52,764.63,3639.11,979.62
7458;0.75;32;2376.94,361.6,2508.36,485.16
7459;0.72;33;3680.76,148.41,3798.29,253.2
7459;0.35;29;3406.47,774.28,3642.97,989.45
7459;0.66;32;2378.06,373.33,2503.79,488.63
7460;0.48;33;3677.75,156.92,3797.86,262.96
7460;0.64;29;3417.62,783.4,3635.79,979.2
7460;0.76;32;2374.38,384.56,2504.5,502.23
7461;0.47;33;3674.22,166.5,3797.53,275.32
7461;0.54;29;3416.17,794.97,3631.57,988.46
7461;0.71;32;2369.09,399.96,2507.89,524.27
7462;0.57;33;3673.36,178.87,3796.72,286.84
7462;0.6;29;3407.57,798.68,3635.69,1004.44
7462;0.42;32;2361.46,406.89,2513.7,543.51
7463;0.39;33;3677.85,188.96,3799.81,296.11
7463;0.56;29;3416.0,817.15,3632.36,1009.86
7463;0.4;32;2370.42,415.37,2510.6,541.28
7464;0.64;33;3677.63,195.39,3799.39,302.99
7464;0.66;29;3409.26,826.86,3630.55,1024.06
7464;0.44;32;2366.05,429.0,2504.53,551.97
7465;0.49;29;3395.84,814.33,3643.6,1037.65
7466;0.57;29;3414.88,841.97,3633.4,1037.53
7466;0.58;33;3671.78,212.95,3796.95,324.2
7467;0.77;29;3424.23,854.01,3625.14,1032.69
7468;0.5;29;3400.19,845.32,3643.79,1064.11
7469;0.54;29;3401.89,874.69,3627.8,1078.74
7469;0.61;32;2351.96,478.13,2488.47,598.8
7470;0.36;29;3398.99,871.65,3636.63,1087.06
7470;0.72;32;2346.6,485.19,2487.56,610.17
7471;0.71;29;3407.31,895.38,3625.71,1092.27
7471;0.49;32;2350.64,498.43,2477.79,608.14
7472;0.65;29;3408.41,914.06,3620.72,1103.99
7472;0.35;32;2359.26,509.54,2480.25,611.46
7473;0.66;29;3411.2,926.63,3623.35,1114.33
7473;0.64;32;2355.45,523.11,2476.67,623.09
7474;0.76;29;3406.75,934.11,3617.63,1119.82
7474;0.52;32;2384.39,535.84,2490.78,626.23
7475;0.57;29;3393.97,923.32,3632.08,1133.01
7476;0.71;29;3403.63,941.33,3626.26,1135.7
7477;0.65;29;3394.63,946.11,3629.65,1153.23
7478;0.64;29;3401.1,961.25,3628.36,1161.36
7479;0.66;29;3392.12,957.96,3638.57,1177.03
7479;0.58;33;3654.47,338.12,3777.81,449.27
7480;0.63;29;3404.01,980.71,3632.26,1183.32
7480;0.59;33;3652.73,348.61,3773.69,457.86
7481;0.7;29;3406.22,993.28,3627.95,1190.34
7481;0.42;33;3649.28,357.78,3774.54,470.23
7482;0.66;29;3391.59,980.19,3632.95,1198.14
7482;0.42;33;3650.77,368.43,3773.89,478.14
7483;0.58;33;3650.35,379.75,3774.19,489.01
7484;0.47;33;3649.57,391.92,3770.77,498.82
7484;0.58;29;3392.23,1011.07,3632.55,1230.31
7485;0.58;33;3649.86,401.49,3770.9,507.68
7485;0.47;29;3392.19,1017.18,3632.82,1237.49
7485;0.59;32;2367.26,639.67,2486.89,743.79
7486;0.71;33;3651.29,409.85,3772.57,515.19
7486;0.68;29;3394.4,1037.13,3623.76,1247.0
7487;0.65;33;3650.21,421.18,3771.96,526.2
7487;0.59;29;3399.15,1061.53,3615.43,1258.79
7487;0.7;35;3586.71,0.74,3746.31,152.88
7488;0.5;33;3643.82,426.94,3771.01,537.6
7488;0.57;29;3396.4,1068.64,3615.56,1268.96
7488;0.71;35;3582.58,0.18,3750.31,160.36
7489;0.64;33;3642.74,434.95,3772.36,548.4
7489;0.68;29;3399.83,1081.95,3612.15,1275.42
7489;0.6;35;3581.25,20.44,3745.13,177.08
7489;0.51;32;2336.27,685.85,2495.01,827.77
7490;0.76;29;3404.4,1089.79,3611.37,1276.68
7490;0.59;35;3580.17,29.5,3735.41,177.89
7490;0.57;32;2327.14,691.03,2499.14,849.18
7491;0.48;29;3401.4,1092.37,3615.44,1284.52
7491;0.39;35;3583.48,41.21,3729.98,181.07
7491;0.49;32;2328.44,706.56,2494.97,859.9
7492;0.66;29;3397.87,1098.6,3615.11,1293.48
7492;0.63;35;3584.75,47.46,3735.57,191.7
7492;0.68;32;2330.46,717.57,2491.71,866.63
7493;0.6;29;3396.5,1116.65,3614.1,1311.02
7493;0.57;35;3582.88,50.03,3735.87,196.94
7493;0.62;32;2336.91,729.09,2478.26,858.94
7493;0.7;33;3654.39,478.71,3774.3,583.06
7494;0.56;29;3386.8,1104.54,3622.29,1316.54
7494;0.52;33;3652.92,491.05,3771.89,594.15
7495;0.5;29;3379.54,1103.66,3627.83,1328.01
7495;0.61;32;2337.6,748.66,2479.32,878.69
7496;0.69;29;3387.08,1129.38,3620.84,1340.22
7496;0.51;32;2338.02,762.56,2477.42,889.88
7497;0.42;29;3385.5,1141.76,3620.29,1354.01
7498;0.52;29;3373.57,1130.91,3632.48,1368.8
7499;0.68;29;3374.21,1130.51,3633.13,1371.89
7500;0.71;29;3387.96,1162.29,3618.8,1376.12
7501;0.71;29;3395.02,1191.24,3606.24,1385.01
7502;0.72;29;3401.05,1213.8,3600.85,1395.83
7502;0.57;33;3629.83,564.95,3766.71,686.32
7503;0.75;29;3398.0,1219.49,3605.72,1408.46
7504;0.72;29;3393.23,1224.51,3604.01,1415.43
7504;0.54;32;2367.91,848.49,2481.88,955.44
7504;0.62;33;3628.84,584.01,3762.6,705.07
7505;0.78;29;3399.31,1233.33,3607.15,1420.43
7505;0.72;37;3399.86,0.0,3667.1,244.26
7505;0.61;33;3631.21,597.03,3758.58,713.74
7506;0.53;29;3385.97,1224.34,3618.27,1434.92
7506;0.68;37;3401.88,2.14,3679.08,256.0
7506;0.6;33;3633.91,610.58,3756.57,723.57
7506;0.57;32;2381.35,869.52,2470.23,953.18
7507;0.59;29;3394.14,1247.01,3614.47,1444.98
7507;0.65;37;3389.7,5.36,3681.13,272.97
7507;0.57;33;3634.9,621.72,3752.75,730.28
7508;0.42;29;3392.49,1257.75,3615.04,1456.53
7508;0.68;37;3400.18,35.54,3659.85,273.72
7508;0.73;33;3634.75,632.87,3748.67,737.53
7509;0.71;29;3397.39,1276.72,3611.65,1466.66
7509;0.64;37;3387.28,34.12,3669.03,293.65
7509;0.55;33;3637.63,642.77,3747.29,742.52
7510;0.54;29;3383.95,1272.73,3620.99,1482.36
7510;0.65;37;3380.88,31.21,3671.98,301.25
7510;0.55;33;3637.31,649.06,3746.21,747.67
7511;0.43;29;3377.72,1270.57,3629.86,1494.83
7511;0.69;37;3400.94,70.69,3648.49,299.19
7512;0.61;29;3382.87,1295.26,3627.03,1512.98
7512;0.68;37;3400.2,81.0,3646.18,308.18
7513;0.7;29;3392.99,1317.38,3612.62,1512.18
7513;0.6;37;3409.86,99.21,3646.14,317.57
7514;0.52;29;3393.34,1332.31,3609.34,1523.68
7515;0.65;29;3393.62,1337.86,3610.87,1529.65
7515;0.59;37;3404.1,117.31,3648.24,342.43
7516;0.6;29;3389.17,1357.04,3610.83,1553.22
7516;0.56;37;3406.72,130.65,3641.64,346.41
7517;0.7;29;3372.99,1334.47,3626.8,1562.46
7517;0.61;37;3403.1,138.83,3642.89,358.57
7517;0.57;32;2350.92,979.74,2476.19,1096.05
7518;0.66;29;3375.85,1355.25,3619.79,1574.51
7518;0.5;37;3399.74,141.15,3657.24,375.94
7519;0.72;29;3384.16,1377.03,3611.18,1580.13
7519;0.52;37;3400.43,157.73,3653.51,388.47
7520;0.77;29;3378.21,1383.79,3609.68,1591.44
7520;0.41;37;3394.96,164.23,3654.67,401.13
7521;0.77;29;3386.92,1395.14,3608.86,1593.9
7521;0.37;37;3398.46,184.22,3652.41,414.66
7522;0.62;29;3391.14,1409.69,3609.12,1605.3
7523;0.72;29;3386.43,1426.54,3605.55,1622.11
7524;0.69;29;3380.29,1432.44,3609.29,1637.3
7525;0.55;29;3382.66,1445.9,3604.47,1641.95
7525;0.52;37;3390.87,214.17,3665.16,464.57
7526;0.48;29;3370.65,1432.78,3618.54,1652.0
7526;0.52;32;2328.94,1069.67,2461.31,1189.64
7527;0.54;29;3375.7,1452.54,3613.04,1662.31
7527;0.53;37;3408.07,242.43,3685.77,488.9
7528;0.68;29;3370.42,1456.58,3620.17,1679.74
7528;0.48;37;3396.37,246.27,3672.89,493.62
7529;0.74;29;3379.32,1476.1,3607.58,1678.43
7530;0.66;29;3368.84,1459.68,3620.85,1686.17
7530;0.54;37;3386.9,271.84,3654.24,512.49
7531;0.76;29;3385.23,1494.73,3608.02,1692.84
7531;0.52;37;3384.38,274.24,3653.68,518.82
7531;0.58;33;3635.32,874.24,3736.69,964.23
7532;0.64;29;3386.22,1515.88,3599.23,1704.62
7532;0.41;37;3383.65,281.34,3659.01,533.94
7532;0.5;33;3632.38,885.77,3736.69,976.77
7533;0.65;29;3384.6,1523.18,3606.71,1719.98
7533;0.48;37;3387.99,278.72,3665.38,539.08
7534;0.57;29;3368.72,1505.38,3622.19,1734.08
7535;0.64;29;3358.91,1499.71,3629.69,1748.39
7535;0.51;33;3626.29,908.28,3743.36,1010.68
7535;0.64;37;3392.56,314.28,3653.9,559.74
7536;0.56;29;3351.94,1505.18,3632.47,1768.48
7536;0.63;33;3622.95,916.52,3743.89,1023.74
7537;0.62;29;3368.15,1541.28,3613.52,1772.1
7537;0.46;33;3622.18,925.62,3743.75,1034.66
7538;0.58;29;3376.16,1566.05,3602.04,1778.86
7538;0.42;33;3621.32,934.13,3741.76,1043.21
7538;0.68;40;3058.26,7.51,3179.29,108.97
7539;0.73;29;3386.48,1595.69,3593.07,1788.7
7539;0.42;33;3621.14,941.28,3744.27,1053.56
7540;0.63;29;3372.14,1569.81,3612.38,1797.71
7540;0.65;33;3619.3,953.99,3741.28,1065.55
7540;0.51;37;3380.28,364.41,3646.56,614.88
7541;0.53;29;3380.17,1587.83,3612.51,1807.21
7541;0.67;33;3617.33,965.11,3739.34,1077.48
7541;0.63;40;3049.38,24.11,3187.45,140.69
7542;0.75;29;3377.38,1602.96,3607.78,1821.79
7542;0.64;33;3617.36,975.5,3738.04,1086.87
7543;0.78;29;3379.54,1618.39,3601.0,1828.7
7543;0.67;33;3616.74,987.82,3734.63,1096.94
7543;0.56;41;3561.06,594.36,3692.4,709.61
7543;0.53;32;2331.74,1260.85,2476.8,1395.97
7544;0.64;29;3384.44,1639.97,3592.82,1836.06
7544;0.72;33;3621.86,1000.22,3733.03,1102.29
7545;0.54;29;3381.9,1636.67,3603.07,1846.38
7545;0.71;33;3620.34,1010.13,3733.7,1114.04
7545;0.52;32;2353.18,1277.45,2465.33,1382.5
7546;0.58;29;3380.34,1656.41,3597.17,1861.03
7546;0.63;33;3621.71,1024.15,3732.83,1125.82
7546;0.62;32;2351.32,1284.44,2468.27,1396.24
7547;0.74;29;3385.23,1666.76,3597.78,1867.25
7548;0.77;29;3376.86,1662.37,3602.23,1877.01
7549;0.75;29;3381.73,1683.18,3594.21,1884.42
7549;0.6;33;3626.7,1055.63,3738.39,1157.79
7549;0.51;32;2347.51,1315.39,2457.11,1417.48
7550;0.73;29;3367.07,1671.92,3606.75,1900.97
7550;0.51;33;3632.4,1070.11,3739.35,1167.47
7550;0.37;32;2361.86,1329.3,2465.23,1426.67
7551;0.72;29;3372.2,1689.82,3597.87,1903.6
7551;0.54;32;2339.74,1339.72,2454.83,1444.72
7552;0.72;29;3369.88,1701.23,3596.92,1916.44
7552;0.66;32;2322.43,1349.45,2462.02,1476.98
7553;0.67;29;3372.0,1712.09,3593.88,1922.13
7553;0.64;32;2315.24,1358.85,2467.32,1498.41
7554;0.54;29;3361.69,1708.69,3608.83,1944.44
7554;0.64;32;2310.48,1365.98,2463.08,1505.15
7555;0.59;29;3359.89,1713.4,3609.11,1953.88
7556;0.73;29;3363.18,1726.3,3605.61,1962.34
7557;0.65;29;3370.85,1747.13,3601.17,1972.57
7557;0.58;32;2316.23,1391.87,2472.08,1533.43
7558;0.6;29;3361.15,1749.87,3604.56,1988.52
7558;0.52;32;2316.47,1406.22,2471.43,1546.45
7558;0.59;33;3616.4,1142.68,3740.22,1256.12
7559;0.69;29;3370.11,1770.62,3599.58,1995.38
7559;0.69;33;3615.18,1151.85,3738.85,1266.02
7559;0.51;37;3368.49,560.45,3636.86,818.04
7560;0.66;29;3376.45,1786.64,3598.93,2004.56
7560;0.57;33;3615.61,1160.35,3740.24,1275.96
7561;0.72;29;3381.64,1808.16,3594.6,2015.74
7561;0.55;33;3615.33,1175.23,3734.47,1284.97
7562;0.62;29;3385.24,1823.49,3593.43,2024.8
7562;0.45;33;3618.47,1188.67,3732.54,1293.48
7563;0.56;29;3369.21,1799.88,3607.2,2033.82
7563;0.58;33;3618.22,1199.31,3731.33,1302.36
7564;0.53;29;3392.49,1856.45,3587.14,2042.87
7564;0.38;33;3617.81,1211.27,3729.55,1312.94
7564;0.51;37;3384.55,624.87,3632.73,859.0
7565;0.58;29;3385.51,1853.06,3593.18,2051.74
7565;0.69;32;2304.35,1474.72,2482.41,1638.82
7566;0.66;29;3383.33,1860.37,3595.07,2060.1
7566;0.57;33;3613.89,1234.82,3724.97,1335.4
7567;0.62;29;3363.74,1845.63,3608.04,2078.93
7567;0.51;32;2308.23,1504.28,2470.77,1652.86
7568;0.75;29;3373.06,1868.01,3602.46,2086.08
7569;0.59;29;3379.22,1888.3,3601.61,2098.62
7570;0.71;29;3381.42,1901.91,3593.68,2101.83
7570;0.63;32;2316.46,1534.47,2479.27,1684.89
7571;0.69;29;3380.23,1915.79,3589.9,2112.16
7571;0.66;33;3610.12,1285.65,3723.81,1388.16
7572;0.73;29;3380.31,1927.08,3590.48,2122.24
7572;0.5;33;3609.49,1295.36,3725.73,1399.75
7572;0.5;37;3381.23,706.12,3632.24,937.59
7572;0.59;32;2327.72,1552.78,2473.11,1685.77
7573;0.69;29;3375.27,1933.27,3599.54,2141.6
7573;0.65;32;2314.54,1560.05,2471.42,1704.26
7574;0.6;29;3370.89,1925.85,3602.03,2142.32
7574;0.63;32;2311.66,1569.44,2470.31,1715.78
7574;0.69;33;3615.89,1316.84,3729.33,1417.38
7575;0.64;29;3373.62,1945.53,3600.03,2157.28
7575;0.61;32;2308.41,1579.18,2471.28,1730.59
7575;0.66;46;3043.23,394.57,3167.24,497.0
7575;0.47;33;3619.16,1327.98,3733.55,1429.55
7576;0.59;29;3368.92,1946.51,3598.93,2160.0
7576;0.52;32;2307.38,1588.19,2474.0,1744.68
7576;0.67;33;3622.04,1336.06,3736.06,1437.38
7577;0.66;29;3377.35,1961.64,3592.68,2160.0
7577;0.4;32;2308.22,1599.84,2467.4,1750.03
7577;0.66;33;3623.34,1348.64,3738.09,1451.13
7577;0.75;46;3043.31,416.34,3167.93,519.13
7578;0.66;29;3382.25,1972.28,3587.93,2160.0
7578;0.62;32;2303.01,1603.79,2473.56,1766.74
7578;0.65;33;3624.43,1357.74,3738.62,1459.98
7578;0.64;47;3416.05,533.44,3671.33,732.28
7578;0.74;46;3035.8,407.92,3177.83,525.78
7579;0.59;29;3388.8,1984.54,3585.47,2160.0
7579;0.5;32;2312.22,1618.26,2467.35,1766.96
7579;0.39;47;3411.14,541.19,3675.82,748.03
7579;0.7;46;3046.38,432.83,3173.8,538.04
7580;0.49;29;3391.35,1988.2,3585.89,2160.0
7580;0.53;32;2308.0,1626.02,2468.74,1781.27
7580;0.59;46;3047.22,447.67,3167.88,547.35
7580;0.64;33;3624.02,1376.47,3739.0,1479.56
7581;0.42;29;3385.53,1986.3,3586.46,2160.0
7581;0.61;32;2310.46,1632.94,2467.04,1784.11
7581;0.42;46;3046.6,455.64,3167.15,554.72
7581;0.64;33;3620.62,1384.79,3738.67,1490.74
7582;0.57;32;2308.59,1642.87,2474.54,1803.16
7582;0.72;33;3617.98,1393.24,3739.34,1502.67
7583;0.43;32;2307.61,1649.59,2478.02,1816.02
7583;0.61;33;3615.19,1403.98,3733.47,1509.95
7584;0.71;32;2313.77,1670.5,2461.54,1812.07
7584;0.49;33;3615.02,1415.38,3734.52,1523.39
7584;0.72;46;3039.2,481.54,3171.29,590.88
7585;0.65;32;2317.98,1678.99,2462.7,1816.22
7585;0.62;33;3617.46,1427.03,3734.3,1532.52
7585;0.42;46;3045.03,495.42,3169.96,598.76
7585;0.52;37;3374.37,847.35,3628.94,1075.62
7586;0.61;32;2321.15,1689.82,2462.33,1822.66
7586;0.66;33;3620.71,1438.32,3732.54,1539.21
7586;0.61;49;2986.04,31.41,3129.1,146.12
7587;0.48;32;2320.61,1700.02,2458.35,1827.95
7587;0.68;33;3617.77,1447.52,3732.66,1550.84
7587;0.36;49;2995.66,42.46,3132.67,152.22
7587;0.51;47;3401.28,612.18,3683.18,836.35
7588;0.72;32;2321.35,1709.5,2457.04,1833.69
7588;0.61;33;3617.03,1459.17,3735.09,1565.16
7588;0.69;37;3383.61,877.17,3620.24,1090.71
7589;0.39;32;2316.51,1718.19,2461.8,1849.8
7589;0.53;37;3381.76,876.93,3629.68,1103.62
7589;0.58;47;3425.97,648.98,3679.22,851.78
7590;0.7;32;2310.96,1728.71,2473.16,1876.14
7590;0.68;50;3332.96,776.81,3452.83,872.25
7590;0.63;46;3043.3,541.77,3167.46,645.37
7591;0.59;32;2303.56,1732.04,2476.38,1890.97
7592;0.66;32;2307.28,1749.25,2477.47,1905.73
7593;0.66;32;2310.46,1750.46,2472.73,1899.58
7593;0.6;46;3042.1,570.94,3167.38,677.03
7594;0.71;32;2304.8,1762.01,2478.74,1922.74
7594;0.56;33;3611.23,1522.45,3728.96,1627.6
7594;0.53;37;3383.32,939.68,3630.6,1160.11
7595;0.57;32;2311.33,1784.15,2471.59,1931.75
7595;0.63;33;3610.39,1533.92,3726.24,1636.81
7595;0.55;37;3374.78,951.94,3633.28,1180.39
7596;0.72;32;2326.7,1791.54,2465.19,1918.22
7596;0.58;37;3376.66,964.84,3628.63,1186.16
7597;0.48;32;2314.05,1797.13,2476.3,1948.18
7597;0.45;37;3377.28,970.41,3636.92,1195.59
7598;0.61;32;2310.81,1811.63,2473.71,1964.19
7598;0.53;46;3042.61,632.78,3159.59,732.87
7599;0.58;32;2307.41,1818.86,2472.27,1974.81
7600;0.65;32;2306.66,1823.02,2475.42,1984.6
7601;0.56;32;2306.86,1839.19,2471.68,1997.75
7601;0.5;46;3038.34,658.41,3159.93,764.29
7602;0.64;32;2304.12,1844.67,2474.43,2010.5
7602;0.53;46;3045.99,681.23,3156.39,776.13
7603;0.56;32;2307.08,1861.81,2472.29,2023.15
7604;0.7;32;2309.29,1872.55,2466.07,2025.06
7604;0.62;37;3355.76,1013.49,3649.93,1278.99
7604;0.58;46;3044.52,689.61,3167.0,795.12
7605;0.77;32;2310.61,1889.12,2459.07,2031.9
7605;0.44;46;3042.8,696.14,3171.24,807.71
7605;0.68;33;3625.81,1643.06,3736.31,1740.85
7606;0.55;32;2309.07,1900.68,2463.25,2048.55
7606;0.6;46;3042.42,705.33,3171.2,817.06
7606;0.62;33;3619.56,1649.16,3732.67,1748.71
7607;0.44;32;2304.15,1910.15,2462.83,2062.17
7607;0.47;46;3045.55,716.38,3170.92,825.18
7607;0.66;33;3619.02,1657.93,3732.16,1756.35
7608;0.55;32;2311.54,1920.03,2465.54,2067.52
7608;0.52;46;3045.67,726.85,3167.72,833.89
7608;0.55;33;3620.83,1668.84,3733.83,1767.95
7609;0.66;32;2310.51,1925.15,2469.63,2078.15
7609;0.63;46;3045.88,739.14,3168.39,848.03
7609;0.68;33;3621.97,1679.82,3734.27,1778.51
7609;0.66;53;3511.72,1503.4,3662.68,1664.51
7610;0.62;32;2311.66,1934.45,2470.77,2087.17
7610;0.48;46;3049.93,750.87,3167.65,856.34
7610;0.74;33;3619.19,1691.08,3732.26,1790.0
7611;0.51;32;2310.3,1941.66,2474.03,2099.51
7611;0.63;33;3617.09,1701.28,3733.73,1803.69
7611;0.69;53;3517.53,1530.24,3658.05,1679.44
7612;0.36;32;2310.96,1958.09,2467.57,2108.1
7612;0.37;33;3614.78,1710.7,3738.23,1819.51
7613;0.49;32;2314.39,1968.51,2477.38,2123.41
7613;0.42;33;3612.86,1720.16,3738.15,1831.92
7614;0.56;32;2322.6,1976.84,2478.63,2122.37
7614;0.61;33;3613.01,1731.32,3736.87,1842.3
7614;0.52;46;3052.12,791.07,3170.23,897.57
7615;0.7;32;2327.09,1988.12,2470.42,2120.37
7615;0.57;33;3615.41,1742.3,3736.74,1850.94
7615;0.57;54;3503.75,703.63,3674.16,853.08
7615;0.6;46;3049.85,797.05,3170.72,907.37
7616;0.7;32;2330.76,2000.36,2470.17,2126.84
7616;0.46;33;3616.14,1752.82,3735.99,1860.78
7616;0.45;54;3497.19,701.0,3684.17,865.16
7616;0.64;46;3049.65,807.25,3172.01,919.86
7617;0.63;32;2322.68,2011.36,2467.75,2142.64
7617;0.57;33;3615.42,1760.52,3736.43,1869.92
7618;0.73;32;2318.24,2019.2,2467.48,2153.91
7618;0.39;33;3620.51,1774.35,3733.8,1876.11
7618;0.55;37;3370.72,1167.53,3649.07,1424.02
7618;0.55;46;3055.58,832.77,3169.3,937.64
7619;0.62;32;2319.82,2026.79,2466.76,2158.15
7619;0.36;33;3620.22,1782.95,3734.59,1885.75
7619;0.65;37;3376.15,1183.58,3639.21,1426.62
7620;0.47;33;3621.22,1789.91,3733.99,1891.3
7620;0.56;46;3053.76,854.61,3167.48,959.98
7621;0.52;55;3338.58,1099.97,3450.72,1186.89
7622;0.62;46;3049.26,866.11,3173.51,981.72
7623;0.38;46;3049.18,870.66,3176.7,990.02
7623;0.53;37;3382.44,1234.87,3641.13,1472.75
7623;0.57;33;3623.27,1823.16,3735.45,1924.25
7624;0.53;46;3051.77,884.3,3175.15,999.38
7624;0.45;37;3384.63,1247.37,3637.31,1478.45
7624;0.37;33;3621.64,1833.39,3736.27,1937.36
7624;0.64;54;3497.4,775.18,3706.56,958.44
7625;0.52;46;3057.95,900.36,3174.62,1008.36
7625;0.36;37;3382.96,1256.76,3639.16,1490.68
7625;0.64;33;3622.7,1844.65,3736.18,1947.2
7625;0.44;54;3489.07,763.94,3719.71,968.38
7626;0.46;37;3380.13,1257.77,3642.88,1500.34
7626;0.37;33;3623.02,1858.28,3736.22,1960.34
7627;0.53;53;3515.56,1699.46,3664.46,1855.12
7628;0.52;0;3130.7,596.38,3315.58,760.68
7628;0.48;0;3613.39,1870.55,3734.84,1978.83
7629;0.45;0;3344.79,1179.26,3458.03,1276.78
7629;0.38;0;3052.1,947.96,3168.07,1051.54
7630;0.5;37;3395.19,1309.17,3640.72,1534.4
7631;0.58;0;3563.26,1478.68,3705.1,1630.38
7631;0.37;0;3143.42,635.78,3316.7,809.54
7632;0.66;0;3139.02,638.47,3313.08,802.95
7632;0.53;0;3476.64,0.88,3621.1,101.22
7632;0.49;0;3420.35,1324.35,3638.79,1571.31
7632;0.48;0;3065.05,989.14,3179.96,1082.96
7632;0.46;0;3614.34,1918.18,3749.49,2027.62
7632;0.37;0;3066.27,1603.19,3136.18,1672.21
7634;0.71;33;3622.85,1939.51,3741.12,2044.31
7635;0.71;33;3621.51,1948.47,3741.33,2054.0
7635;0.52;46;3064.37,1010.24,3178.15,1115.27
7636;0.56;33;3625.26,1961.72,3742.96,2064.06
7636;0.54;46;3063.9,1021.17,3176.93,1125.0
7636;0.62;37;3381.53,1349.33,3651.87,1601.51
7637;0.54;33;3623.41,1970.11,3742.14,2073.56
7637;0.62;46;3065.0,1030.66,3173.67,1129.94
7637;0.61;37;3386.32,1360.4,3653.91,1615.22
7638;0.44;46;3061.6,1039.65,3175.07,1143.54
7638;0.47;37;3387.1,1381.23,3644.14,1623.83
7639;0.43;46;3059.98,1050.04,3179.92,1160.27
7640;0.54;0;3559.42,1606.54,3695.57,1729.87
7640;0.49;0;3510.34,938.14,3685.16,1120.68
7641;0.62;0;3562.76,1618.33,3693.86,1737.48
7641;0.48;0;3629.74,2013.13,3741.2,2118.65
7642;0.62;60;3569.28,1628.81,3704.25,1751.4
7642;0.58;33;3624.47,2020.35,3743.64,2125.91
7642;0.57;46;3064.71,1076.98,3186.61,1189.48
7643;0.54;60;3573.19,1636.72,3699.03,1750.76
7644;0.64;0;3152.64,784.21,3311.64,927.79
7644;0.37;0;3174.03,1447.64,3271.18,1544.02
7645;0.54;61;3159.99,796.19,3311.71,933.1
7646;0.47;61;3158.13,804.1,3319.46,949.61
7647;0.49;61;3160.02,813.56,3320.47,958.06
7647;0.59;60;3573.87,1684.37,3693.72,1792.04
7648;0.5;37;3391.29,1492.75,3641.32,1729.73
7649;0.66;60;3571.43,1704.01,3696.95,1816.51
7650;0.47;60;3559.28,1712.8,3689.62,1828.49
7651;0.59;60;3563.13,1724.56,3694.59,1840.76
7652;0.44;60;3563.98,1733.73,3695.91,1849.87
7653;0.36;60;3565.97,1741.97,3692.79,1853.25
7653;0.68;53;3517.78,1962.66,3683.31,2129.34
7654;0.55;60;3563.02,1753.63,3698.96,1872.74
7654;0.7;53;3520.53,1969.52,3695.28,2135.87
7655;0.43;53;3519.3,1980.75,3689.9,2138.19
7655;0.58;37;3389.91,1565.89,3651.54,1814.55
7656;0.56;60;3564.92,1772.26,3698.24,1888.51
7657;0.6;60;3565.59,1783.61,3693.0,1894.01
7657;0.56;37;3403.75,1600.88,3641.38,1821.43
7658;0.58;37;3402.65,1593.6,3643.92,1819.14
7659;0.41;37;3398.34,1605.48,3647.88,1838.45
7659;0.6;60;3562.98,1804.9,3704.67,1927.8
7660;0.43;37;3391.82,1615.29,3648.41,1851.74
7660;0.61;60;3564.98,1818.84,3704.3,1939.27
7661;0.39;37;3390.96,1623.8,3661.59,1870.53
7661;0.48;60;3566.11,1825.82,3703.02,1944.56
7662;0.38;37;3384.87,1631.44,3653.99,1876.03
7662;0.51;46;3063.05,1295.1,3180.38,1402.9
7663;0.64;0;3279.59,631.78,3383.33,732.89
7664;0.63;0;3008.34,862.74,3147.05,969.98
7664;0.4;0;3398.25,1608.12,3645.69,1906.62
7664;0.37;0;3158.27,987.54,3325.85,1145.67
7665;0.48;0;3393.97,1647.62,3645.82,1909.29
7665;0.43;0;3063.05,1316.48,3201.15,1432.19
7666;0.51;37;3373.1,1651.73,3668.77,1926.98
7667;0.68;60;3570.27,1895.68,3700.34,2008.32
7669;0.76;60;3572.04,1915.21,3701.26,2026.1
7669;0.62;46;3063.84,1365.27,3185.44,1473.55
7670;0.59;60;3571.29,1923.67,3704.47,2037.66
7670;0.54;65;3519.03,406.98,3609.4,478.09
7671;0.53;60;3570.06,1935.63,3707.79,2052.97
7671;0.57;65;3515.57,417.07,3610.72,491.98
7672;0.6;60;3571.82,1949.18,3705.93,2062.5
7673;0.64;60;3573.38,1960.95,3702.81,2069.69
7674;0.62;60;3571.57,1972.1,3704.39,2083.51
7674;0.56;65;3516.04,449.57,3616.27,528.45
7675;0.43;0;3073.18,1418.35,3186.21,1525.29
7675;0.4;0;2855.58,1371.28,2918.52,1434.51
7677;0.37;0;3570.95,1975.94,3714.06,2114.67
7678;0.44;0;3568.51,2004.42,3704.55,2126.46
7678;0.41;0;3563.95,1112.27,3674.99,1211.3
7678;0.4;0;3127.3,1963.23,3226.2,2059.73
7679;0.57;0;3127.81,1972.63,3224.74,2067.79
7679;0.49;0;3526.3,502.14,3607.06,563.73
7679;0.44;0;3008.72,1014.44,3153.84,1121.14
7680;0.49;0;3128.69,1989.61,3215.4,2075.81
7680;0.41;0;3169.61,1160.52,3334.04,1331.82
7681;0.66;0;3129.44,1995.73,3224.54,2086.24
7681;0.43;0;3070.41,1486.41,3188.42,1600.66
7682;0.56;67;3123.73,2007.48,3221.87,2100.98
7682;0.6;37;3392.63,1849.71,3693.55,2132.29
7683;0.41;0;3177.22,1197.34,3331.73,1335.3
7683;0.4;0;3280.76,838.24,3390.84,937.9
7684;0.67;0;3178.21,1198.62,3328.13,1327.7
7684;0.49;0;3453.44,1628.34,3679.93,1875.66
7684;0.43;0;3291.63,858.77,3384.71,949.97
7685;0.47;0;3126.43,2038.19,3221.17,2135.08
7685;0.43;0;3078.04,1547.34,3189.35,1635.41
7686;0.54;0;3172.71,1231.18,3327.4,1358.36
7686;0.53;0;3125.98,2059.61,3218.16,2145.74
7686;0.42;0;3451.21,1635.72,3682.63,1896.86
7687;0.61;0;3174.41,1234.39,3328.5,1377.82
7687;0.38;0;3529.7,597.04,3631.43,677.22
7688;0.65;69;3162.61,1234.11,3325.36,1385.53
7688;0.52;65;3521.92,598.44,3635.96,689.35
7689;0.76;69;3161.94,1243.02,3328.44,1397.94
7690;0.51;69;3157.51,1256.7,3327.68,1414.68
7692;0.55;65;3532.17,633.27,3641.77,722.07
7693;0.56;65;3533.18,648.68,3639.86,735.75
7694;0.5;65;3532.56,663.38,3636.69,748.45
7695;0.5;65;3534.88,674.71,3640.04,760.53
7696;0.59;65;3535.38,687.44,3640.58,773.71
7697;0.37;65;3535.0,698.48,3637.25,781.99
7699;0.42;0;2702.66,1467.3,2790.41,1542.99
7699;0.36;0;3073.63,1690.07,3198.92,1796.43
7701;0.38;0;3078.47,1717.93,3200.6,1815.65
7703;0.43;0;3359.79,1966.26,3482.98,2069.79
7706;0.61;0;3084.58,1762.05,3193.81,1866.64
7706;0.38;0;3450.78,1867.08,3691.23,2116.04
7707;0.62;71;3082.75,1767.01,3194.35,1873.97
7708;0.63;0;3537.61,816.9,3640.16,909.58
7708;0.55;0;3175.0,1468.59,3336.93,1615.59
7708;0.55;0;3456.93,1886.08,3682.58,2131.82
7708;0.38;0;3371.07,1885.8,3688.37,2145.87
7709;0.69;0;3172.47,1473.79,3338.83,1626.07
7709;0.63;0;3030.3,1323.04,3161.38,1436.21
7709;0.57;0;3458.83,1900.46,3687.66,2141.91
7710;0.64;74;3032.08,1330.49,3163.67,1444.02
7711;0.41;0;3351.29,1919.49,3687.83,2157.31
7712;0.54;0;3174.42,1499.61,3340.57,1652.8
7712;0.47;0;3476.96,2006.83,3679.29,2153.54
7712;0.39;0;3367.08,2071.16,3479.29,2160.0
7714;0.56;0;3160.95,1521.4,3337.92,1683.05
7715;0.38;0;3256.29,1197.15,3396.27,1298.99
7716;0.59;0;3256.55,1203.38,3399.01,1313.0
7719;0.46;0;3178.52,1596.77,3345.8,1729.77
7720;0.45;0;3547.91,962.33,3651.99,1045.77
7721;0.38;0;3168.07,1610.17,3340.44,1777.83
7722;0.41;0;3170.41,1635.07,3339.2,1786.83
7723;0.38;0;3488.21,1901.21,3829.31,2147.67
7724;0.44;0;3497.49,1908.21,3828.3,2150.02
7725;0.38;0;3565.0,1026.12,3659.41,1107.93
7729;0.36;0;3524.09,1931.63,3717.07,2127.64
7730;0.41;0;2873.91,1971.34,2945.18,2037.93
7731;0.41;0;3570.69,1703.33,3680.55,1809.73
7732;0.55;0;3036.71,1584.66,3183.35,1699.96
7732;0.46;0;3186.58,1741.44,3350.6,1904.99
7734;0.5;0;3033.14,1609.66,3167.59,1705.74
7734;0.4;0;3634.05,1026.33,3706.36,1102.98
7735;0.41;0;3038.78,1620.85,3170.11,1719.89
7736;0.53;0;2899.51,519.24,2967.03,582.46
7737;0.59;0;3039.42,1652.15,3166.26,1754.38
7741;0.37;0;2856.89,2099.17,2932.94,2159.33
7742;0.51;0;3069.71,2029.66,3155.01,2115.72
7747;0.45;0;3321.37,1564.37,3412.63,1662.27
7749;0.37;0;3642.96,1204.3,3729.16,1285.66
7752;0.5;0;1715.76,1.08,1843.47,66.27
7763;0.47;0;3583.62,1476.41,3665.25,1553.32
7764;0.52;0;3582.56,1489.24,3671.08,1570.14
7766;0.39;0;3045.74,1991.7,3182.0,2101.67
7767;0.5;0;3581.4,1524.6,3680.72,1616.5
7769;0.72;0;3292.38,1820.65,3432.48,1940.32
7771;0.48;0;3285.89,1849.16,3427.23,1962.89
7779;0.36;0;3278.92,1951.73,3422.04,2058.15
7782;0.51;0;3285.34,1979.62,3439.25,2085.5
7783;0.76;0;3281.83,1989.74,3439.78,2108.15
7784;0.67;76;3278.29,1992.76,3444.14,2117.18
7785;0.69;76;3277.44,2007.45,3440.8,2130.22
7786;0.51;0;3585.41,1762.21,3683.99,1843.95
7796;0.39;0;3604.7,1889.88,3706.97,1976.35
7797;0.43;0;3596.67,1902.21,3708.8,1992.56
7801;0.36;0;3605.51,1957.36,3700.26,2042.66
7802;0.37;0;3603.22,1966.4,3698.81,2037.04
7803;0.5;0;3602.1,1974.88,3709.26,2073.2
7804;0.55;0;3600.33,1986.41,3700.1,2077.67
7805;0.57;0;3596.67,1994.0,3697.85,2090.59
7807;0.38;0;3592.18,2025.36,3690.07,2112.23
7816;0.54;0;3678.72,2028.58,3777.69,2127.08
7818;0.44;0;3513.31,0.73,3680.55,57.04
7846;0.49;0;3483.33,0.0,3548.56,45.9
7857;0.38;0;3521.03,132.49,3583.3,188.75
7865;0.46;0;2710.14,1474.79,2815.43,1551.27
7866;0.48;0;2713.59,1488.6,2813.95,1566.96
7892;0.66;0;3687.43,92.19,3756.6,151.76
7902;0.58;0;3737.66,250.54,3802.95,314.36
7907;0.44;0;3672.47,837.43,3741.95,896.21
7907;0.42;0;3764.24,337.79,3834.13,405.37
7933;0.41;0;3598.65,1.22,3731.14,55.15
7987;0.36;0;3726.02,0.77,3834.41,50.96
