original_size = 3840, 2160;
12;0.43;0;3048.59,0.0,3553.77,182.41
24;0.5;0;3403.15,0.0,3789.48,167.35
27;0.54;0;3460.46,0.0,3801.36,159.93
137;0.68;0;3719.2,0.7,3838.06,72.79
138;0.43;0;3717.95,0.0,3837.71,82.68
139;0.59;0;3718.73,0.87,3838.02,102.3
192;0.58;0;3187.4,0.55,3310.33,64.89
269;0.45;0;3104.78,0.5,3389.44,111.31
292;0.4;0;3063.52,0.0,3448.61,157.27
293;0.45;0;3064.96,0.0,3444.26,161.31
361;0.42;0;3682.66,1.68,3833.72,54.73
395;0.35;0;2987.54,0.1,3401.64,170.37
474;0.48;0;0.0,3.19,85.07,98.25
498;0.37;0;2961.88,0.52,3203.01,73.87
516;0.36;0;3248.89,1701.73,3473.55,1869.77
608;0.42;0;3415.52,1436.81,3525.62,1528.95
676;0.49;0;3703.54,1.09,3833.59,56.71
678;0.52;0;3701.85,0.0,3836.43,79.51
679;0.54;0;3704.02,0.27,3836.5,93.41
680;0.45;0;3706.33,1.45,3836.55,100.91
727;0.39;0;3722.91,1.0,3838.49,156.46
727;0.37;0;3750.11,0.0,3839.7,167.61
728;0.4;0;3710.67,0.35,3836.51,100.79
728;0.39;0;3715.35,0.0,3838.59,162.56
729;0.53;0;3710.12,0.0,3838.54,189.34
730;0.49;0;3714.21,0.0,3838.7,189.07
731;0.5;0;3716.39,0.0,3838.33,200.18
732;0.43;0;3719.47,0.0,3837.52,116.05
732;0.39;0;3718.43,0.0,3838.89,212.59
737;0.56;0;3726.53,0.0,3838.62,250.54
738;0.55;0;3728.57,2.44,3838.36,207.67
738;0.52;0;3732.04,16.86,3837.99,154.49
739;0.52;0;3729.4,12.0,3838.98,263.36
739;0.4;0;3730.71,30.72,3838.14,167.27
740;0.46;0;3729.69,15.88,3838.47,262.49
741;0.41;0;3735.02,26.41,3839.48,279.54
742;0.56;0;3736.98,36.89,3839.36,295.75
742;0.5;0;3739.2,66.54,3838.2,174.36
743;0.53;0;3740.9,48.9,3839.31,299.3
743;0.38;0;3743.01,77.78,3838.2,184.9
744;0.49;0;3745.01,67.93,3839.65,235.11
745;0.47;0;3745.99,102.89,3836.08,194.02
745;0.46;0;3744.54,85.66,3838.91,305.8
746;0.47;0;3748.4,105.03,3838.7,302.75
747;0.53;0;3755.36,116.07,3839.71,224.37
747;0.47;0;3753.33,88.16,3840.0,322.05
748;0.52;0;3754.48,111.0,3840.0,313.9
748;0.5;0;3754.97,124.05,3839.66,233.96
749;0.52;0;3756.46,130.2,3840.0,252.4
749;0.43;0;3755.39,109.8,3840.0,302.91
750;0.51;0;3760.15,145.68,3839.49,250.9
750;0.48;0;3759.49,128.84,3839.7,299.85
751;0.49;0;3764.18,152.81,3839.16,247.91
752;0.54;0;3768.04,166.06,3839.53,265.12
752;0.38;0;3766.92,146.13,3840.0,319.3
753;0.53;0;3768.66,173.03,3839.54,270.07
754;0.45;0;3772.66,173.73,3839.44,291.54
755;0.43;0;3776.43,188.18,3840.0,289.36
756;0.42;0;3778.39,196.18,3840.0,304.61
757;0.48;0;3781.74,206.12,3840.0,308.27
758;0.47;0;3783.7,218.58,3840.0,313.18
759;0.4;0;3789.93,225.84,3840.0,322.58
760;0.39;0;3753.95,1736.71,3839.39,1835.66
761;0.44;0;3749.87,0.0,3838.51,58.91
762;0.42;0;3748.02,0.0,3838.8,67.9
763;0.4;0;3750.73,0.01,3839.0,75.92
764;0.39;0;3746.55,0.27,3839.08,85.3
765;0.36;0;3756.66,1.37,3839.27,95.42
766;0.38;0;3756.87,2.57,3839.03,104.4
813;0.38;0;3769.84,0.0,3838.7,88.32
821;0.38;0;826.49,93.41,913.11,175.21
859;0.35;0;3674.5,0.57,3834.2,53.03
862;0.37;0;3699.85,1.16,3837.62,54.73
864;0.44;0;3710.66,0.24,3838.95,101.49
865;0.36;0;3721.59,0.92,3838.33,88.41
866;0.49;0;3721.4,0.84,3839.2,113.41
868;0.45;0;3725.99,3.81,3839.4,142.0
869;0.35;0;3721.38,0.0,3838.68,151.89
870;0.53;0;3728.5,0.0,3838.86,168.04
871;0.59;0;3735.2,18.67,3839.26,166.12
872;0.43;0;3735.13,5.74,3838.9,192.89
877;0.48;0;3747.95,78.64,3839.77,221.69
880;0.51;0;3740.72,76.62,3839.22,262.1
882;0.45;0;3747.65,93.31,3839.57,295.08
885;0.38;0;3750.8,126.35,3839.83,330.85
886;0.4;0;3731.33,137.24,3839.31,343.59
887;0.4;0;3762.63,173.46,3839.35,311.59
889;0.35;0;3764.54,184.13,3839.56,326.44
891;0.41;0;3768.26,216.06,3839.35,338.0
892;0.36;0;3772.19,231.09,3839.29,343.46
901;0.43;0;3757.57,0.0,3838.9,96.06
902;0.48;0;3756.86,0.05,3839.12,97.07
903;0.44;0;3755.99,0.0,3838.84,111.73
904;0.42;0;3757.75,0.0,3838.84,112.91
905;0.36;0;3762.44,0.98,3839.11,128.59
950;0.39;0;3755.44,0.39,3838.87,117.22
1001;0.36;0;766.63,49.21,827.66,101.37
1004;0.45;0;766.5,87.46,825.56,140.33
1005;0.44;0;765.96,100.22,826.46,151.78
1006;0.38;0;766.8,113.2,822.69,164.25
1007;0.47;0;769.23,124.53,826.42,178.95
1008;0.54;0;765.65,140.55,825.98,193.72
1009;0.37;0;768.01,153.51,825.44,207.16
1010;0.37;0;764.97,166.85,824.7,217.87
1011;0.49;0;766.61,177.61,825.4,231.24
1012;0.6;0;765.8,188.98,823.14,243.93
1013;0.4;0;767.02,202.39,821.26,255.17
1014;0.37;0;765.68,214.41,821.59,263.4
1015;0.43;0;769.0,223.72,822.32,278.1
1016;0.53;0;767.47,236.15,823.63,291.02
1017;0.48;0;767.23,247.13,822.12,302.79
1018;0.48;0;766.01,256.9,822.0,314.76
1019;0.55;0;766.69,267.44,823.17,327.31
1020;0.51;0;765.68,281.3,822.18,339.21
1021;0.66;0;763.39,291.51,823.58,350.48
1022;0.63;3;762.76,300.91,823.39,360.31
1023;0.51;3;763.63,311.83,822.91,369.96
1024;0.53;3;762.61,324.17,822.2,382.67
1025;0.55;3;757.92,332.65,823.69,397.44
1026;0.59;3;757.27,342.73,823.69,408.44
1027;0.6;3;758.18,353.32,823.8,418.45
1029;0.55;3;762.77,379.12,820.34,436.1
1030;0.48;3;764.33,397.54,818.41,450.87
1031;0.5;3;764.58,409.02,818.84,462.4
1032;0.54;3;763.24,419.7,819.28,474.74
1033;0.42;3;765.34,431.64,818.23,483.22
1034;0.45;3;765.19,442.54,818.16,493.79
1035;0.59;3;762.59,450.21,820.69,506.26
1036;0.45;3;761.69,460.03,821.28,517.66
1037;0.56;3;761.16,470.78,819.82,527.22
1038;0.5;3;763.63,482.82,818.94,536.01
1039;0.63;3;761.66,491.76,821.08,549.3
1040;0.58;3;762.54,505.28,817.44,558.5
1041;0.46;3;765.07,519.2,816.82,569.09
1042;0.5;3;763.51,527.71,817.16,579.34
1043;0.53;3;760.96,537.36,816.65,590.9
1044;0.47;3;761.4,546.16,820.69,603.44
1046;0.43;3;762.93,568.56,814.97,618.49
1047;0.51;3;763.62,580.16,815.64,630.07
1048;0.58;3;763.22,592.19,814.28,640.87
1049;0.47;3;763.64,605.94,812.14,651.67
1050;0.36;3;764.02,617.93,811.07,661.65
1052;0.35;3;764.03,633.08,813.23,678.39
1054;0.6;3;760.42,651.07,814.53,700.75
1055;0.51;3;759.27,659.7,816.98,712.67
1056;0.4;3;759.94,667.77,817.82,720.86
1059;0.6;3;760.85,696.63,815.38,746.24
1060;0.43;3;760.2,714.81,812.79,762.3
1061;0.36;3;759.23,726.37,814.27,775.64
1075;0.4;0;767.77,863.0,821.9,907.26
1428;0.36;0;3046.57,0.0,3116.49,37.16
1429;0.41;0;3057.4,0.0,3106.86,41.04
1430;0.59;0;3058.38,3.53,3110.23,54.53
1431;0.57;0;3062.28,13.91,3111.61,64.04
1432;0.58;0;3059.97,24.63,3113.59,75.37
1433;0.65;0;3059.17,34.61,3114.17,89.23
1434;0.66;4;3062.47,43.38,3117.32,97.88
1435;0.69;4;3063.14,50.46,3119.17,106.18
1436;0.68;4;3064.53,62.02,3118.13,115.41
1437;0.66;4;3066.35,73.34,3119.32,126.12
1438;0.59;4;3069.19,85.04,3120.74,136.32
1439;0.6;4;3071.8,97.06,3121.2,146.1
1440;0.57;4;3070.7,106.57,3121.97,157.44
1441;0.7;4;3074.5,117.41,3123.26,165.58
1442;0.75;4;3074.83,127.25,3123.6,175.11
1443;0.59;4;3075.8,139.34,3123.3,185.64
1444;0.66;4;3075.35,149.45,3124.46,197.13
1445;0.51;4;3076.02,159.29,3125.85,207.55
1446;0.69;4;3076.2,168.6,3129.05,219.86
1447;0.66;4;3075.56,178.67,3130.59,232.29
1448;0.55;4;3077.93,190.62,3130.39,241.54
1449;0.58;4;3078.16,199.69,3133.29,253.21
1450;0.55;4;3080.01,210.67,3134.94,263.83
1451;0.63;4;3080.47,218.98,3139.85,276.73
1452;0.65;4;3082.48,231.31,3140.2,287.49
1453;0.66;4;3085.03,244.22,3138.56,296.18
1454;0.71;4;3085.8,253.51,3140.06,306.53
1455;0.68;4;3087.47,264.39,3141.5,317.31
1456;0.68;4;3088.66,275.82,3142.18,328.35
1457;0.64;4;3089.89,287.07,3143.27,339.69
1458;0.53;4;3090.23,297.07,3144.38,350.9
1459;0.49;4;3090.78,306.87,3145.86,362.11
1460;0.51;4;3093.34,318.37,3144.63,369.84
1461;0.47;4;3095.76,328.69,3146.82,379.94
1462;0.66;4;3099.03,341.35,3147.32,389.74
1463;0.65;4;3101.2,352.61,3148.71,400.3
1464;0.64;4;3102.84,363.03,3148.91,409.25
1465;0.66;4;3103.49,372.77,3149.8,419.17
1466;0.67;4;3104.46,383.44,3149.96,428.98
1467;0.65;4;3104.69,393.85,3150.53,439.54
1468;0.43;4;3105.84,404.68,3151.33,449.76
1469;0.6;4;3105.82,414.66,3153.09,461.22
1470;0.54;4;3107.07,426.82,3153.33,472.04
1471;0.62;4;3108.75,437.06,3155.79,482.74
1472;0.58;4;3109.95,447.59,3156.62,492.33
1473;0.6;4;3112.67,457.22,3158.96,501.04
1474;0.62;4;3112.38,468.07,3160.0,512.6
1475;0.65;4;3113.0,478.28,3160.96,522.62
1476;0.63;4;3112.75,489.69,3161.89,534.78
1477;0.49;4;3112.81,501.04,3164.26,548.18
1481;0.53;0;3117.85,542.0,3169.56,592.5
1482;0.55;0;3115.9,550.76,3171.8,605.9
1483;0.46;0;3121.23,564.84,3171.19,610.96
1484;0.53;0;3123.47,574.8,3172.45,620.21
1485;0.59;0;3125.41,585.11,3172.82,630.77
1486;0.5;0;3121.9,595.15,3173.23,641.14
1487;0.47;0;3126.92,606.46,3176.09,650.9
1492;0.36;0;3132.99,662.24,3182.0,706.0
1493;0.36;0;3133.02,673.23,3182.41,717.88
1494;0.54;0;3132.75,681.85,3184.49,728.21
1495;0.65;0;3132.38,692.31,3186.04,740.71
1496;0.61;5;3132.02,699.93,3186.56,749.1
1497;0.63;5;3131.56,710.44,3187.18,760.57
1498;0.63;5;3133.51,722.56,3188.84,772.52
1499;0.53;5;3135.44,734.43,3189.2,783.14
1500;0.52;5;3138.11,746.9,3190.89,794.81
1501;0.57;5;3140.27,759.24,3190.67,805.05
1502;0.52;5;3142.58,770.7,3188.78,812.55
1503;0.59;5;3144.02,781.08,3190.27,822.91
1504;0.44;5;3146.41,792.44,3193.02,834.48
1505;0.57;5;3146.46,802.21,3194.42,845.36
1506;0.52;5;3144.82,812.66,3196.58,859.18
1510;0.41;0;3148.06,858.02,3197.08,898.22
1511;0.49;0;3149.98,869.38,3198.1,908.28
1512;0.49;0;3151.43,879.71,3198.62,918.53
1513;0.37;0;3150.79,891.94,3198.45,929.09
1514;0.37;0;3149.13,901.98,3198.03,940.9
1515;0.41;0;3149.61,912.39,3198.6,952.51
1520;0.54;0;3111.78,1111.37,3161.03,1157.51
1521;0.36;0;3147.7,974.61,3201.22,1016.55
1522;0.48;0;3146.94,987.56,3200.3,1026.53
1522;0.35;0;3114.75,1134.32,3162.35,1178.94
1523;0.44;0;3114.82,1145.24,3163.17,1189.48
1524;0.42;0;3115.68,1156.75,3164.09,1202.12
1525;0.54;0;3113.84,1165.92,3165.26,1215.29
1532;0.38;0;3123.91,1249.08,3170.37,1290.61
1532;0.35;0;3151.32,1096.46,3199.81,1134.02
1533;0.53;0;3122.81,1256.4,3167.91,1301.19
1533;0.4;0;3152.51,1107.53,3200.99,1146.26
1534;0.45;0;3151.94,1118.94,3200.09,1157.31
1535;0.47;0;3150.58,1131.64,3199.33,1168.19
1535;0.45;0;3120.65,1277.37,3173.27,1325.2
1536;0.38;0;3149.14,1141.07,3201.38,1180.64
1539;0.54;0;3124.06,1323.65,3172.55,1371.33
1540;0.48;0;3122.67,1332.91,3174.28,1383.64
1541;0.51;0;3120.47,1347.7,3171.71,1391.3
1541;0.42;0;3144.98,1193.37,3198.72,1232.82
1544;0.45;0;3126.15,1379.19,3173.79,1423.39
1545;0.48;0;3127.65,1394.33,3172.85,1433.55
1545;0.43;0;3147.62,1239.13,3198.54,1278.19
1546;0.45;0;3145.74,1249.52,3198.69,1289.78
1546;0.36;0;3127.21,1405.65,3173.02,1445.68
1547;0.37;0;3123.96,1414.98,3173.72,1458.32
1548;0.51;0;3124.07,1424.06,3174.46,1470.66
1550;0.45;0;3143.75,1292.26,3195.5,1333.53
1551;0.42;0;3143.3,1302.8,3195.63,1341.88
1555;0.36;0;3138.62,1344.87,3197.55,1386.0
1556;0.46;0;3140.46,1354.05,3197.77,1398.09
1560;0.55;0;3135.76,1556.65,3183.42,1601.96
1561;0.35;0;3137.24,1570.84,3181.88,1614.09
1566;0.52;0;3132.36,1466.42,3188.87,1506.94
1567;0.46;0;3133.24,1475.61,3187.84,1517.03
1568;0.39;0;3133.85,1490.24,3186.5,1528.35
1569;0.45;0;3133.13,1499.93,3186.2,1540.73
1576;0.38;0;3124.16,1573.77,3177.62,1618.07
1577;0.42;0;3124.13,1587.75,3176.93,1626.82
1580;0.37;0;3122.52,1620.87,3177.91,1662.95
1581;0.51;0;3122.22,1632.77,3175.95,1675.1
1581;0.41;0;3135.9,1796.27,3185.35,1840.81
1582;0.47;0;3122.63,1644.24,3174.27,1686.15
1584;0.36;0;3121.04,1665.65,3174.31,1709.23
1595;0.45;0;3107.94,1790.47,3164.59,1837.39
1595;0.35;0;3138.01,1955.68,3185.43,2000.89
1596;0.38;0;3108.96,1804.93,3159.75,1848.19
1597;0.46;0;3137.64,1979.2,3183.67,2023.19
1608;0.35;0;3101.89,1947.26,3153.05,1991.25
1610;0.38;0;3098.15,1971.17,3151.17,2017.74
1613;0.47;0;3095.51,2007.42,3151.41,2054.13
1614;0.44;0;3096.38,2018.96,3150.42,2065.53
1617;0.54;0;3097.21,2053.69,3150.16,2101.15
1618;0.54;0;3096.28,2065.99,3151.44,2113.63
1619;0.39;0;3095.86,2078.48,3148.6,2126.66
1840;0.45;0;1776.14,186.85,1834.69,234.64
1843;0.52;0;1773.25,215.4,1833.95,271.94
1845;0.53;0;1774.34,234.25,1834.82,288.15
1847;0.5;0;1777.19,255.73,1839.09,308.47
1848;0.53;0;1778.21,266.24,1839.27,322.21
1851;0.55;0;1780.29,296.47,1840.23,359.14
1855;0.47;0;1784.49,338.58,1845.21,396.88
1856;0.42;0;1785.3,350.03,1846.15,406.66
1857;0.48;0;1784.18,360.6,1841.7,417.45
1858;0.41;0;1785.5,374.09,1845.22,429.41
1859;0.35;0;1784.53,384.33,1844.87,439.91
1862;0.4;0;1792.05,419.48,1845.58,465.4
1873;0.37;0;1787.34,532.21,1846.31,581.89
1877;0.55;0;1782.83,572.51,1849.79,624.26
1878;0.39;0;1792.57,582.41,1848.06,633.43
1879;0.36;0;1789.17,590.22,1849.56,639.79
1882;0.45;0;1795.71,626.68,1850.6,671.75
1883;0.59;0;1794.35,635.89,1848.69,680.26
1884;0.44;0;1791.17,645.0,1847.46,691.18
1885;0.37;0;1793.55,656.65,1852.08,704.89
1893;0.56;0;1792.34,736.64,1859.81,787.17
1962;0.38;0;2860.05,0.0,3180.66,190.54
2039;0.35;0;1037.46,1130.74,1378.29,1392.77
2060;0.48;0;1122.62,1755.83,1180.52,1812.02
2064;0.58;0;1124.84,1801.08,1182.52,1856.87
2070;0.5;0;1131.35,1871.1,1184.24,1924.93
2071;0.58;0;1131.46,1875.85,1186.42,1934.22
2072;0.44;0;1131.47,1889.39,1189.26,1945.55
2075;0.48;0;1135.7,1922.51,1189.34,1976.56
2076;0.42;0;1135.29,1931.95,1191.96,1988.22
2080;0.35;0;1133.91,1972.11,1191.88,2027.01
2082;0.42;0;1136.26,1993.71,1194.11,2050.76
2083;0.38;0;1135.0,2004.47,1195.69,2059.12
2088;0.41;0;1033.62,1058.76,1450.33,1458.88
2092;0.41;0;1137.58,2102.26,1197.99,2158.52
2172;0.37;0;951.82,991.22,976.66,1013.68
2189;0.39;0;1043.61,1098.35,1489.12,1415.94
2190;0.36;0;1036.32,1091.37,1491.03,1425.25
2255;0.46;0;1688.9,177.64,1820.62,283.76
2329;0.36;0;1810.42,975.12,1926.37,1073.03
2424;0.49;0;1922.43,1941.11,2022.59,2043.09
2491;0.35;0;2787.03,4.16,2839.23,58.17
2492;0.4;0;2789.64,17.44,2841.61,70.12
2495;0.65;0;2795.01,50.6,2850.86,107.28
2496;0.57;6;2798.39,60.42,2851.94,114.78
2497;0.65;6;2800.32,70.08,2853.99,124.54
2499;0.64;6;2803.6,92.21,2858.53,147.92
2500;0.61;6;2807.15,107.32,2862.39,163.4
2501;0.62;6;2809.78,121.57,2863.33,175.85
2502;0.4;6;2811.09,132.96,2866.59,189.32
2505;0.45;0;2817.66,166.83,2875.95,223.26
2506;0.41;0;2823.0,180.09,2875.89,234.43
2508;0.4;0;2827.27,203.79,2883.5,257.96
2510;0.35;0;2830.9,227.28,2886.1,281.02
2511;0.36;0;2833.81,239.57,2886.85,294.08
2512;0.41;0;2833.65,249.66,2890.17,307.81
2520;0.37;0;2853.36,343.02,2910.34,400.32
2536;0.35;0;2576.76,0.94,2683.9,71.29
2573;0.46;0;2655.5,408.39,2765.85,512.2
2579;0.35;0;1893.42,154.34,2004.25,245.09
2592;0.36;0;2687.29,619.81,2788.55,718.06
2593;0.45;0;2688.59,639.01,2789.78,732.43
2621;0.41;0;1689.41,839.28,1779.78,926.76
2638;0.37;0;2961.58,1612.52,3044.1,1695.0
2643;0.38;0;2740.59,1230.92,2842.85,1318.43
2649;0.4;0;2972.85,1738.17,3025.35,1790.12
2650;0.4;0;2973.12,1749.41,3024.02,1800.43
2651;0.44;0;2970.28,1758.12,3023.45,1811.11
2652;0.54;0;2971.52,1769.08,3022.56,1820.74
2655;0.38;0;2972.12,1799.84,3023.1,1852.79
2657;0.39;0;2972.45,1821.58,3025.59,1874.9
2658;0.36;0;2972.2,1833.9,3025.02,1884.9
2660;0.47;0;2967.72,1851.61,3022.69,1904.83
2673;0.35;0;2968.87,1974.73,3019.51,2029.56
2699;0.43;0;2605.26,1556.75,2698.7,1642.66
2702;0.38;0;2767.03,1874.57,2871.75,1968.3
2719;0.41;0;2034.15,1593.84,2153.08,1707.74
2745;0.46;0;2090.43,14.9,2196.0,115.0
2749;0.42;0;2097.36,61.82,2200.13,146.75
2750;0.44;0;2096.99,69.69,2201.91,157.86
2751;0.42;0;2096.23,83.21,2204.45,172.51
2752;0.39;0;2096.69,88.48,2202.54,179.78
2753;0.5;0;2098.76,97.14,2205.58,191.88
2754;0.67;0;2094.03,113.2,2197.94,200.33
2761;0.43;0;2119.12,179.2,2224.93,263.89
2765;0.47;0;2128.65,221.31,2229.88,306.45
2766;0.65;0;2126.71,233.95,2223.55,322.48
2767;0.59;8;2126.83,240.0,2223.19,328.09
2768;0.42;8;2131.03,249.99,2222.54,333.49
2770;0.43;8;2140.14,269.58,2231.26,352.46
2773;0.38;0;2141.21,302.35,2246.94,395.32
2774;0.48;0;2147.82,312.69,2251.09,402.57
2776;0.65;8;2149.45,330.94,2253.51,425.45
2778;0.46;8;2151.04,352.36,2253.27,444.8
2781;0.51;8;2156.23,380.74,2260.01,474.36
2782;0.46;8;2160.1,396.99,2262.03,488.99
2783;0.55;8;2163.84,408.24,2267.75,502.09
2786;0.39;8;2171.66,432.68,2274.25,524.87
2790;0.58;8;2178.75,471.38,2278.26,560.54
2791;0.61;8;2183.41,492.07,2281.35,579.71
2792;0.62;8;2186.48,504.6,2288.73,596.43
2797;0.64;8;2194.18,541.7,2297.39,634.32
2798;0.58;8;2196.14,565.04,2299.12,656.85
2799;0.62;8;2196.98,577.64,2299.13,668.41
2800;0.45;8;2201.66,587.38,2304.26,677.61
2801;0.38;8;2206.26,599.89,2307.66,688.78
2802;0.55;8;2208.73,612.58,2307.28,698.27
2804;0.7;8;2208.08,630.46,2312.54,721.46
2805;0.6;8;2209.61,645.99,2313.2,736.75
2806;0.65;8;2216.34,656.18,2315.9,743.36
2807;0.63;8;2217.61,666.76,2322.9,759.2
2808;0.63;8;2218.19,679.03,2320.15,769.28
2809;0.48;8;2218.1,690.91,2323.46,784.34
2812;0.43;8;2223.74,715.18,2327.55,807.37
2813;0.36;8;2227.52,731.82,2329.03,822.13
2814;0.48;8;2231.22,745.66,2330.46,834.4
2816;0.35;8;2235.19,764.86,2336.93,855.36
2817;0.36;8;2234.8,777.86,2341.83,873.83
2818;0.53;8;2234.88,791.62,2333.32,881.15
2819;0.45;8;2240.98,805.11,2333.12,887.99
2821;0.55;8;2245.88,823.83,2342.67,910.42
2822;0.69;8;2248.3,838.09,2347.46,926.56
2823;0.47;8;2249.98,852.68,2349.53,941.19
2824;0.45;8;2248.89,865.22,2347.97,954.02
2828;0.65;8;2249.46,900.96,2353.67,994.51
2829;0.64;8;2251.65,924.43,2351.48,1013.82
2830;0.66;8;2252.18,940.43,2353.95,1031.13
2832;0.63;8;2259.28,961.78,2363.26,1054.61
2833;0.36;8;2260.06,976.22,2364.49,1070.06
2834;0.64;8;2264.83,991.02,2362.25,1078.69
2836;0.61;8;2267.56,1009.87,2368.24,1099.92
2837;0.58;8;2266.81,1026.19,2371.23,1119.31
2838;0.59;8;2265.78,1036.78,2379.16,1138.53
2839;0.36;8;2265.12,1047.38,2381.29,1150.51
2840;0.43;8;2264.5,1061.66,2379.32,1163.16
2841;0.65;8;2265.91,1075.93,2377.54,1175.09
2843;0.68;8;2268.76,1099.19,2377.18,1195.87
2844;0.59;8;2272.76,1113.85,2378.16,1207.81
2845;0.66;8;2273.56,1127.39,2378.2,1221.09
2849;0.46;0;2283.49,1172.37,2386.25,1265.72
2851;0.68;8;2281.83,1192.6,2383.42,1284.29
2852;0.42;8;2285.76,1212.64,2386.27,1303.68
2853;0.53;8;2285.46,1226.64,2383.81,1316.75
2854;0.65;8;2287.32,1239.0,2393.07,1336.16
2855;0.68;8;2290.79,1250.03,2395.98,1346.51
2856;0.69;8;2292.24,1259.76,2399.8,1358.18
2859;0.63;8;2293.75,1288.94,2402.38,1388.23
2860;0.62;8;2295.23,1308.28,2399.31,1403.2
2861;0.67;8;2296.37,1320.56,2397.97,1413.71
2862;0.61;8;2298.99,1333.01,2397.56,1423.34
2863;0.56;8;2297.76,1344.68,2394.35,1433.61
2864;0.54;8;2299.29,1353.45,2395.71,1441.94
2865;0.47;8;2301.85,1364.43,2401.58,1454.96
2866;0.48;8;2307.26,1375.01,2408.74,1466.15
2868;0.7;8;2312.54,1394.24,2413.86,1485.17
2869;0.6;8;2311.92,1407.29,2422.22,1506.18
2870;0.46;8;2312.2,1418.5,2423.41,1517.4
2871;0.58;8;2314.43,1432.94,2424.57,1530.7
2872;0.7;8;2316.26,1445.06,2424.86,1541.54
2873;0.61;8;2317.06,1457.9,2423.63,1552.7
2874;0.68;8;2318.18,1468.75,2422.91,1562.09
2875;0.6;8;2315.92,1479.12,2421.55,1574.11
2876;0.66;8;2319.82,1491.17,2421.17,1582.65
2877;0.56;8;2322.46,1503.12,2424.26,1595.47
2878;0.66;8;2327.37,1513.87,2426.86,1604.46
2879;0.64;8;2329.05,1524.79,2427.93,1615.01
2880;0.7;8;2330.45,1536.64,2430.28,1628.41
2881;0.66;8;2332.08,1547.85,2435.72,1642.8
2882;0.64;8;2333.4,1557.81,2439.87,1655.6
2883;0.5;8;2334.66,1570.2,2441.35,1668.43
2884;0.45;8;2333.15,1580.55,2441.48,1680.06
2885;0.49;8;2332.99,1592.66,2443.7,1694.21
2886;0.66;8;2334.42,1604.12,2440.51,1701.76
2887;0.55;8;2338.31,1618.1,2439.8,1711.03
2888;0.64;8;2341.6,1630.25,2442.39,1722.87
2889;0.51;8;2344.59,1642.41,2446.2,1735.76
2890;0.67;8;2346.38,1652.71,2450.35,1748.21
2891;0.7;8;2346.96,1664.45,2451.92,1760.89
2892;0.51;8;2348.57,1674.31,2455.75,1772.76
2893;0.38;8;2347.84,1685.67,2458.02,1786.83
2894;0.55;8;2350.78,1696.93,2461.02,1798.26
2895;0.68;8;2352.74,1707.59,2460.65,1807.31
2896;0.65;8;2353.64,1718.59,2462.34,1819.7
2897;0.71;8;2354.76,1728.89,2467.86,1834.55
2898;0.51;8;2359.19,1740.06,2470.93,1844.86
2899;0.58;8;2362.25,1751.7,2469.38,1852.39
2900;0.64;8;2363.38,1763.38,2469.67,1863.41
2901;0.64;8;2363.92,1774.71,2468.07,1872.69
2902;0.58;8;2365.5,1786.29,2467.28,1881.9
2903;0.58;8;2367.5,1796.21,2470.84,1892.75
2904;0.65;8;2367.11,1806.88,2470.88,1903.67
2905;0.5;8;2369.74,1819.41,2475.73,1917.56
2906;0.69;8;2370.02,1829.76,2474.36,1926.32
2907;0.69;8;2370.82,1840.2,2477.15,1938.35
2908;0.71;8;2370.71,1849.76,2475.74,1946.91
2909;0.68;8;2370.83,1861.54,2477.44,1960.02
2910;0.56;8;2374.14,1870.76,2479.66,1968.36
2911;0.65;8;2369.12,1880.31,2475.33,1977.84
2912;0.65;8;2368.16,1889.44,2476.05,1987.27
2912;0.51;9;2607.93,944.32,2723.07,1046.16
2913;0.43;8;2376.14,1902.8,2476.65,1994.01
2914;0.53;8;2377.06,1913.02,2481.53,2008.29
2915;0.57;8;2380.22,1923.85,2485.46,2019.8
2916;0.58;8;2381.4,1934.52,2487.1,2031.23
2917;0.61;8;2382.3,1944.39,2488.46,2041.17
2918;0.57;8;2383.07,1954.98,2491.36,2053.41
2919;0.7;8;2385.47,1964.65,2493.24,2062.38
2920;0.69;8;2387.79,1976.75,2495.22,2073.88
2921;0.69;8;2386.48,1988.96,2489.08,2082.59
2922;0.69;8;2387.9,2000.24,2490.18,2093.91
2923;0.68;8;2386.49,2009.43,2492.24,2106.29
2924;0.63;8;2385.72,2019.61,2492.86,2117.77
2925;0.61;8;2386.81,2032.33,2492.88,2129.26
2926;0.63;8;2387.89,2042.06,2492.25,2137.35
2927;0.66;8;2391.04,2052.86,2498.29,2150.37
2928;0.64;8;2391.09,2064.69,2493.74,2158.31
2929;0.55;8;2396.56,2075.97,2491.97,2160.0
2930;0.42;8;2407.17,2086.78,2495.13,2160.0
2940;0.38;0;2660.63,1246.35,2769.63,1346.72
2946;0.39;0;2659.93,1312.83,2775.02,1414.38
2959;0.58;0;2689.59,1464.91,2796.0,1566.43
2960;0.42;0;2686.44,1476.67,2797.49,1578.55
2964;0.47;0;1911.15,1613.07,1992.84,1690.08
2967;0.46;0;2598.78,1546.9,2803.11,1661.71
2980;0.53;0;2706.28,1699.43,2809.62,1797.08
2981;0.46;0;2709.77,1711.01,2814.88,1810.73
2982;0.37;0;1174.61,1599.96,1287.59,1702.73
2985;0.56;0;1172.2,1631.44,1293.73,1732.48
2988;0.55;0;1170.32,1659.97,1284.23,1761.54
2989;0.58;0;1168.93,1674.29,1286.74,1772.13
2997;0.38;0;1166.79,1757.47,1267.38,1856.44
2998;0.64;0;1168.8,1769.05,1289.93,1869.98
2999;0.61;10;1167.84,1774.55,1289.65,1876.04
3000;0.48;10;1173.23,1789.51,1290.2,1886.96
3003;0.43;10;1170.51,1813.77,1286.36,1910.63
3004;0.47;10;1168.64,1828.33,1290.84,1930.79
3007;0.37;10;1168.17,1854.05,1290.51,1956.96
3022;0.39;0;2729.95,466.16,2828.39,551.31
3441;0.4;0;3416.73,0.57,3579.7,73.38
3447;0.62;0;3404.68,30.0,3557.78,133.23
3448;0.53;11;3394.99,34.11,3544.96,135.4
3449;0.65;11;3386.77,41.49,3537.07,143.46
3450;0.75;11;3389.72,52.1,3526.29,145.12
3451;0.71;11;3391.24,60.1,3522.5,149.9
3452;0.75;11;3388.39,67.23,3523.03,159.88
3453;0.69;11;3385.72,78.0,3520.81,171.54
3454;0.73;11;3386.54,86.99,3520.23,180.4
3455;0.66;11;3382.78,94.75,3516.33,188.75
3456;0.39;11;3382.59,104.84,3513.87,197.79
3457;0.55;11;3378.83,106.54,3514.88,204.03
3464;0.47;0;3373.27,167.33,3491.43,271.26
3467;0.62;0;3374.32,192.75,3487.97,281.41
3468;0.73;12;3362.85,197.85,3487.99,295.57
3469;0.68;12;3360.5,204.32,3487.1,303.29
3470;0.38;12;3362.41,217.03,3481.55,310.02
3471;0.66;12;3363.85,226.09,3477.45,314.8
3472;0.58;12;3358.15,235.16,3476.45,327.82
3473;0.72;12;3360.61,243.34,3471.99,330.75
3474;0.68;12;3373.11,251.21,3471.87,328.95
3475;0.65;12;3358.61,261.31,3467.28,346.62
3476;0.53;12;3353.16,269.58,3468.4,360.37
3477;0.38;12;3349.04,276.65,3468.49,371.24
3480;0.62;12;3336.69,285.52,3464.47,387.6
3481;0.45;12;3331.22,296.15,3462.47,402.32
3482;0.68;12;3333.42,306.37,3457.23,407.04
3485;0.69;12;3331.74,325.92,3450.63,423.33
3486;0.5;12;3327.61,341.0,3444.53,436.87
3487;0.67;12;3327.68,352.16,3440.52,444.3
3491;0.36;12;3318.27,374.16,3437.43,471.49
3498;0.39;0;3296.09,417.42,3415.27,527.73
3500;0.56;0;3296.56,443.44,3413.29,550.4
3506;0.6;0;3280.96,495.34,3396.41,593.37
3509;0.51;13;3268.44,498.65,3397.92,608.71
3511;0.66;13;3266.71,523.1,3386.05,624.52
3513;0.53;13;3263.44,544.57,3376.61,640.84
3515;0.4;13;3257.11,561.87,3374.1,661.51
3519;0.61;13;3243.8,578.52,3372.14,688.43
3524;0.4;0;3248.64,628.34,3350.46,727.11
3525;0.57;13;3239.95,631.36,3358.4,733.28
3527;0.47;13;3233.63,652.08,3348.93,751.52
3528;0.61;13;3230.77,662.24,3345.33,761.03
3530;0.39;13;3224.26,675.28,3338.89,773.93
3531;0.58;13;3225.61,688.69,3334.43,781.42
3534;0.36;13;3217.66,705.35,3331.23,802.71
3538;0.61;13;3207.41,727.74,3326.31,830.72
3540;0.47;13;3200.5,746.48,3319.51,849.69
3541;0.69;13;3197.51,760.25,3317.03,864.23
3544;0.36;13;3192.51,777.03,3315.51,884.06
3546;0.71;13;3187.05,792.63,3306.48,896.96
3547;0.52;13;3184.69,805.4,3301.44,907.62
3548;0.64;13;3183.51,813.11,3300.75,916.31
3550;0.38;13;3177.48,823.3,3296.09,927.51
3552;0.39;13;3163.66,831.56,3289.15,943.02
3553;0.52;13;3166.11,847.41,3284.29,952.84
3555;0.48;13;3162.5,860.42,3285.01,970.82
3557;0.38;13;3160.13,878.39,3278.8,985.86
3558;0.72;13;3160.32,885.2,3276.97,991.52
3559;0.45;13;3158.36,894.53,3276.58,1002.34
3560;0.54;13;3156.29,903.35,3275.41,1011.81
3561;0.52;13;3151.92,906.09,3269.77,1013.85
3562;0.53;13;3146.09,910.47,3265.23,1020.05
3563;0.49;13;3148.39,919.63,3260.92,1023.9
3564;0.53;13;3145.24,926.25,3258.23,1031.73
3565;0.5;13;3142.77,937.01,3255.45,1042.84
3566;0.56;13;3139.87,941.68,3257.48,1052.23
3567;0.7;13;3139.73,950.84,3254.22,1059.31
3568;0.41;13;3135.55,959.74,3248.91,1067.48
3569;0.53;13;3135.09,964.32,3247.91,1071.6
3570;0.53;13;3129.64,969.22,3245.59,1080.24
3571;0.51;13;3131.0,981.09,3242.64,1087.26
3572;0.64;13;3127.58,989.75,3239.57,1096.59
3575;0.42;13;3116.76,1003.61,3235.36,1117.25
3576;0.56;13;3111.28,1012.33,3233.22,1129.65
3578;0.52;13;3112.39,1029.46,3230.36,1143.72
3579;0.58;13;3111.6,1042.49,3226.77,1153.52
3580;0.65;13;3116.64,1057.98,3225.67,1163.08
3581;0.52;13;3109.98,1054.48,3226.19,1167.4
3582;0.65;13;3102.51,1059.67,3224.37,1178.96
3584;0.47;13;3098.92,1075.5,3216.89,1191.97
3585;0.35;13;3108.85,1088.46,3231.1,1206.2
3586;0.38;0;3432.7,611.37,3468.72,645.85
3589;0.38;0;3422.44,633.33,3459.32,669.56
3589;0.36;0;3097.37,1126.7,3202.45,1238.71
3590;0.58;13;3094.49,1131.24,3210.69,1244.27
3591;0.37;0;3416.24,648.76,3449.35,683.53
3593;0.37;0;3080.13,1147.35,3198.97,1274.19
3595;0.69;13;3091.55,1176.66,3202.4,1284.66
3597;0.39;0;3395.22,695.12,3428.93,728.05
3598;0.4;0;3392.6,703.08,3427.75,736.19
3600;0.48;0;3700.23,553.64,3790.56,634.58
3602;0.69;13;3076.51,1237.35,3185.67,1344.62
3603;0.58;13;3076.3,1249.77,3182.54,1354.61
3604;0.6;13;3073.36,1258.03,3182.44,1366.05
3605;0.56;13;3072.28,1265.13,3181.63,1373.9
3606;0.64;13;3074.95,1275.21,3180.35,1380.46
3607;0.44;13;3070.77,1281.18,3178.83,1389.39
3615;0.36;0;3345.12,838.61,3378.86,871.24
3617;0.37;0;3339.24,851.74,3376.28,889.08
3618;0.59;0;3049.28,1371.63,3161.15,1493.21
3618;0.38;0;3335.27,862.5,3373.77,896.82
3619;0.42;0;3332.06,871.06,3369.29,904.36
3619;0.38;0;3046.75,1385.42,3168.57,1503.8
3620;0.54;0;3054.17,1395.5,3162.64,1512.01
3621;0.56;0;3054.73,1402.08,3159.95,1513.76
3621;0.4;0;3322.94,884.38,3365.61,921.55
3622;0.54;0;3053.22,1412.13,3157.26,1520.66
3622;0.43;0;3327.05,894.42,3364.05,929.13
3623;0.51;0;3060.02,1424.04,3155.99,1529.68
3623;0.4;0;3321.74,901.42,3362.39,937.86
3624;0.46;0;3321.49,910.9,3359.47,947.15
3624;0.42;0;3055.48,1427.0,3156.06,1539.54
3625;0.45;0;3316.83,920.2,3354.52,953.73
3626;0.41;0;3044.44,1437.54,3154.33,1563.58
3627;0.47;0;3317.2,936.72,3351.03,969.39
3628;0.46;0;3315.07,945.25,3349.19,976.94
3631;0.67;0;3039.65,1493.92,3153.51,1606.72
3631;0.55;0;3309.77,970.62,3341.37,1001.74
3631;0.36;0;3550.55,0.0,3663.76,61.02
3632;0.57;14;3036.85,1496.75,3157.03,1615.85
3633;0.61;14;3039.97,1506.66,3159.26,1624.75
3634;0.63;14;3038.88,1513.46,3159.11,1632.57
3635;0.51;14;3040.44,1520.5,3165.44,1644.14
3636;0.58;14;3035.28,1530.19,3159.38,1653.14
3637;0.7;14;3037.61,1541.08,3157.49,1660.82
3638;0.58;14;3044.58,1550.29,3164.93,1670.26
3639;0.52;14;3037.32,1554.95,3161.32,1679.07
3640;0.65;14;3028.56,1560.88,3154.31,1688.13
3641;0.43;0;3287.54,1052.47,3325.25,1087.53
3642;0.68;14;3032.63,1586.14,3149.42,1705.5
3643;0.48;14;3033.09,1595.48,3146.15,1712.16
3644;0.56;14;3037.14,1604.99,3146.46,1719.11
3645;0.37;14;3036.84,1614.79,3144.31,1727.92
3646;0.5;0;3277.36,1093.01,3315.79,1130.86
3647;0.47;0;3275.15,1103.18,3312.11,1140.75
3647;0.43;0;3036.13,1634.59,3140.21,1748.55
3648;0.52;14;3032.0,1642.66,3138.29,1755.29
3649;0.45;0;3272.97,1121.55,3306.69,1154.64
3650;0.39;0;3271.25,1130.36,3305.65,1163.89
3651;0.5;0;3035.63,1667.31,3142.5,1781.32
3652;0.41;0;3032.51,1676.78,3140.83,1793.49
3653;0.62;14;3034.54,1686.55,3142.56,1802.63
3655;0.52;14;3038.39,1701.84,3148.31,1817.57
3656;0.45;14;3029.33,1708.79,3141.4,1827.98
3657;0.51;14;3027.79,1720.27,3137.74,1838.55
3658;0.5;14;3025.38,1729.15,3134.44,1847.4
3660;0.61;14;3028.27,1747.45,3135.4,1863.86
3661;0.46;14;3030.0,1760.39,3135.84,1875.65
3662;0.47;14;3031.98,1771.2,3137.16,1884.46
3663;0.53;14;3031.04,1782.4,3136.66,1895.74
3664;0.53;14;3032.17,1793.55,3137.05,1905.65
3665;0.42;0;3243.44,1264.44,3281.91,1301.18
3666;0.44;0;3241.2,1273.3,3279.76,1311.16
3666;0.39;0;3026.04,1806.11,3138.12,1924.02
3667;0.52;0;3239.89,1284.08,3277.43,1321.12
3667;0.42;0;3028.57,1815.36,3150.58,1928.29
3668;0.37;0;3240.46,1292.64,3277.06,1329.8
3669;0.52;14;3029.83,1836.39,3144.41,1956.19
3671;0.37;14;3022.53,1849.49,3136.5,1969.48
3672;0.6;14;3016.59,1863.22,3130.0,1983.29
3673;0.7;14;3018.78,1875.75,3128.17,1992.67
3674;0.62;14;3024.67,1883.9,3136.61,2001.34
3675;0.59;14;3019.82,1894.14,3132.45,2013.1
3676;0.45;14;3016.53,1901.72,3129.07,2021.15
3677;0.62;14;3019.19,1912.24,3127.05,2027.74
3678;0.54;14;3018.34,1921.55,3127.2,2039.03
3679;0.49;14;3023.54,1931.84,3133.54,2049.63
3680;0.46;14;3020.14,1942.52,3129.09,2060.57
3685;0.43;0;3220.37,1451.25,3255.28,1485.81
3686;0.37;0;3220.39,1461.19,3254.11,1495.32
3688;0.52;14;3026.09,2013.36,3131.54,2127.64
3689;0.44;14;3026.23,2027.94,3130.47,2141.62
3690;0.37;14;3024.55,2039.18,3128.17,2153.42
3691;0.4;14;3025.68,2047.93,3127.82,2160.0
3692;0.58;14;3029.75,2058.01,3123.63,2160.0
3721;0.37;0;3207.36,1798.3,3241.47,1831.69
3722;0.44;0;3207.13,1809.16,3241.0,1841.16
3725;0.35;0;3206.98,1838.45,3242.01,1872.93
3726;0.42;0;3206.38,1848.81,3241.89,1882.05
3758;0.37;0;3475.94,1948.89,3562.87,2027.58
3779;0.35;0;2685.59,115.09,2737.23,159.13
3835;0.57;0;3483.84,0.56,3622.71,57.19
3843;0.36;0;3400.47,0.64,3749.29,155.02
3852;0.35;0;2674.9,945.95,2721.59,990.01
3870;0.39;0;2680.15,1139.63,2730.18,1180.24
3901;0.45;0;3358.34,469.54,3428.08,534.57
3943;0.52;0;2614.63,1950.79,2677.17,2004.21
4149;0.41;0;2837.79,297.0,2887.12,340.07
4162;0.43;0;637.93,25.49,705.03,79.66
4165;0.57;0;637.75,62.54,704.54,116.62
4166;0.51;0;636.37,74.55,702.38,129.46
4167;0.48;0;638.34,88.33,700.71,140.18
4168;0.55;0;640.12,99.93,702.05,151.16
4169;0.4;0;2841.45,516.39,2891.05,561.31
4170;0.42;0;2838.97,533.1,2885.21,570.24
4178;0.43;0;638.55,215.42,700.59,267.09
4182;0.42;0;634.7,262.64,695.81,311.84
4187;0.4;0;635.71,317.31,695.88,367.62
4191;0.46;0;631.83,362.77,691.18,412.52
4192;0.4;0;630.3,373.45,690.54,419.78
4193;0.45;0;630.55,385.58,690.77,434.74
4201;0.37;0;627.82,472.33,690.06,521.27
4202;0.57;0;625.08,481.92,691.05,534.55
4203;0.43;0;628.24,493.47,690.9,544.54
4204;0.39;0;624.89,505.82,690.49,556.04
4205;0.43;0;623.88,515.81,689.36,569.38
4206;0.45;0;623.95,528.46,688.86,579.53
4208;0.36;0;624.96,549.64,691.68,594.74
4209;0.42;0;625.59,559.54,691.49,608.69
4213;0.5;0;627.47,602.63,690.6,654.21
4214;0.49;0;625.34,614.28,690.97,666.04
4215;0.55;0;626.71,627.49,686.78,677.76
4216;0.48;0;629.01,636.63,686.45,689.35
4217;0.42;0;628.33,648.65,689.75,700.35
4218;0.44;0;628.35,659.24,691.52,712.86
4219;0.4;0;627.92,671.32,691.26,720.85
4220;0.4;0;627.55,680.91,693.66,729.85
4222;0.38;0;2827.9,1111.08,2874.19,1147.1
4224;0.4;0;625.22,720.11,694.52,773.37
4225;0.41;0;626.8,732.53,689.72,783.0
4225;0.4;0;2828.06,1137.95,2874.9,1178.09
4229;0.45;0;632.97,776.47,696.36,826.38
4230;0.39;0;633.81,788.62,695.62,836.1
4234;0.4;0;632.31,830.06,690.67,879.66
4237;0.54;0;634.36,857.91,696.71,909.26
4238;0.44;0;629.31,866.76,697.77,919.19
4254;0.41;0;641.29,1030.28,705.44,1077.42
4255;0.36;0;644.49,1039.13,706.41,1088.98
4257;0.53;0;642.46,1063.05,700.83,1111.85
4271;0.36;0;2859.11,1624.3,2908.12,1663.41
4272;0.47;0;2860.81,1636.88,2908.27,1674.43
4273;0.42;0;649.38,1232.25,715.4,1278.45
4280;0.35;0;654.96,1304.63,735.58,1361.65
4286;0.37;0;2869.9,1784.07,2911.39,1825.6
4315;0.37;0;2885.19,2097.87,2930.23,2137.93
4316;0.37;0;2884.8,2106.52,2936.16,2150.85
4326;0.51;0;690.2,1804.66,740.82,1855.46
4328;0.41;0;691.52,1825.5,743.59,1879.43
4331;0.44;0;691.86,1866.11,743.55,1916.6
4334;0.38;0;694.88,1894.03,751.09,1946.72
4337;0.39;0;700.93,1920.4,761.27,1976.04
4339;0.41;0;697.76,1944.26,760.19,1999.64
4350;0.64;0;710.81,2062.92,766.58,2119.26
4351;0.52;15;710.7,2067.01,772.68,2129.67
4864;0.43;0;3068.97,1558.17,3189.94,1654.39
4880;0.44;0;3090.55,1743.11,3212.62,1850.1
4896;0.45;0;3121.1,1918.77,3234.45,2034.33
5127;0.39;0;2736.24,0.0,2800.47,55.61
5129;0.35;0;2739.28,14.74,2797.05,75.51
5132;0.56;0;2736.4,42.34,2810.73,113.02
5135;0.44;0;2745.6,78.09,2811.24,143.42
5136;0.36;0;2751.44,89.51,2811.02,152.76
5137;0.47;0;2750.22,100.32,2811.57,161.0
5138;0.57;0;2749.83,111.19,2811.74,177.6
5139;0.56;0;2752.01,123.22,2813.97,188.1
5140;0.45;0;2755.7,133.98,2812.95,195.44
5141;0.65;0;2755.25,145.8,2817.62,211.0
5142;0.67;16;2760.54,154.11,2824.17,220.52
5143;0.65;16;2759.83,163.26,2824.38,230.52
5144;0.61;16;2762.12,174.27,2828.38,242.9
5145;0.52;16;2764.61,187.88,2826.19,251.21
5147;0.56;16;2766.3,210.5,2827.08,272.84
5148;0.63;16;2768.87,224.16,2828.0,284.71
5150;0.47;16;2770.7,245.89,2831.42,307.8
5151;0.5;16;2771.78,260.09,2833.53,322.69
5152;0.49;16;2775.72,272.07,2838.65,335.15
5153;0.65;16;2775.48,282.72,2842.97,349.73
5154;0.71;16;2779.28,294.06,2847.61,361.24
5155;0.62;16;2778.52,306.38,2845.29,372.46
5156;0.64;16;2779.05,316.93,2845.17,382.65
5157;0.63;16;2780.56,327.96,2845.18,392.61
5158;0.64;16;2782.75,340.03,2847.5,404.87
5159;0.58;16;2783.35,352.84,2848.42,418.13
5160;0.65;16;2783.93,364.82,2848.18,428.74
5161;0.6;16;2786.2,376.56,2849.44,439.23
5162;0.35;16;2788.45,388.39,2852.49,451.62
5163;0.64;16;2792.73,401.59,2855.56,463.23
5164;0.6;16;2793.28,412.19,2857.26,474.93
5165;0.58;16;2795.31,423.76,2858.79,485.85
5166;0.67;16;2796.68,433.71,2862.17,497.48
5167;0.58;16;2799.04,446.0,2864.94,510.26
5168;0.46;16;2802.45,457.12,2865.59,518.59
5170;0.62;16;2803.01,476.16,2868.47,539.83
5171;0.39;16;2805.01,490.62,2870.81,554.82
5172;0.63;16;2807.71,501.92,2876.81,569.05
5173;0.64;16;2808.07,514.52,2878.51,582.5
5174;0.67;16;2809.93,527.52,2877.83,593.17
5175;0.6;16;2812.19,539.32,2879.78,605.05
5176;0.54;16;2813.79,551.7,2880.4,616.87
5177;0.4;16;2815.36,564.2,2880.08,627.66
5178;0.54;16;2818.01,576.77,2880.29,637.58
5179;0.41;16;2818.65,587.48,2883.69,650.86
5180;0.6;16;2818.96,597.28,2886.32,663.33
5181;0.58;16;2819.46,606.5,2887.48,673.47
5182;0.56;16;2821.48,617.67,2889.01,683.97
5183;0.48;16;2825.57,629.54,2889.56,692.46
5184;0.54;16;2824.06,642.23,2891.44,709.18
5185;0.6;16;2823.44,653.62,2892.11,722.54
5186;0.61;16;2829.09,666.46,2893.5,731.1
5187;0.56;16;2830.51,677.13,2894.89,741.61
5188;0.68;16;2831.23,686.81,2896.67,752.44
5189;0.61;16;2832.75,698.53,2897.95,763.84
5190;0.55;16;2833.85,711.14,2898.06,775.35
5191;0.65;16;2833.37,721.19,2897.75,785.83
5192;0.65;16;2834.59,733.61,2897.9,797.26
5193;0.65;16;2834.16,743.42,2902.49,812.2
5194;0.5;16;2836.59,756.36,2902.14,822.55
5195;0.38;16;2837.91,767.87,2900.68,831.48
5196;0.42;16;2838.78,777.81,2901.26,841.27
5197;0.52;16;2841.56,788.18,2903.47,851.41
5198;0.47;16;2843.41,797.79,2905.03,860.78
5200;0.51;16;2842.68,817.6,2906.09,882.1
5201;0.59;16;2841.7,830.01,2907.48,896.8
5202;0.41;16;2842.67,843.76,2906.62,908.4
5203;0.61;16;2845.11,855.4,2909.11,920.21
5204;0.62;16;2846.11,866.03,2909.64,930.42
5205;0.63;16;2846.76,876.88,2910.36,941.51
5206;0.65;16;2849.06,888.08,2910.55,950.27
5207;0.65;16;2850.08,898.92,2910.72,960.24
5208;0.65;16;2850.38,910.15,2911.65,972.26
5209;0.63;16;2850.91,920.41,2912.07,982.39
5210;0.59;16;2852.21,931.79,2913.5,993.95
5211;0.6;16;2852.82,941.62,2913.61,1003.38
5212;0.65;16;2853.12,953.43,2914.76,1015.81
5213;0.59;16;2852.79,964.1,2916.61,1028.93
5214;0.48;16;2851.91,973.86,2917.08,1040.13
5215;0.46;16;2851.43,984.58,2917.2,1051.56
5216;0.47;16;2852.51,995.92,2916.66,1061.15
5217;0.4;16;2854.17,1007.24,2918.23,1072.03
5219;0.52;16;2855.9,1024.05,2920.92,1089.94
5220;0.6;16;2856.85,1036.93,2921.87,1103.08
5221;0.61;16;2857.9,1048.13,2920.95,1112.24
5222;0.5;16;2858.88,1059.46,2922.51,1124.55
5223;0.63;16;2858.4,1070.32,2921.95,1135.35
5224;0.64;16;2859.99,1081.51,2923.16,1146.59
5225;0.49;16;2860.68,1093.49,2924.27,1159.46
5226;0.66;16;2861.91,1105.19,2924.55,1170.25
5227;0.52;16;2862.62,1116.79,2925.34,1182.38
5228;0.63;16;2862.64,1127.45,2925.91,1193.73
5231;0.4;16;2863.52,1151.64,2925.27,1216.06
5232;0.57;16;2864.29,1167.39,2926.54,1232.34
5233;0.5;16;2864.56,1178.88,2931.56,1248.7
5234;0.56;16;2865.13,1190.93,2931.18,1259.89
5235;0.42;16;2865.47,1201.17,2931.93,1270.56
5237;0.45;16;2866.81,1218.73,2933.51,1288.25
5239;0.45;16;2867.31,1238.71,2933.4,1307.63
5240;0.63;16;2866.68,1252.29,2932.69,1321.0
5241;0.54;16;2868.21,1266.1,2933.11,1333.15
5242;0.46;16;2867.65,1276.57,2932.84,1343.72
5243;0.57;16;2869.57,1287.46,2933.48,1353.44
5244;0.57;16;2873.54,1296.21,2937.6,1362.14
5245;0.69;16;2872.54,1307.3,2935.66,1372.03
5246;0.63;16;2874.47,1317.52,2938.41,1382.72
5247;0.51;16;2874.65,1327.13,2940.65,1394.67
5248;0.53;16;2875.17,1337.2,2942.05,1405.88
5250;0.64;16;2875.65,1354.36,2941.34,1421.79
5251;0.6;16;2876.31,1366.81,2943.11,1435.31
5252;0.6;16;2876.21,1379.54,2943.06,1447.93
5253;0.55;16;2877.01,1389.31,2946.34,1460.56
5254;0.66;16;2878.22,1399.83,2946.34,1469.84
5255;0.59;16;2880.99,1412.31,2946.01,1479.02
5256;0.64;16;2880.32,1423.38,2944.59,1489.03
5257;0.56;16;2882.63,1437.13,2942.82,1498.43
5258;0.51;16;2883.15,1448.06,2942.13,1508.09
5259;0.66;16;2883.47,1459.52,2942.77,1519.6
5260;0.42;16;2882.73,1467.96,2944.46,1530.68
5261;0.51;16;2885.1,1477.09,2946.73,1539.02
5262;0.62;16;2883.29,1485.54,2949.66,1552.58
5263;0.62;16;2885.69,1495.43,2952.77,1563.41
5269;0.6;0;2888.17,1561.7,2956.63,1627.89
5270;0.58;0;2889.75,1573.96,2958.96,1641.74
5271;0.48;0;2892.81,1586.49,2962.65,1652.56
5272;0.55;0;2895.2,1596.65,2957.39,1661.54
5273;0.54;0;2898.28,1608.9,2959.22,1671.69
5274;0.46;0;2902.1,1619.91,2965.23,1681.37
5275;0.36;0;2900.79,1634.68,2964.08,1691.36
5277;0.47;0;2899.76,1655.67,2966.05,1719.89
5278;0.42;0;2903.51,1666.87,2966.86,1729.85
5279;0.5;0;2903.79,1677.72,2971.99,1743.35
5280;0.47;0;2906.5,1688.34,2972.16,1756.05
5281;0.53;0;2903.87,1700.36,2972.96,1768.16
5282;0.4;0;2905.87,1712.29,2971.83,1781.32
5283;0.41;0;2905.7,1724.5,2974.86,1792.59
5284;0.4;0;2902.58,1734.58,2975.02,1804.84
5285;0.42;0;2908.72,1746.46,2975.16,1812.59
5287;0.47;0;2915.79,1769.68,2979.24,1835.03
5288;0.6;0;2914.62,1780.79,2980.4,1846.86
5289;0.63;17;2915.96,1789.26,2982.3,1855.87
5290;0.58;17;2918.86,1798.5,2984.9,1864.77
5291;0.64;17;2921.24,1810.15,2989.05,1877.93
5292;0.5;17;2921.38,1821.48,2992.05,1891.71
5293;0.56;17;2922.69,1833.32,2992.42,1902.54
5294;0.46;17;2923.83,1845.6,2993.33,1914.86
5295;0.47;17;2925.92,1858.46,2994.13,1926.64
5296;0.38;17;2927.75,1870.34,2995.22,1937.92
5299;0.35;0;2932.77,1902.19,3006.02,1966.58
5302;0.49;0;2941.5,1937.78,3005.83,2005.06
5303;0.65;0;2941.12,1949.72,3006.15,2013.3
5304;0.52;18;2943.16,1959.81,3005.54,2020.73
5305;0.49;18;2944.09,1970.46,3008.14,2032.96
5306;0.67;18;2944.4,1980.14,3010.86,2044.9
5307;0.45;18;2945.56,1991.82,3012.9,2057.3
5308;0.45;18;2946.89,2002.93,3018.07,2072.17
5312;0.44;0;2955.04,2047.93,3026.95,2117.2
5313;0.5;0;2950.97,2056.76,3028.2,2135.02
5314;0.35;0;2957.02,2070.36,3028.62,2145.07
5518;0.63;0;3410.81,358.62,3601.13,512.44
5582;0.37;0;3386.88,0.53,3567.14,63.51
5617;0.42;0;3535.31,1451.4,3746.79,1598.51
5634;0.45;0;3545.2,1644.58,3765.65,1826.61
5654;0.41;0;3578.98,1881.37,3773.8,2055.67
5655;0.47;0;3582.71,1893.35,3768.05,2050.14
5731;0.49;0;159.57,1.66,337.11,99.64
5788;0.48;0;1299.21,0.78,1426.16,53.03
6050;0.35;0;55.11,582.68,112.03,642.81
6314;0.59;0;3563.34,353.47,3657.1,450.49
6316;0.39;0;0.18,1572.23,94.44,1705.63
6348;0.38;0;2563.81,0.55,2692.86,59.6
6396;0.43;0;3705.59,1330.4,3817.84,1436.93
6411;0.47;0;3725.68,1506.28,3832.33,1618.98
6415;0.39;0;3054.49,1371.78,3150.85,1450.5
6458;0.46;0;2789.08,1240.34,2888.94,1322.71
6459;0.47;0;2790.2,1257.4,2885.62,1330.44
6480;0.35;0;470.31,0.68,702.13,84.75
6525;0.36;0;3528.61,0.6,3752.49,69.61
6527;0.41;0;3460.33,0.0,3839.63,126.0
6528;0.44;0;3452.23,0.0,3839.64,130.38
6529;0.5;0;3442.08,0.0,3840.0,151.08
6530;0.58;0;3439.75,0.0,3840.0,155.14
6530;0.41;0;2730.36,1.28,2869.46,48.43
6531;0.59;0;3443.3,0.0,3840.0,155.63
6532;0.63;0;3461.59,0.0,3840.0,160.33
6533;0.65;20;3455.26,0.0,3840.0,166.98
6534;0.65;20;3449.66,0.0,3840.0,170.53
6535;0.61;20;3433.75,0.0,3840.0,176.81
6536;0.56;20;3417.94,0.0,3840.0,193.3
6537;0.57;20;3406.1,0.0,3840.0,206.61
6538;0.63;20;3388.95,1.54,3840.0,230.18
6539;0.53;20;3375.88,1.46,3840.0,247.32
6540;0.64;20;3372.19,1.71,3840.0,258.82
6541;0.58;20;3361.35,2.52,3840.0,270.76
6542;0.57;20;3359.39,3.62,3840.0,277.67
6543;0.64;20;3353.89,3.42,3840.0,287.81
6544;0.54;20;3344.77,4.28,3840.0,305.39
6545;0.61;20;3342.5,4.43,3840.0,315.94
6554;0.42;0;3035.1,0.0,3359.14,158.58
6594;0.42;0;2984.21,0.55,3354.53,166.38
6597;0.36;0;3498.2,459.72,3837.58,927.51
6602;0.36;0;3488.07,443.03,3837.75,989.89
6703;0.36;0;3224.76,1767.32,3521.8,1988.65
6713;0.36;0;3213.32,1978.4,3404.3,2154.89
6807;0.49;0;922.17,0.0,1262.54,165.21
6808;0.43;0;946.48,1.86,1193.64,89.07
6811;0.36;0;949.82,1.75,1177.46,106.65
6812;0.39;0;945.2,2.28,1174.79,122.97
6813;0.35;0;940.12,1.7,1186.83,126.77
6814;0.4;0;923.1,0.0,1243.14,166.66
6819;0.42;0;950.82,0.0,1166.84,166.63
6823;0.56;0;938.76,1.02,1093.97,97.1
6824;0.59;0;942.84,1.42,1100.59,66.37
6825;0.43;0;936.52,0.92,1119.37,89.81
6847;0.36;0;897.04,1.21,1130.76,69.82
6848;0.43;0;895.32,0.47,1159.29,94.2
6849;0.39;0;1620.15,490.61,1726.91,577.16
7026;0.37;0;1068.82,1809.15,1406.76,2063.21
7100;0.35;0;3250.45,0.88,3330.25,66.03
7103;0.55;0;3243.44,44.03,3327.79,117.27
7104;0.46;0;3241.39,55.61,3324.82,131.95
7105;0.47;0;3242.16,63.61,3325.74,141.1
7106;0.58;0;3241.31,73.29,3325.79,156.13
7107;0.52;0;3243.6,87.83,3326.86,165.98
7108;0.62;0;3243.62,100.58,3325.86,179.57
7109;0.53;21;3250.48,117.42,3321.64,185.68
7111;0.49;0;3240.37,128.45,3327.07,217.89
7119;0.47;0;3247.88,239.26,3332.24,317.07
7120;0.51;0;3245.47,253.05,3329.37,329.64
7122;0.5;0;3256.88,278.92,3332.63,352.42
7123;0.5;0;3256.32,286.08,3335.37,367.34
7124;0.59;0;3255.83,306.0,3333.75,376.23
7125;0.63;0;3250.18,313.89,3333.59,393.86
7126;0.69;22;3249.09,324.94,3332.81,405.16
7127;0.49;22;3247.67,334.03,3332.42,415.29
7130;0.55;0;3248.38,379.95,3332.33,456.9
7131;0.71;0;3250.37,390.11,3334.85,470.97
7132;0.64;23;3251.58,400.24,3336.43,481.41
7133;0.69;23;3249.61,410.98,3335.25,492.76
7134;0.64;23;3245.55,420.99,3334.74,506.07
7135;0.35;23;3248.13,439.4,3333.62,520.59
7136;0.57;23;3248.73,453.69,3330.86,530.95
7137;0.43;23;3242.79,460.17,3333.84,545.2
7138;0.69;23;3237.66,471.04,3333.52,560.68
7139;0.63;23;3237.26,488.82,3330.93,575.88
7140;0.67;23;3235.04,503.15,3331.2,591.83
7141;0.51;23;3236.71,521.31,3324.36,600.79
7142;0.38;23;3239.12,535.61,3329.64,617.39
7143;0.51;23;3240.35,549.16,3325.53,625.49
7144;0.54;23;3237.67,562.0,3324.0,639.03
7145;0.62;23;3239.95,575.05,3320.95,646.35
7146;0.37;23;3236.62,588.12,3320.83,661.99
7147;0.6;23;3237.98,598.97,3321.45,671.44
7148;0.42;23;3237.46,612.14,3320.92,684.06
7150;0.39;23;3239.19,635.01,3322.37,706.82
7152;0.48;23;3237.52,662.36,3317.56,730.99
7162;0.44;0;3238.45,799.81,3309.99,865.22
7163;0.51;0;3240.64,813.84,3309.39,880.99
7164;0.5;0;3239.89,828.18,3303.48,890.82
7165;0.39;0;3239.75,841.51,3305.23,899.27
7167;0.59;0;3236.19,865.17,3307.26,936.52
7168;0.59;0;3233.09,875.76,3308.98,949.7
7169;0.53;0;3234.75,883.0,3315.85,963.11
7170;0.57;0;3232.25,892.66,3312.43,976.02
7171;0.71;0;3234.22,905.41,3320.3,985.26
7172;0.44;0;3231.63,917.55,3320.55,997.14
7175;0.44;0;3229.0,961.79,3321.21,1031.92
7176;0.53;0;3229.9,979.22,3312.18,1045.68
7177;0.62;0;3228.77,988.53,3313.31,1053.55
7178;0.58;25;3228.33,1000.29,3311.37,1064.17
7179;0.39;25;3229.21,1011.69,3311.26,1074.83
7181;0.49;0;3239.11,1043.26,3311.3,1101.0
7182;0.38;0;3225.13,1055.78,3308.34,1118.81
7183;0.45;0;3230.23,1069.0,3309.83,1133.98
7184;0.45;0;3227.75,1078.56,3311.77,1143.89
7185;0.51;0;3222.83,1089.33,3308.78,1158.44
7186;0.53;0;3220.37,1103.6,3310.29,1172.22
7187;0.44;0;3219.5,1112.24,3307.49,1182.25
7188;0.55;0;3240.08,1131.37,3312.31,1190.08
7189;0.53;0;3219.98,1146.08,3310.76,1205.46
7190;0.54;0;3216.54,1154.21,3308.76,1221.05
7191;0.46;0;3214.78,1169.72,3308.6,1234.32
7194;0.36;0;2129.95,1606.79,2185.54,1660.92
7199;0.66;0;3234.81,1270.29,3306.57,1333.81
7200;0.48;0;3235.01,1283.12,3303.56,1343.67
7201;0.6;0;3232.58,1298.22,3297.88,1355.31
7203;0.43;0;3228.8,1325.5,3299.3,1384.25
7211;0.58;0;3219.31,1422.82,3299.2,1488.29
7234;0.35;0;3214.25,1708.08,3285.23,1773.47
7283;0.39;0;963.3,0.26,1082.86,54.13
7479;0.51;0;3506.06,1.43,3735.06,95.74
7480;0.47;0;3507.65,0.39,3720.52,99.15
7481;0.44;0;3499.45,0.0,3738.55,86.01
7481;0.42;0;3492.33,0.17,3756.71,111.53
7482;0.6;0;3493.25,0.8,3751.02,117.2
7483;0.59;0;3490.53,0.78,3749.14,126.72
7483;0.39;0;3459.71,0.0,3826.49,128.33
7484;0.49;0;3484.81,0.54,3743.66,139.27
7484;0.38;0;3458.12,0.0,3810.07,131.49
7485;0.55;0;3499.75,0.35,3756.2,144.7
7486;0.6;0;3478.65,0.0,3770.44,166.51
7487;0.63;0;3483.87,0.87,3743.19,165.87
7487;0.38;0;3461.19,0.0,3792.02,146.81
7488;0.63;28;3481.96,0.17,3756.83,174.96
7489;0.64;28;3472.96,1.03,3758.18,182.76
7490;0.73;28;3461.46,0.35,3756.68,189.53
7491;0.58;28;3453.59,0.09,3763.65,200.85
7492;0.59;28;3437.6,2.39,3765.73,217.01
7493;0.59;28;3436.22,2.27,3769.35,223.02
7494;0.6;28;3429.03,4.33,3770.3,234.06
7495;0.69;28;3439.84,10.21,3764.58,232.83
7496;0.67;28;3446.33,24.08,3756.75,240.36
7497;0.6;28;3436.59,22.48,3764.45,255.67
7498;0.59;28;3431.88,29.03,3765.1,271.07
7499;0.6;28;3438.05,47.73,3761.02,287.0
7500;0.6;28;3443.46,62.44,3754.25,296.5
7501;0.62;28;3442.05,73.2,3750.09,308.95
7502;0.59;28;3440.62,82.01,3749.31,322.23
7503;0.59;28;3430.73,79.6,3753.75,336.66
7504;0.6;28;3441.61,101.61,3744.18,345.19
7505;0.63;28;3440.35,103.1,3744.39,353.22
7506;0.56;28;3446.22,117.48,3734.14,356.13
7507;0.56;28;3447.72,126.99,3730.73,366.01
7508;0.54;28;3449.5,131.14,3726.48,366.32
7509;0.66;28;3456.8,149.35,3717.61,372.9
7510;0.73;28;3461.92,163.84,3713.53,381.33
7511;0.64;28;3458.55,173.85,3715.95,398.55
7512;0.68;28;3462.44,186.7,3715.15,408.98
7513;0.68;28;3459.03,195.66,3711.73,420.39
7514;0.7;28;3471.12,215.53,3707.17,425.94
7515;0.69;28;3471.39,225.86,3709.45,438.23
7516;0.51;28;3473.47,244.31,3704.84,450.98
7517;0.63;28;3476.25,253.65,3703.65,456.28
7518;0.55;28;3471.89,266.52,3699.63,469.68
7519;0.53;28;3469.68,275.9,3700.54,482.28
7520;0.53;28;3474.26,281.47,3699.23,482.38
7521;0.51;28;3463.59,281.21,3709.76,501.81
7522;0.56;28;3469.63,296.17,3701.4,503.5
7523;0.47;28;3456.23,289.98,3706.89,516.37
7523;0.6;29;2327.17,1.32,2526.94,121.84
7524;0.52;28;3452.17,305.58,3706.89,537.21
7524;0.56;29;2319.52,1.55,2532.59,130.42
7525;0.71;28;3465.07,326.58,3696.3,536.89
7525;0.58;29;2313.03,1.22,2539.59,139.01
7526;0.67;28;3464.73,339.52,3697.11,551.32
7526;0.7;29;2333.18,0.73,2519.53,113.67
7527;0.69;28;3470.37,353.7,3691.17,553.96
7527;0.45;29;2327.7,1.05,2519.9,117.86
7528;0.62;28;3459.07,359.45,3702.09,580.48
7528;0.49;29;2321.24,1.8,2526.38,128.03
7529;0.6;28;3451.96,362.24,3699.87,588.55
7529;0.4;29;2316.74,1.13,2527.31,132.35
7530;0.7;28;3457.7,372.21,3696.14,590.36
7530;0.53;29;2306.12,0.51,2540.9,149.84
7531;0.63;28;3460.25,384.46,3688.94,592.53
7531;0.57;29;2300.73,3.02,2543.77,161.39
7532;0.61;28;3464.52,396.41,3686.43,597.4
7532;0.42;29;2298.95,13.09,2540.06,173.31
7533;0.66;28;3462.04,409.66,3692.4,618.46
7534;0.6;28;3458.36,419.08,3693.33,632.68
7535;0.59;28;3463.32,436.33,3689.93,641.07
7536;0.68;28;3458.67,445.37,3687.39,652.71
7537;0.61;28;3453.71,457.0,3684.09,667.68
7538;0.65;28;3450.48,466.81,3679.83,677.96
7539;0.67;28;3451.8,481.4,3675.87,687.89
7540;0.68;28;3451.23,493.45,3673.48,698.15
7541;0.69;28;3447.6,502.15,3680.01,716.37
7542;0.58;28;3449.87,512.64,3681.1,724.79
7543;0.68;28;3447.01,521.1,3677.21,732.83
7544;0.69;28;3448.56,533.39,3675.78,741.71
7545;0.76;28;3454.66,547.44,3666.47,739.96
7546;0.72;28;3453.58,555.99,3665.72,748.39
7547;0.74;28;3447.5,562.27,3669.46,763.75
7548;0.74;28;3455.24,575.94,3675.67,773.25
7549;0.71;28;3455.3,589.17,3675.46,782.94
7550;0.53;28;3445.32,595.92,3680.67,801.63
7551;0.7;28;3444.84,611.24,3674.91,812.39
7552;0.73;28;3448.82,619.63,3672.84,813.58
7553;0.54;28;3435.5,610.79,3681.04,823.37
7554;0.74;28;3438.28,625.43,3678.4,833.7
7555;0.68;28;3446.38,641.16,3678.76,841.68
7556;0.71;28;3448.87,655.76,3686.54,860.92
7557;0.71;28;3454.76,669.91,3685.43,867.56
7557;0.55;30;3689.94,3.29,3834.09,110.67
7558;0.62;28;3449.22,683.38,3681.85,884.39
7558;0.62;30;3681.07,6.05,3839.67,124.66
7559;0.48;28;3443.65,679.89,3694.24,897.53
7560;0.58;28;3444.8,692.13,3699.78,914.11
7561;0.59;28;3442.95,693.94,3704.55,923.15
7562;0.68;28;3456.84,718.11,3694.71,924.47
7563;0.56;28;3461.21,738.13,3690.16,934.43
7563;0.59;30;3671.66,63.28,3832.54,185.48
7564;0.7;28;3457.64,751.63,3690.72,950.47
7564;0.6;30;3673.83,73.62,3829.28,193.48
7565;0.56;28;3442.1,748.23,3697.81,968.18
7565;0.68;30;3674.72,86.54,3825.73,204.53
7566;0.7;28;3450.34,769.42,3688.82,973.81
7566;0.58;30;3675.24,95.06,3827.13,215.4
7567;0.72;28;3445.88,778.65,3688.23,986.65
7567;0.49;30;3676.58,107.35,3820.62,222.87
7568;0.59;28;3435.48,776.86,3693.01,999.68
7568;0.66;30;3676.3,117.7,3817.82,233.09
7569;0.56;28;3433.72,790.65,3690.81,1014.09
7569;0.53;30;3669.9,129.59,3818.6,253.15
7570;0.5;28;3434.54,803.79,3690.0,1026.29
7570;0.74;30;3670.47,142.64,3814.37,263.18
7571;0.59;28;3441.68,824.52,3682.7,1034.02
7571;0.4;30;3671.05,152.8,3814.91,275.07
7572;0.65;28;3443.49,836.9,3674.7,1037.98
7572;0.43;30;3674.78,165.44,3811.69,283.14
7573;0.71;28;3446.38,851.52,3669.64,1044.61
7573;0.6;30;3682.31,175.66,3813.45,289.03
7574;0.76;28;3446.46,862.42,3667.9,1053.76
7574;0.49;30;3678.83,190.73,3809.5,304.42
7575;0.67;28;3443.81,877.16,3670.78,1073.98
7576;0.7;28;3443.91,884.88,3668.94,1080.74
7577;0.73;28;3446.74,890.28,3670.99,1085.36
7577;0.51;32;3562.61,16.43,3745.51,214.3
7577;0.58;30;3683.65,220.38,3815.1,334.19
7578;0.59;28;3446.29,907.52,3668.05,1100.6
7578;0.64;32;3565.07,30.9,3744.91,225.37
7578;0.56;30;3690.73,231.0,3819.24,342.42
7579;0.6;28;3438.28,899.7,3684.77,1115.56
7579;0.58;32;3568.03,42.87,3743.76,232.79
7579;0.48;30;3691.26,240.29,3819.04,351.44
7580;0.57;28;3440.34,912.78,3687.43,1127.44
7580;0.53;30;3691.69,251.91,3816.02,360.05
7581;0.52;28;3443.47,923.35,3688.78,1134.76
7581;0.46;30;3690.68,258.95,3822.01,373.65
7582;0.59;28;3439.49,928.49,3693.48,1146.23
7582;0.54;32;3565.87,82.38,3749.43,281.3
7583;0.39;28;3436.58,930.3,3695.48,1151.45
7583;0.36;32;3563.37,90.15,3747.76,290.54
7584;0.56;28;3439.18,949.27,3700.09,1170.93
7584;0.7;32;3571.1,108.61,3742.97,295.74
7585;0.56;28;3438.44,950.55,3706.27,1177.46
7585;0.45;32;3572.64,118.99,3743.52,305.36
7586;0.63;28;3434.44,960.49,3710.83,1194.32
7586;0.38;32;3572.52,131.85,3742.93,317.98
7587;0.62;28;3445.01,986.04,3702.07,1201.8
7588;0.61;28;3438.12,992.6,3707.01,1218.11
7589;0.59;28;3436.49,1006.34,3702.08,1228.08
7590;0.57;28;3433.91,1003.43,3708.76,1234.18
7590;0.67;30;3689.12,361.06,3819.99,475.64
7591;0.55;28;3436.54,1022.28,3705.55,1249.47
7591;0.51;30;3686.02,371.08,3819.41,488.57
7592;0.57;28;3434.26,1028.62,3703.57,1257.17
7592;0.69;30;3685.04,380.9,3816.24,497.37
7593;0.5;28;3439.02,1050.07,3701.54,1273.91
7593;0.57;30;3682.16,389.12,3815.71,509.53
7594;0.49;28;3434.98,1049.88,3706.89,1284.82
7594;0.68;30;3684.15,401.45,3813.94,518.47
7595;0.49;28;3432.31,1055.96,3706.65,1296.11
7596;0.49;28;3435.06,1077.9,3705.48,1317.48
7597;0.45;28;3434.74,1089.05,3704.56,1331.14
7598;0.63;28;3440.26,1110.46,3691.54,1339.09
7598;0.7;33;3142.97,18.19,3238.65,116.69
7599;0.71;28;3448.26,1123.83,3687.52,1343.57
7599;0.7;33;3140.74,26.88,3240.29,129.49
7600;0.73;28;3449.2,1137.48,3680.87,1351.76
7600;0.65;33;3142.47,37.64,3238.34,136.49
7601;0.72;28;3439.97,1133.22,3687.58,1366.27
7601;0.62;30;3691.55,478.76,3815.76,590.33
7602;0.71;28;3449.51,1153.09,3679.69,1370.51
7602;0.71;30;3692.27,486.67,3817.74,598.78
7602;0.6;33;3150.95,61.21,3238.11,150.93
7603;0.66;28;3454.7,1168.32,3677.06,1378.6
7603;0.62;30;3690.7,495.34,3813.14,604.84
7604;0.55;28;3450.52,1173.47,3686.38,1396.64
7604;0.59;30;3691.58,503.38,3814.41,614.79
7605;0.55;28;3449.0,1176.68,3688.98,1404.02
7605;0.61;30;3692.91,515.16,3812.13,624.39
7606;0.63;28;3453.12,1190.66,3691.28,1416.23
7606;0.5;30;3690.43,526.75,3811.1,638.77
7607;0.58;28;3454.07,1202.15,3690.45,1425.17
7607;0.53;30;3698.31,540.0,3816.15,649.13
7607;0.63;34;3411.44,0.0,3733.53,167.98
7608;0.59;28;3450.94,1204.8,3689.08,1428.66
7608;0.58;30;3699.68,550.15,3817.89,659.8
7608;0.64;34;3393.55,1.15,3750.02,187.89
7609;0.59;28;3450.93,1220.09,3689.92,1444.0
7609;0.48;30;3698.18,560.17,3823.42,676.83
7609;0.67;34;3379.0,1.43,3753.89,199.23
7610;0.67;28;3452.27,1234.35,3683.72,1450.73
7610;0.58;30;3697.75,572.39,3822.21,688.66
7610;0.59;34;3373.91,0.54,3761.51,206.76
7611;0.61;28;3453.26,1249.38,3684.58,1464.39
7611;0.6;30;3700.89,584.12,3824.08,698.47
7611;0.61;34;3365.17,0.2,3773.98,220.98
7612;0.59;28;3460.53,1278.13,3669.06,1469.02
7612;0.45;30;3699.34,595.21,3823.18,709.39
7612;0.71;34;3367.49,4.69,3771.48,226.53
7613;0.61;28;3460.99,1286.9,3676.53,1481.06
7613;0.73;34;3367.48,9.6,3769.63,234.95
7614;0.52;28;3458.84,1292.71,3681.14,1491.03
7614;0.74;34;3352.41,3.73,3777.91,248.48
7615;0.64;28;3457.22,1301.16,3683.88,1502.07
7615;0.75;34;3351.05,7.54,3772.91,256.54
7616;0.73;28;3460.15,1312.2,3686.95,1511.46
7616;0.7;34;3358.15,21.91,3767.25,269.77
7616;0.65;30;3697.63,635.25,3823.03,750.73
7617;0.83;28;3464.5,1325.32,3685.46,1517.39
7617;0.39;34;3375.63,18.16,3794.59,275.34
7617;0.61;30;3695.51,649.92,3822.71,766.45
7618;0.77;28;3465.14,1336.51,3692.84,1533.87
7618;0.6;34;3379.85,42.13,3769.82,287.2
7618;0.61;30;3695.73,662.69,3822.69,778.67
7619;0.74;28;3467.93,1344.96,3693.03,1539.74
7619;0.6;34;3364.26,40.19,3767.68,301.5
7619;0.65;30;3696.63,672.11,3823.72,787.66
7620;0.71;28;3469.15,1354.12,3698.25,1552.42
7620;0.37;34;3362.74,51.73,3761.24,317.27
7620;0.6;30;3692.69,682.74,3822.66,801.18
7621;0.77;28;3472.21,1364.69,3696.34,1558.24
7621;0.72;30;3692.08,693.23,3822.87,811.95
7622;0.74;28;3471.9,1377.25,3694.26,1569.22
7622;0.44;30;3689.94,701.07,3821.95,821.48
7622;0.52;34;3372.57,86.57,3748.17,343.49
7623;0.66;28;3467.07,1385.63,3698.05,1585.54
7623;0.54;30;3691.14,712.38,3821.1,831.09
7624;0.71;28;3465.28,1398.99,3693.39,1596.41
7624;0.54;30;3690.45,722.43,3816.57,837.9
7624;0.55;34;3376.51,105.51,3745.59,364.95
7625;0.64;28;3468.03,1407.82,3699.34,1608.02
7625;0.5;30;3693.37,733.64,3813.98,843.2
7625;0.54;34;3389.44,128.51,3741.76,378.91
7626;0.55;28;3439.4,1404.63,3697.97,1627.85
7626;0.71;30;3690.82,745.16,3813.81,856.14
7626;0.53;34;3383.84,137.72,3737.82,394.16
7627;0.65;28;3452.38,1423.38,3702.47,1640.74
7627;0.63;30;3693.88,757.38,3813.31,864.23
7627;0.53;34;3385.0,150.96,3731.72,405.87
7627;0.65;35;3723.77,1169.88,3816.26,1257.18
7628;0.55;28;3456.62,1439.97,3705.56,1657.76
7628;0.73;30;3694.39,770.2,3814.41,876.62
7629;0.7;28;3455.63,1447.41,3701.61,1664.59
7629;0.65;30;3696.7,786.08,3811.12,886.68
7630;0.62;28;3446.43,1453.16,3706.7,1686.42
7630;0.46;30;3696.08,799.13,3814.45,902.07
7631;0.68;28;3449.95,1470.83,3702.21,1698.34
7631;0.6;30;3694.94,810.57,3813.55,913.02
7631;0.64;34;3386.91,179.42,3737.54,443.78
7632;0.58;28;3450.3,1477.49,3706.66,1710.91
7632;0.6;34;3385.87,177.59,3746.34,458.82
7633;0.58;28;3453.25,1480.49,3713.32,1718.43
7633;0.62;34;3397.87,191.49,3742.25,467.46
7634;0.54;28;3453.78,1479.73,3714.05,1719.04
7634;0.66;34;3400.71,202.01,3738.08,479.09
7635;0.5;28;3444.86,1486.78,3710.91,1734.61
7635;0.62;34;3406.04,210.69,3734.24,485.49
7635;0.54;37;3602.29,429.31,3757.94,571.55
7636;0.62;28;3446.95,1496.02,3705.29,1738.92
7636;0.62;34;3412.42,226.46,3724.71,492.02
7636;0.41;37;3610.17,444.03,3751.64,573.03
7637;0.65;28;3442.54,1498.24,3707.72,1751.77
7637;0.62;34;3416.76,236.37,3725.46,502.45
7638;0.64;28;3444.2,1506.35,3708.93,1762.44
7638;0.58;34;3417.55,250.01,3722.98,516.76
7639;0.71;28;3445.3,1519.25,3706.99,1774.71
7639;0.43;34;3412.95,253.52,3719.47,525.08
7640;0.71;28;3464.88,1567.77,3688.04,1782.82
7640;0.59;34;3409.01,258.4,3724.76,542.69
7640;0.59;30;3696.16,900.58,3828.55,1016.12
7641;0.7;28;3445.55,1545.11,3703.86,1797.98
7641;0.5;34;3408.24,265.32,3721.55,551.48
7641;0.65;30;3698.71,910.47,3828.18,1023.98
7642;0.59;28;3448.03,1553.7,3705.04,1806.26
7642;0.57;34;3416.39,292.11,3708.36,557.83
7642;0.35;30;3701.76,920.71,3828.9,1033.05
7643;0.73;28;3466.25,1590.18,3693.05,1810.74
7643;0.7;30;3702.17,932.99,3826.33,1043.27
7644;0.73;28;3474.19,1612.16,3691.48,1821.62
7644;0.59;30;3703.5,943.74,3824.9,1051.23
7645;0.65;28;3481.87,1631.81,3691.8,1833.36
7645;0.49;30;3705.89,964.33,3822.81,1066.78
7646;0.61;28;3479.72,1628.53,3697.3,1838.09
7647;0.49;28;3489.29,1655.05,3692.6,1848.5
7647;0.62;39;3070.02,13.45,3209.25,137.69
7648;0.73;28;3487.61,1666.55,3695.84,1862.99
7648;0.51;39;3066.12,22.05,3212.22,152.73
7648;0.52;34;3410.25,361.12,3710.49,636.42
7649;0.64;28;3483.08,1678.91,3697.56,1880.52
7649;0.51;34;3415.18,371.41,3707.03,640.25
7649;0.52;30;3702.99,1005.66,3816.98,1104.31
7650;0.68;28;3480.3,1689.5,3697.37,1893.44
7650;0.63;34;3425.14,403.91,3699.07,651.94
7651;0.75;28;3469.83,1692.13,3699.53,1908.16
7651;0.6;34;3424.89,413.14,3702.4,662.46
7651;0.56;30;3696.33,1026.83,3813.53,1127.7
7652;0.75;28;3472.03,1703.39,3699.8,1916.92
7652;0.55;34;3420.18,421.26,3701.21,672.69
7652;0.6;39;3064.97,65.19,3207.22,192.86
7653;0.77;28;3469.62,1709.93,3698.04,1922.84
7653;0.52;34;3413.57,417.14,3711.5,686.9
7653;0.75;39;3065.74,74.46,3206.44,201.34
7654;0.78;28;3456.75,1700.72,3711.02,1940.13
7654;0.64;34;3419.78,435.5,3706.16,694.13
7654;0.76;39;3069.82,89.75,3199.77,206.59
7654;0.64;30;3694.83,1055.83,3822.04,1164.8
7655;0.65;28;3455.13,1709.14,3710.11,1951.06
7655;0.57;34;3419.75,450.97,3698.48,700.95
7655;0.66;39;3068.85,99.51,3199.01,216.59
7655;0.49;30;3692.1,1067.2,3823.97,1180.34
7656;0.75;28;3460.57,1724.34,3705.17,1956.71
7656;0.55;34;3421.04,470.34,3689.84,708.62
7656;0.7;39;3067.52,111.68,3199.82,230.78
7656;0.51;30;3693.29,1077.07,3824.23,1189.31
7657;0.68;28;3458.6,1733.22,3708.97,1972.54
7657;0.61;34;3421.33,466.68,3708.29,722.99
7657;0.73;39;3064.45,119.68,3202.78,244.83
7657;0.59;30;3693.01,1085.53,3824.77,1198.29
7658;0.75;28;3464.12,1753.56,3700.32,1978.44
7658;0.54;34;3429.7,475.88,3717.97,734.2
7658;0.6;39;3062.95,131.08,3199.36,255.2
7658;0.71;30;3695.01,1095.63,3822.68,1205.09
7659;0.62;28;3458.66,1752.79,3706.8,1988.7
7659;0.39;34;3430.86,480.43,3726.15,746.34
7659;0.78;30;3697.13,1104.35,3825.93,1215.01
7660;0.67;28;3447.73,1744.22,3716.43,2003.28
7660;0.53;34;3436.85,509.87,3711.09,753.51
7660;0.68;30;3696.02,1116.09,3826.66,1228.58
7661;0.61;28;3450.45,1756.09,3714.08,2010.65
7661;0.41;34;3442.26,525.47,3712.56,761.15
7661;0.61;30;3696.44,1125.37,3826.16,1236.67
7662;0.61;28;3452.54,1772.48,3709.28,2019.65
7662;0.58;39;3065.55,184.68,3189.41,296.27
7663;0.49;28;3473.73,1824.47,3695.44,2034.0
7663;0.58;42;3469.0,290.54,3719.0,528.92
7663;0.43;39;3061.86,187.44,3192.88,306.18
7664;0.55;28;3473.83,1840.46,3687.63,2041.21
7664;0.49;42;3478.39,301.86,3720.93,532.8
7665;0.57;28;3459.56,1828.71,3699.77,2054.71
7665;0.44;42;3477.49,308.67,3718.66,538.29
7665;0.52;30;3696.51,1170.96,3819.53,1277.9
7666;0.6;28;3455.37,1836.94,3705.96,2075.05
7666;0.48;30;3698.12,1181.5,3819.49,1288.14
7666;0.57;39;3061.9,231.73,3183.44,340.26
7667;0.58;28;3448.94,1836.26,3712.09,2087.25
7667;0.47;30;3697.78,1196.25,3816.33,1301.17
7667;0.7;39;3066.62,241.67,3187.34,348.48
7667;0.65;34;3428.65,584.72,3707.43,829.86
7668;0.62;28;3440.83,1834.39,3709.05,2091.91
7668;0.63;30;3699.23,1209.43,3817.38,1314.22
7669;0.67;28;3433.92,1834.74,3715.28,2110.53
7669;0.63;30;3696.27,1221.31,3816.38,1329.16
7669;0.66;34;3430.0,618.5,3694.79,849.74
7670;0.71;28;3437.45,1847.31,3711.5,2119.05
7670;0.6;34;3419.35,604.47,3710.6,863.27
7671;0.62;28;3445.28,1863.25,3710.49,2126.27
7671;0.67;34;3425.41,632.63,3698.52,873.62
7671;0.65;30;3692.89,1245.1,3811.16,1352.89
7672;0.72;28;3467.34,1907.94,3699.88,2134.98
7672;0.6;34;3423.62,651.15,3693.01,887.18
7672;0.62;30;3694.43,1255.74,3813.51,1364.57
7673;0.72;28;3473.32,1929.79,3693.4,2143.38
7673;0.61;34;3425.82,663.04,3695.92,897.56
7673;0.62;30;3697.59,1265.58,3819.08,1376.45
7674;0.72;28;3479.52,1950.23,3690.96,2153.65
7674;0.54;34;3425.79,663.98,3706.31,909.17
7674;0.67;30;3698.89,1274.24,3823.22,1387.73
7675;0.59;28;3480.84,1959.06,3692.04,2160.0
7675;0.42;34;3425.63,684.9,3699.18,921.01
7675;0.47;30;3698.92,1285.42,3823.27,1398.67
7676;0.6;30;3698.43,1295.55,3824.19,1410.1
7676;0.72;43;2335.84,1604.73,2511.01,1762.0
7677;0.65;43;2333.77,1606.57,2523.47,1777.05
7678;0.7;43;2327.46,1609.09,2528.92,1790.94
7679;0.62;43;2326.66,1618.0,2531.56,1803.58
7679;0.51;34;3433.55,728.95,3705.28,963.56
7679;0.57;30;3696.72,1326.39,3823.11,1441.27
7680;0.72;43;2329.62,1635.15,2520.48,1808.39
7680;0.54;30;3696.88,1334.99,3823.6,1449.78
7680;0.59;42;3475.82,470.62,3713.78,695.32
7681;0.56;30;3698.42,1344.82,3822.15,1455.88
7681;0.59;28;3490.05,1982.52,3690.83,2160.0
7681;0.54;34;3417.28,723.38,3719.67,989.53
7682;0.58;30;3700.23,1357.28,3821.28,1464.71
7682;0.57;28;3492.75,1989.76,3696.31,2160.0
7683;0.71;30;3699.63,1366.89,3820.89,1474.05
7684;0.54;30;3700.37,1379.21,3820.03,1485.16
7684;0.5;42;3462.29,507.36,3724.07,756.74
7685;0.52;30;3701.95,1389.25,3822.78,1496.23
7686;0.55;30;3701.97,1399.5,3825.26,1508.7
7686;0.62;42;3472.98,534.68,3714.91,765.72
7687;0.48;30;3698.16,1405.22,3827.61,1520.49
7687;0.46;42;3466.1,540.9,3721.4,787.54
7687;0.61;39;3072.01,458.83,3197.19,566.53
7687;0.52;34;3408.01,787.44,3712.81,1058.99
7688;0.64;30;3703.12,1423.89,3824.72,1531.49
7688;0.63;42;3470.8,542.62,3721.27,785.89
7688;0.7;39;3072.79,471.29,3197.41,575.23
7689;0.66;30;3700.55,1429.96,3827.6,1542.54
7689;0.42;42;3438.76,559.85,3698.53,801.59
7689;0.55;39;3062.77,467.87,3204.16,587.95
7690;0.7;30;3700.72,1445.35,3826.32,1556.55
7690;0.36;42;3429.43,570.81,3700.88,818.79
7690;0.57;39;3066.12,483.51,3200.75,596.17
7691;0.69;30;3701.45,1456.7,3827.31,1568.47
7691;0.56;39;3066.85,494.33,3201.78,607.32
7691;0.52;34;3374.05,694.34,3826.31,1105.89
7692;0.58;39;3068.03,506.0,3201.02,616.8
7693;0.71;39;3066.51,518.83,3197.56,626.72
7693;0.67;46;3008.94,9.94,3150.27,124.0
7693;0.6;43;2343.85,1789.27,2519.63,1951.06
7693;0.56;30;3699.84,1478.3,3824.99,1589.2
7694;0.69;39;3064.26,528.42,3198.19,637.81
7694;0.64;46;3007.0,20.51,3150.07,135.89
7694;0.6;43;2340.59,1787.64,2525.8,1963.0
7694;0.51;34;3436.05,841.72,3751.29,1115.15
7695;0.39;39;3065.07,540.05,3197.63,647.32
7695;0.55;34;3442.4,892.69,3727.27,1133.51
7695;0.62;30;3702.23,1500.87,3827.67,1612.62
7696;0.52;34;3444.5,915.52,3717.43,1142.36
7696;0.59;42;3479.07,647.25,3735.31,879.7
7696;0.63;43;2354.2,1815.86,2526.88,1981.39
7697;0.51;42;3479.98,658.61,3736.54,891.92
7697;0.59;43;2356.25,1829.74,2524.24,1992.14
7698;0.42;42;3478.47,665.59,3737.48,901.55
7698;0.36;43;2348.53,1825.3,2532.4,2005.59
7699;0.51;42;3472.4,674.59,3736.44,917.7
7699;0.52;43;2346.6,1829.11,2531.1,2011.96
7699;0.53;46;3013.68,80.69,3148.95,189.87
7700;0.64;42;3470.78,684.87,3729.91,925.16
7700;0.7;43;2347.42,1845.53,2523.55,2020.75
7700;0.54;39;3077.79,588.95,3208.75,697.34
7700;0.62;34;3430.99,945.87,3727.96,1195.12
7701;0.74;43;2338.53,1846.74,2532.03,2043.08
7701;0.57;34;3434.68,967.51,3723.93,1206.75
7702;0.72;43;2339.16,1858.61,2532.77,2057.77
7702;0.47;34;3438.87,982.83,3729.22,1219.41
7703;0.67;43;2338.11,1868.14,2535.04,2074.04
7703;0.59;39;3076.22,622.02,3205.55,732.11
7704;0.73;43;2341.08,1877.5,2530.8,2077.66
7704;0.69;46;3002.15,140.94,3139.19,250.52
7705;0.55;43;2345.83,1888.54,2523.61,2076.74
7705;0.57;46;3000.44,157.34,3136.04,264.74
7705;0.56;30;3708.5,1614.03,3829.85,1721.64
7706;0.48;43;2343.99,1903.14,2525.42,2096.47
7706;0.52;46;3003.04,170.88,3140.75,279.38
7706;0.56;30;3708.16,1625.09,3829.49,1732.58
7707;0.59;43;2349.42,1929.69,2514.64,2104.2
7707;0.5;46;2994.45,181.65,3138.88,295.68
7707;0.66;30;3707.53,1632.49,3831.08,1742.46
7708;0.5;46;2996.45,191.33,3138.46,303.45
7708;0.66;30;3710.17,1645.4,3829.36,1750.74
7709;0.59;46;2995.85,201.02,3134.62,310.57
7709;0.63;30;3708.39,1654.23,3831.4,1762.94
7709;0.73;43;2342.87,1942.44,2517.61,2127.89
7710;0.66;46;2996.49,212.01,3133.86,319.9
7710;0.48;30;3707.88,1664.84,3834.32,1777.35
7710;0.53;43;2339.23,1948.62,2515.91,2137.64
7711;0.64;46;2993.41,218.5,3136.15,331.21
7711;0.68;30;3710.44,1675.46,3836.69,1788.08
7711;0.56;43;2340.11,1960.27,2513.53,2146.32
7711;0.53;34;3424.16,1053.94,3742.12,1313.78
7712;0.68;30;3711.52,1686.21,3836.83,1798.06
7712;0.37;34;3435.27,1063.68,3761.06,1325.23
7713;0.65;30;3715.26,1700.16,3834.31,1805.54
7714;0.64;30;3712.94,1710.36,3836.33,1819.73
7715;0.73;30;3711.4,1720.3,3839.1,1834.1
7715;0.61;48;3549.62,594.07,3747.08,801.56
7716;0.71;30;3710.06,1728.27,3840.0,1847.3
7716;0.57;48;3560.34,636.65,3724.04,807.9
7716;0.59;39;3084.86,768.39,3209.35,873.69
7717;0.71;30;3712.88,1742.28,3839.77,1856.63
7717;0.54;48;3570.81,667.51,3714.84,816.86
7717;0.44;39;3084.39,781.12,3210.38,887.33
7718;0.68;30;3713.81,1751.55,3840.0,1867.44
7718;0.53;46;3012.0,299.78,3143.36,401.5
7719;0.56;30;3713.14,1760.73,3840.0,1881.02
7720;0.71;30;3712.02,1771.5,3840.0,1891.69
7720;0.56;42;3383.29,902.66,3737.15,1223.3
7720;0.52;34;3441.92,1160.01,3737.53,1397.39
7721;0.71;30;3712.35,1784.31,3840.0,1902.29
7721;0.43;42;3353.65,912.7,3776.31,1309.48
7721;0.58;34;3426.87,1152.46,3743.96,1417.37
7722;0.69;30;3713.89,1796.6,3839.11,1912.0
7722;0.45;42;3348.4,921.36,3781.28,1336.45
7722;0.58;34;3439.27,1185.41,3732.11,1430.7
7722;0.63;46;3016.0,337.67,3156.37,446.23
7723;0.35;30;3713.43,1805.57,3839.23,1921.7
7723;0.57;34;3450.17,1208.53,3736.82,1445.06
7724;0.57;30;3713.56,1817.22,3839.79,1934.12
7724;0.51;34;3456.72,1222.68,3744.36,1455.97
7725;0.37;34;3444.71,1238.07,3729.2,1467.73
7725;0.52;39;3076.87,865.36,3209.3,978.56
7726;0.46;34;3435.36,1234.67,3733.04,1476.97
7726;0.36;39;3076.85,876.13,3210.28,991.09
7726;0.77;46;3015.2,382.81,3160.86,495.93
7727;0.6;34;3429.89,1230.42,3744.34,1489.68
7727;0.43;46;3017.22,394.37,3161.16,506.15
7728;0.61;34;3433.51,1243.6,3744.81,1504.15
7728;0.75;46;3010.98,405.67,3161.71,524.13
7729;0.53;34;3433.64,1254.36,3743.01,1516.55
7729;0.45;46;2998.92,417.66,3170.21,556.14
7730;0.63;0;3411.77,1160.97,3525.14,1259.14
7730;0.45;0;3240.96,190.22,3405.02,313.44
7730;0.41;0;3723.16,1898.43,3838.82,2004.14
7731;0.49;0;2847.3,875.33,2931.95,949.96
7731;0.43;0;3247.97,204.86,3401.63,324.8
7731;0.39;0;3540.86,773.94,3832.15,1060.09
7732;0.64;46;3019.74,452.29,3153.56,559.77
7734;0.72;46;3022.59,475.87,3150.12,577.11
7735;0.52;46;3025.75,491.36,3152.4,591.64
7735;0.55;30;3728.22,1951.05,3840.0,2060.5
7735;0.53;34;3445.57,1323.1,3738.27,1573.87
7736;0.49;46;3029.22,503.78,3152.54,599.43
7736;0.56;30;3728.89,1961.38,3840.0,2073.74
7736;0.55;34;3448.53,1331.54,3741.96,1581.75
7737;0.58;46;3027.13,515.29,3155.52,614.04
7737;0.52;30;3729.8,1973.27,3840.0,2084.47
7738;0.62;46;3030.29,527.55,3156.47,622.58
7738;0.5;30;3729.71,1983.95,3840.0,2095.71
7738;0.54;51;2937.04,2.63,3046.02,89.45
7739;0.51;46;3026.97,535.38,3161.74,636.24
7739;0.67;51;2935.54,13.72,3045.82,101.93
7740;0.58;51;2934.15,24.89,3044.75,113.76
7740;0.61;42;3486.33,1369.53,3788.91,1636.85
7740;0.54;34;3444.09,1369.32,3758.33,1644.45
7741;0.52;34;3448.26,1385.33,3752.2,1654.64
7741;0.73;46;3027.67,558.89,3166.37,661.53
7742;0.58;34;3462.92,1401.67,3753.62,1656.3
7742;0.64;53;3601.92,1842.91,3788.4,2028.14
7743;0.41;34;3471.01,1417.41,3759.93,1668.17
7743;0.65;46;3022.27,580.44,3166.34,685.78
7744;0.5;34;3476.77,1443.35,3748.73,1676.22
7744;0.78;46;3024.78,591.75,3167.01,694.41
7745;0.45;46;3026.67,600.66,3175.72,708.32
7746;0.47;46;3030.82,609.59,3180.01,717.59
7747;0.69;0;3661.3,1676.14,3787.06,1774.42
7747;0.56;0;3307.58,395.26,3408.5,491.09
7747;0.52;0;3539.24,76.16,3647.68,169.18
7747;0.35;0;3462.31,1475.5,3749.58,1728.3
7748;0.54;39;3102.37,1132.53,3230.26,1244.07
7749;0.44;39;3101.42,1142.73,3228.05,1253.95
7749;0.6;46;3026.01,645.49,3177.5,756.33
7750;0.59;39;3104.23,1155.66,3227.59,1263.4
7751;0.7;39;3106.79,1170.13,3226.71,1273.6
7751;0.76;46;3033.08,669.11,3175.12,773.41
7752;0.56;39;3109.29,1188.1,3226.46,1287.1
7752;0.71;46;3035.93,677.83,3176.45,781.66
7753;0.7;39;3109.9,1197.95,3230.1,1298.23
7753;0.56;46;3038.48,688.45,3182.96,795.74
7754;0.7;39;3097.67,1182.53,3241.64,1305.59
7754;0.38;46;3041.82,697.98,3185.66,805.46
7755;0.63;39;3102.0,1199.5,3239.05,1316.43
7755;0.39;46;3041.67,706.74,3188.32,817.18
7756;0.64;39;3101.78,1204.94,3241.48,1325.06
7757;0.69;39;3100.5,1210.74,3247.51,1338.0
7757;0.61;46;3041.35,731.16,3191.18,844.1
7758;0.54;39;3099.99,1223.96,3247.17,1353.13
7758;0.38;46;3038.39,745.82,3189.14,859.55
7759;0.5;39;3101.67,1239.86,3244.99,1365.93
7759;0.39;46;3038.08,755.45,3188.52,869.13
7760;0.35;39;3106.91,1249.51,3245.76,1373.7
7760;0.55;59;3668.53,1810.74,3792.18,1930.26
7761;0.68;39;3114.07,1262.94,3242.04,1378.32
7762;0.67;39;3117.55,1277.02,3242.37,1390.55
7763;0.59;39;3117.84,1290.17,3241.36,1403.81
7763;0.65;60;2965.34,281.91,3064.11,373.73
7764;0.46;60;2971.17,294.88,3063.25,380.37
7765;0.62;60;2971.92,310.1,3064.38,396.09
7765;0.61;39;3129.07,1316.32,3238.11,1417.49
7766;0.48;0;3667.62,1888.85,3820.83,2029.01
7766;0.4;0;3438.91,1569.59,3549.23,1668.68
7766;0.36;0;3259.47,1700.62,3359.74,1794.94
7766;0.36;0;3485.29,1676.82,3781.56,1930.74
7767;0.38;0;2965.14,334.07,3057.9,423.88
7767;0.36;0;3132.15,1338.94,3242.74,1453.33
7767;0.36;0;3389.3,1237.53,3486.17,1336.51
7768;0.61;46;3046.33,865.39,3191.15,974.89
7769;0.55;61;3676.13,1925.85,3801.84,2046.44
7770;0.69;61;3680.13,1940.73,3797.57,2052.9
7770;0.52;46;3050.04,891.47,3191.74,996.77
7771;0.51;0;3399.25,1290.61,3484.33,1370.78
7771;0.44;0;3590.47,1237.07,3834.13,1497.26
7771;0.38;0;3527.86,1498.96,3780.52,1726.01
7772;0.58;61;3687.59,1969.56,3804.83,2081.0
7772;0.61;46;3048.66,915.66,3192.18,1021.6
7773;0.46;61;3687.85,1972.77,3811.17,2089.61
7773;0.47;46;3052.52,931.99,3189.2,1030.76
7773;0.52;34;3476.32,1755.21,3770.58,2019.07
7774;0.37;61;3682.86,1978.59,3814.15,2103.01
7774;0.37;46;3053.67,942.48,3193.82,1043.28
7774;0.55;34;3487.71,1772.27,3775.03,2029.07
7775;0.41;61;3683.15,1987.64,3818.43,2115.68
7775;0.56;34;3492.31,1785.69,3778.23,2041.62
7776;0.7;61;3686.24,1998.69,3819.57,2124.54
7777;0.39;61;3684.93,2011.48,3820.63,2139.05
7778;0.35;61;3689.16,2029.68,3816.79,2148.73
7778;0.72;46;3061.15,986.05,3198.6,1084.18
7779;0.74;46;3065.17,995.32,3205.03,1096.14
7779;0.54;34;3492.17,1830.72,3785.78,2094.76
7780;0.69;46;3067.04,1003.32,3211.79,1109.47
7780;0.58;34;3495.47,1843.75,3788.44,2109.32
7781;0.69;46;3074.05,1016.9,3213.32,1119.7
7781;0.62;34;3492.28,1855.96,3790.26,2124.62
7782;0.6;34;3488.19,1863.16,3802.4,2144.67
7783;0.63;34;3489.35,1874.88,3804.99,2153.59
7783;0.56;39;3135.87,1530.37,3253.02,1637.43
7783;0.71;46;3069.29,1040.55,3200.67,1139.72
7784;0.63;34;3483.94,1889.09,3790.46,2157.34
7784;0.67;39;3134.0,1538.93,3257.21,1650.55
7784;0.61;46;3073.62,1053.03,3206.12,1153.96
7785;0.58;34;3492.2,1903.01,3786.66,2159.55
7785;0.41;39;3132.87,1547.33,3264.34,1665.67
7786;0.44;34;3502.02,1914.46,3786.75,2159.39
7786;0.71;39;3134.65,1564.15,3259.7,1675.18
7787;0.7;39;3131.09,1570.51,3262.43,1687.85
7788;0.67;39;3129.48,1582.81,3261.23,1700.28
7789;0.71;39;3129.37,1592.13,3264.28,1712.53
7790;0.72;39;3129.34,1607.15,3262.16,1725.05
7790;0.54;46;3078.44,1129.9,3215.69,1233.48
7791;0.59;39;3129.64,1618.39,3260.52,1733.89
7792;0.39;39;3142.5,1630.45,3266.66,1741.4
7793;0.63;39;3148.61,1640.4,3267.14,1747.44
7794;0.67;39;3152.8,1651.57,3263.57,1752.52
7795;0.44;39;3152.34,1664.99,3264.03,1767.75
7796;0.41;39;3151.57,1676.6,3258.92,1775.72
7797;0.63;0;3594.67,661.41,3690.13,752.36
7797;0.53;0;3543.07,1804.6,3799.07,2034.14
7798;0.69;63;3595.38,670.47,3688.19,758.85
7799;0.64;63;3592.57,680.56,3692.65,775.86
7799;0.53;64;3550.99,1830.9,3791.3,2060.96
7800;0.56;63;3590.68,692.51,3691.11,788.0
7800;0.57;64;3544.67,1836.19,3794.32,2075.24
7801;0.5;63;3588.49,707.23,3694.83,808.57
7801;0.57;64;3551.57,1850.0,3797.21,2084.5
7801;0.52;39;3149.11,1733.4,3276.69,1852.35
7802;0.63;63;3589.2,722.13,3696.6,824.54
7802;0.56;64;3543.44,1859.98,3794.15,2098.54
7802;0.59;46;3084.15,1274.79,3221.22,1376.05
7803;0.6;64;3536.6,1879.11,3793.66,2122.39
7804;0.63;64;3535.29,1889.92,3795.04,2135.22
7804;0.71;63;3587.48,750.32,3702.33,860.44
7804;0.69;46;3080.08,1298.07,3222.53,1402.89
7805;0.58;64;3515.68,1900.3,3782.68,2149.16
7806;0.55;64;3515.7,1910.17,3780.14,2153.49
7807;0.49;64;3536.58,1924.48,3790.61,2156.69
7808;0.58;0;3621.92,1698.08,3821.99,1886.27
7809;0.61;0;3620.58,1705.7,3822.95,1909.16
7809;0.44;0;1.59,0.03,91.88,53.78
7809;0.4;0;3246.55,1490.52,3425.7,1653.43
7810;0.73;0;3251.97,1508.6,3424.04,1661.72
7810;0.37;0;3468.94,1964.17,3813.0,2159.91
7810;0.36;0;3624.34,1732.08,3801.66,1907.26
7811;0.55;39;3129.06,1815.76,3294.49,1977.7
7812;0.39;39;3126.35,1821.18,3293.13,1991.37
7813;0.75;70;3261.38,1553.28,3415.58,1694.39
7815;0.6;0;2368.58,1834.38,2479.93,1946.45
7815;0.38;0;3625.13,1776.39,3819.74,1970.88
7815;0.36;0;3177.62,1930.48,3275.55,2015.9
7816;0.48;0;3689.88,771.24,3773.71,875.35
7817;0.4;0;3171.11,1948.92,3282.54,2053.89
7818;0.39;0;3168.18,1949.76,3279.35,2066.29
7819;0.66;39;3164.65,1958.15,3281.28,2076.1
7820;0.52;72;3631.21,1834.02,3824.53,2038.63
7820;0.61;39;3166.3,1973.62,3280.62,2088.56
7821;0.39;72;3626.25,1845.53,3823.23,2054.05
7821;0.47;39;3163.31,1982.86,3280.07,2099.44
7821;0.54;63;3632.78,970.39,3723.62,1056.28
7821;0.53;46;3099.83,1502.78,3239.78,1607.28
7822;0.36;39;3158.05,1990.12,3282.08,2114.4
7822;0.51;63;3633.51,980.52,3727.27,1068.09
7823;0.58;39;3160.5,2005.38,3280.14,2124.01
7824;0.45;39;3157.92,2014.64,3288.59,2144.43
7825;0.58;63;3628.82,1004.58,3732.51,1101.82
7827;0.36;63;3628.41,1028.28,3735.67,1128.27
7828;0.47;63;3628.2,1042.92,3734.52,1141.73
7829;0.48;63;3628.58,1053.5,3733.27,1150.92
7830;0.35;0;3264.68,1778.28,3437.69,1912.05
7831;0.54;0;3685.78,1735.29,3795.16,1841.92
7831;0.4;0;3263.05,1796.2,3432.95,1918.94
7834;0.44;0;3271.25,1794.23,3433.68,1955.17
7834;0.43;0;3719.81,1004.18,3811.71,1101.09
7835;0.52;0;3723.78,1015.89,3808.08,1110.33
7835;0.5;0;2262.42,26.23,2403.51,128.33
7836;0.54;0;3726.47,1035.79,3805.65,1125.66
7837;0.72;0;2263.43,53.19,2414.16,147.61
7837;0.61;0;3722.57,1048.36,3812.06,1142.85
7837;0.38;0;2489.89,0.23,2629.49,58.77
7840;0.58;0;3104.32,1731.34,3260.73,1842.41
7841;0.6;0;3102.35,1750.32,3255.01,1859.63
7842;0.46;0;3101.23,1749.44,3258.86,1867.05
7842;0.4;0;3726.96,1114.64,3805.64,1196.62
7843;0.56;0;3100.6,1767.04,3259.32,1879.52
7847;0.41;0;3672.54,1290.62,3766.62,1385.64
7848;0.6;0;3671.14,1310.6,3772.75,1402.6
7848;0.37;0;3102.34,1828.99,3256.73,1941.45
7849;0.67;0;3667.19,1318.04,3769.7,1411.45
7850;0.6;77;3671.09,1331.56,3770.04,1421.7
7851;0.7;77;3668.99,1341.55,3770.86,1434.27
7852;0.46;0;3272.57,2029.14,3444.81,2157.84
7853;0.35;0;3668.27,1372.89,3768.06,1461.55
7854;0.45;0;3671.58,1383.9,3772.48,1477.02
7855;0.66;77;3669.63,1396.51,3772.46,1490.15
7856;0.49;77;3669.02,1408.93,3768.83,1499.48
7860;0.46;0;2555.75,257.75,2693.8,350.45
7861;0.57;0;3128.28,2007.32,3261.57,2106.96
7861;0.52;0;2557.49,278.16,2685.25,361.83
7861;0.41;0;3418.0,1782.94,3528.65,1889.25
7863;0.74;0;3127.97,2024.83,3269.31,2126.5
7864;0.56;78;3128.53,2033.21,3274.58,2138.27
7872;0.51;0;2572.05,400.15,2709.19,486.94
7876;0.45;0;3392.84,1948.64,3525.26,2075.59
7878;0.4;0;2720.54,0.79,2869.43,64.17
7879;0.43;0;2719.75,0.64,2844.42,59.01
7880;0.39;0;2725.4,1.45,2911.02,89.9
7883;0.41;0;3502.21,836.91,3579.79,896.99
7885;0.51;0;3699.43,1792.4,3807.18,1881.34
7885;0.37;0;3509.3,858.04,3579.94,925.33
7886;0.67;0;3700.49,1802.69,3801.62,1894.59
7887;0.73;79;3699.41,1814.36,3799.76,1905.57
7888;0.71;79;3704.4,1829.48,3802.74,1918.69
7889;0.67;79;3700.81,1840.84,3806.14,1936.17
7890;0.55;79;3704.25,1858.01,3810.29,1953.74
7899;0.36;0;3531.71,1054.43,3608.14,1110.98
7901;0.48;0;3133.81,2.38,3244.18,91.04
7906;0.37;0;3708.75,2089.52,3797.69,2157.88
7914;0.36;0;3549.45,1250.65,3621.48,1314.81
7917;0.41;0;2719.39,942.45,2815.73,1023.32
7925;0.54;0;2164.74,833.42,2262.43,919.45
7925;0.38;0;2924.74,469.3,3065.5,583.21
7932;0.4;0;2713.69,1127.03,2838.81,1205.33
7933;0.64;0;2718.39,1137.27,2833.53,1214.83
7934;0.57;0;3566.8,1525.62,3645.52,1594.19
7935;0.36;0;3565.14,1536.69,3644.8,1605.52
7942;0.36;0;1733.15,1.7,1873.71,67.34
7953;0.4;0;2973.79,869.88,3115.42,1002.15
7954;0.58;0;2759.56,1399.73,2872.73,1478.32
7961;0.5;0;0.11,2010.29,81.61,2134.99
7966;0.52;0;3420.54,0.0,3501.16,59.12
7971;0.41;0;3444.88,68.17,3519.97,137.89
7972;0.63;0;3446.26,81.32,3524.96,154.84
7979;0.69;0;2791.99,1704.76,2908.38,1800.87
7981;0.41;0;3590.21,1320.89,3676.73,1405.41
7982;0.36;0;2788.77,1758.97,2896.1,1834.64
7991;0.52;0;3526.71,372.67,3606.77,435.83
7992;0.48;0;3533.63,386.93,3616.64,459.03
7993;0.5;0;3537.71,403.39,3621.26,469.21
7994;0.58;0;3539.22,418.69,3619.97,486.93
7995;0.57;0;2785.01,1927.66,2913.09,2020.43
7996;0.36;0;2783.48,1935.48,2909.23,2025.39
7997;0.44;0;2793.75,1949.8,2921.24,2063.06
8005;0.36;0;1999.16,1620.51,2167.6,1740.86
8011;0.65;0;3595.78,693.23,3676.84,753.76
8012;0.49;0;3597.46,707.12,3678.41,769.27
8013;0.37;0;3602.84,720.31,3680.29,786.88
8014;0.5;0;1332.22,1773.06,1407.7,1834.54
8014;0.48;0;3606.82,738.69,3684.91,800.7
8015;0.44;0;1334.65,1787.0,1403.25,1841.96
8016;0.44;0;1335.99,1792.12,1397.57,1850.8
8020;0.38;0;2029.05,1834.74,2148.6,1908.57
8022;0.38;0;1337.49,1845.13,1398.05,1906.1
8026;0.42;0;3639.15,935.83,3721.99,996.11
8028;0.47;0;1340.53,1897.51,1405.62,1959.31
8033;0.66;0;1883.62,1640.4,1973.8,1714.43
8033;0.36;0;3658.8,1050.88,3734.8,1112.63
8034;0.45;0;1884.6,1655.95,1971.21,1729.86
8035;0.67;0;1883.24,1664.65,1967.74,1737.26
8036;0.61;85;1882.03,1669.53,1975.11,1749.6
8037;0.45;85;1883.95,1686.02,1965.19,1755.81
8038;0.46;0;3666.33,1129.17,3740.57,1192.35
8039;0.4;0;1887.13,1715.62,1964.72,1781.79
8039;0.38;0;3714.94,0.99,3835.6,65.51
8039;0.36;0;3713.23,0.0,3838.9,103.12
8041;0.46;0;1890.23,1735.93,1965.17,1805.75
8043;0.63;0;1885.7,1753.15,1969.16,1828.38
8044;0.55;86;1889.48,1765.94,1970.93,1839.4
8054;0.37;0;3694.61,1398.04,3766.56,1465.64
8057;0.42;0;1908.39,1917.33,1978.09,1977.69
8065;0.4;0;1919.1,2015.75,1987.1,2068.61
8066;0.54;0;1913.71,2018.12,1986.51,2077.08
8067;0.55;0;1915.05,2032.2,1984.6,2092.16
8068;0.58;0;1917.12,2039.6,1985.63,2100.41
8069;0.65;0;1910.95,2049.29,1984.82,2112.29
8070;0.71;87;1909.32,2052.97,1988.78,2120.83
8071;0.55;87;1910.0,2060.96,1988.32,2127.95
8072;0.49;87;1914.37,2075.39,1989.86,2139.9
8073;0.38;87;1915.09,2088.96,1989.36,2152.41
8113;0.42;0;2631.38,954.28,2688.48,1002.88
8140;0.4;0;3340.87,1592.31,3390.82,1638.14
8154;0.4;0;2724.18,1492.03,2777.89,1537.42
8155;0.35;0;2724.66,1505.57,2778.66,1551.97
