original_size = 3840, 2160;
63;0.44;0;898.5,0.0,957.07,49.44
64;0.49;0;897.79,0.0,964.58,57.8
65;0.58;0;901.05,0.88,961.54,58.62
66;0.4;0;900.38,1.4,962.94,64.55
69;0.52;0;899.49,15.74,964.4,75.02
70;0.39;0;899.08,18.17,966.35,79.82
71;0.55;0;903.33,20.69,964.66,80.57
72;0.39;0;902.6,24.99,967.66,87.94
73;0.38;0;902.81,31.15,965.48,91.6
74;0.53;0;901.97,29.85,966.79,98.28
75;0.42;0;903.69,32.56,964.6,96.6
76;0.6;0;901.81,38.53,967.95,101.7
77;0.7;0;902.81,44.46,967.94,105.18
78;0.7;1;902.41,47.72,969.77,110.55
79;0.61;1;903.62,50.42,970.25,112.62
80;0.61;1;906.31,57.44,967.73,114.71
81;0.49;1;903.95,61.74,967.45,120.98
82;0.47;1;904.89,66.46,967.22,124.59
83;0.67;1;905.93,70.36,967.55,127.61
84;0.74;1;904.69,72.44,967.39,130.65
85;0.46;1;907.2,78.61,967.43,134.43
86;0.52;1;908.42,83.26,968.11,138.53
87;0.44;1;908.32,85.39,969.08,141.89
88;0.58;1;907.68,87.38,969.92,145.17
89;0.61;1;905.77,91.17,968.09,149.25
90;0.51;1;905.4,95.91,967.51,153.8
93;0.54;1;905.57,105.5,965.43,160.93
94;0.47;1;902.8,107.03,967.75,167.03
95;0.37;1;904.41,113.69,967.75,172.09
97;0.54;1;905.91,120.06,967.66,176.87
99;0.51;1;906.59,125.89,971.16,185.0
100;0.45;1;906.3,131.96,970.43,190.81
101;0.63;1;905.76,136.33,972.36,197.13
102;0.51;1;904.86,141.22,970.05,200.79
103;0.61;1;904.43,144.49,968.72,202.91
105;0.48;1;903.19,151.41,967.71,210.21
114;0.46;0;904.5,185.6,964.87,247.98
115;0.61;0;902.32,189.9,967.71,252.78
135;0.38;0;901.81,264.4,963.65,323.67
139;0.4;0;897.5,281.4,963.68,343.58
141;0.36;0;898.08,288.43,964.04,354.42
146;0.58;0;898.71,312.27,961.38,374.56
156;0.53;0;896.29,354.72,959.82,411.15
158;0.46;0;893.96,361.61,960.67,419.37
160;0.35;0;892.15,372.62,957.63,426.9
161;0.45;0;892.6,375.19,954.02,429.74
162;0.48;0;894.31,383.42,953.13,433.63
163;0.58;0;892.59,384.77,957.8,439.7
164;0.54;0;889.14,387.84,951.62,442.82
166;0.49;0;888.84,395.32,949.83,450.34
166;0.38;0;0.0,0.0,187.22,405.81
167;0.48;0;888.56,396.84,950.91,454.45
168;0.42;0;888.6,404.75,951.32,458.84
169;0.44;0;888.58,406.17,952.34,462.67
171;0.49;0;3018.06,1.63,3162.96,130.69
172;0.39;0;887.5,420.16,950.24,475.64
173;0.58;0;886.13,423.8,944.98,477.6
174;0.46;0;883.92,428.13,949.39,484.61
174;0.41;0;3018.44,15.7,3167.0,154.33
178;0.38;0;880.64,441.81,951.64,500.01
184;0.35;0;3031.36,95.15,3176.61,227.61
186;0.39;0;3032.0,101.09,3179.62,247.41
188;0.41;0;3034.58,117.78,3185.0,265.85
189;0.37;0;3034.33,135.75,3185.95,278.24
192;0.59;0;872.35,501.91,937.76,558.06
193;0.55;0;872.22,502.76,939.25,560.92
195;0.48;0;870.19,513.96,938.25,569.58
197;0.52;0;867.09,516.86,936.5,578.53
198;0.6;0;867.77,523.23,932.73,582.59
200;0.63;3;869.36,531.31,929.68,586.39
208;0.63;0;861.6,562.48,927.5,620.3
210;0.54;4;861.1,569.69,926.83,627.36
211;0.59;4;858.41,570.45,928.57,632.0
212;0.51;4;857.21,574.56,926.07,634.93
213;0.61;4;857.67,580.14,926.28,640.31
220;0.64;4;854.06,602.39,920.26,660.53
221;0.48;4;852.35,611.96,919.04,670.4
222;0.51;4;849.98,617.29,917.92,676.92
223;0.52;4;850.42,622.74,917.4,681.4
224;0.58;4;850.42,627.43,915.32,684.37
225;0.62;4;850.41,631.85,915.69,689.09
226;0.42;4;847.66,633.48,915.81,693.26
227;0.35;4;846.94,637.77,914.54,697.15
228;0.57;4;847.12,643.13,912.73,700.98
229;0.4;4;846.21,645.18,912.92,703.89
230;0.67;4;846.39,648.17,913.52,706.94
231;0.59;4;844.54,652.28,912.87,711.98
234;0.48;4;842.97,662.02,911.85,722.08
235;0.39;4;843.32,668.44,911.79,728.12
236;0.53;4;842.85,672.54,910.42,731.56
237;0.65;4;842.64,676.28,909.65,734.89
238;0.41;4;843.21,682.02,908.13,738.62
240;0.47;4;841.64,687.46,908.04,745.5
242;0.46;4;842.12,696.03,906.27,751.79
243;0.69;4;839.56,698.81,906.15,756.97
244;0.65;4;840.8,705.07,905.27,761.39
245;0.52;4;841.13,709.38,904.62,764.56
246;0.59;4;840.83,714.29,903.88,768.92
247;0.68;4;837.73,716.76,904.41,774.61
248;0.7;4;837.29,719.15,904.51,777.38
249;0.66;4;835.38,720.82,904.7,781.03
250;0.48;4;833.59,726.26,901.77,785.26
251;0.58;4;833.63,727.71,902.84,787.75
252;0.58;4;834.85,731.67,902.57,790.67
253;0.61;4;832.57,735.41,901.87,796.21
254;0.67;4;833.92,739.87,900.43,798.46
255;0.74;4;835.07,743.45,900.68,801.5
256;0.7;4;833.41,746.44,899.64,805.29
257;0.59;4;833.75,751.41,898.75,809.2
258;0.57;4;832.98,755.01,897.12,811.81
259;0.62;4;831.36,756.48,898.02,815.34
260;0.63;4;829.9,759.04,899.04,820.23
261;0.59;4;831.51,763.83,898.84,823.5
262;0.62;4;830.69,767.51,899.8,829.02
263;0.69;4;830.15,771.24,897.34,831.37
264;0.51;4;830.52,776.7,894.75,834.24
265;0.62;4;829.08,778.26,895.64,837.7
266;0.67;4;828.94,781.0,897.25,842.06
267;0.59;4;828.04,784.09,895.56,844.41
268;0.71;4;828.56,789.47,893.74,847.51
269;0.55;4;827.89,793.39,892.62,851.08
270;0.35;4;827.13,796.21,894.44,856.45
271;0.53;4;828.83,802.51,891.65,858.68
272;0.53;4;827.41,805.01,891.95,862.97
273;0.55;4;826.74,808.66,891.01,866.49
274;0.67;4;825.65,813.5,889.32,870.78
275;0.68;4;826.26,817.01,888.76,873.1
276;0.43;4;825.42,819.42,889.09,876.54
277;0.67;4;824.39,821.44,889.92,880.3
278;0.61;4;824.63,824.87,889.02,882.68
279;0.64;4;824.94,829.36,887.04,885.03
280;0.62;4;824.84,833.88,887.19,889.82
281;0.69;4;823.29,837.49,886.95,894.76
282;0.73;4;822.06,839.23,886.7,897.61
283;0.7;4;821.67,841.75,886.15,900.09
284;0.66;4;819.9,845.13,885.55,905.01
285;0.66;4;819.75,849.64,885.44,909.6
286;0.53;4;819.52,852.53,885.94,913.39
287;0.47;4;820.82,858.39,884.88,917.2
288;0.63;4;822.2,861.92,884.0,918.71
289;0.36;4;820.69,865.64,884.09,923.62
290;0.58;4;820.2,867.78,882.16,924.11
292;0.39;0;2984.43,1710.95,3100.05,1797.39
293;0.46;0;817.55,877.24,883.34,936.59
294;0.35;0;818.68,886.07,883.46,938.51
295;0.37;0;818.99,884.67,883.79,942.13
296;0.5;4;816.76,887.45,882.16,947.22
298;0.51;4;815.76,889.3,885.03,952.83
299;0.47;4;815.82,893.3,885.82,957.8
301;0.43;4;816.12,903.14,883.06,964.58
303;0.36;4;813.82,906.12,885.08,971.47
306;0.38;4;811.92,914.7,883.86,980.73
307;0.42;4;810.86,921.78,882.94,988.07
310;0.54;4;811.76,932.29,880.07,995.31
311;0.37;4;811.44,937.12,879.93,1000.44
312;0.43;4;811.36,942.02,879.08,1004.36
313;0.6;4;811.23,945.76,879.35,1008.41
314;0.63;4;810.91,947.57,880.59,1011.74
315;0.69;4;811.58,953.15,879.05,1015.08
318;0.63;4;810.72,960.78,880.61,1025.23
319;0.63;4;810.7,967.5,880.58,1032.0
321;0.42;4;811.23,973.95,879.39,1036.84
322;0.53;4;812.18,978.26,879.61,1040.44
323;0.64;4;812.25,981.27,880.78,1044.69
324;0.6;4;811.45,983.33,881.97,1048.83
325;0.42;4;811.26,987.83,879.34,1051.14
326;0.43;4;809.59,989.81,879.65,1055.15
327;0.47;4;809.96,993.73,880.04,1059.32
328;0.42;4;810.42,998.36,877.86,1061.84
329;0.57;4;810.67,1001.83,876.6,1063.9
330;0.6;4;811.12,1005.19,876.43,1066.47
331;0.43;4;812.35,1008.62,875.81,1068.07
332;0.39;4;812.58,1011.79,877.02,1072.31
333;0.41;4;812.95,1015.01,877.11,1075.19
334;0.42;4;812.61,1017.2,877.08,1077.41
335;0.59;4;810.57,1019.33,876.55,1081.14
337;0.56;4;809.3,1023.45,876.43,1086.72
338;0.45;4;809.34,1028.01,874.8,1089.86
339;0.66;4;809.56,1031.62,874.19,1092.74
340;0.54;4;810.67,1035.39,874.76,1096.23
341;0.45;4;811.04,1038.1,876.2,1099.64
344;0.42;4;809.79,1042.57,878.63,1107.92
345;0.39;4;812.18,1049.92,877.69,1111.96
346;0.64;4;811.26,1053.14,876.32,1114.69
348;0.5;4;812.15,1058.86,876.38,1119.59
349;0.61;4;812.29,1063.26,875.57,1122.9
351;0.42;4;813.09,1066.67,879.02,1129.02
352;0.48;4;812.3,1071.16,876.86,1132.26
353;0.62;4;812.33,1075.09,875.61,1134.94
354;0.59;4;812.74,1077.06,877.37,1138.47
355;0.63;4;813.43,1079.38,878.27,1140.98
356;0.48;4;813.72,1082.58,879.51,1145.32
357;0.6;4;812.79,1084.0,878.48,1146.85
358;0.55;4;811.82,1086.5,877.71,1149.62
359;0.52;4;811.58,1090.69,878.78,1155.14
360;0.62;4;812.77,1092.74,880.07,1157.14
361;0.57;4;812.12,1094.87,879.25,1159.24
362;0.63;4;812.21,1098.69,877.67,1161.4
363;0.74;4;812.47,1103.05,877.01,1165.05
364;0.64;4;811.27,1106.26,875.74,1168.48
365;0.47;4;812.9,1108.39,877.39,1170.38
366;0.52;4;813.48,1111.91,877.65,1173.65
367;0.65;4;811.55,1114.79,876.04,1177.0
369;0.66;4;812.29,1119.91,876.15,1181.43
370;0.65;4;812.91,1124.55,875.07,1184.02
371;0.61;4;813.18,1128.01,876.12,1188.28
372;0.71;4;814.84,1130.85,877.06,1190.3
373;0.68;4;813.91,1134.56,875.92,1193.63
374;0.46;4;812.7,1136.94,874.66,1195.85
375;0.56;4;813.22,1139.11,876.72,1199.25
376;0.52;4;811.38,1139.72,875.01,1199.88
377;0.58;4;811.22,1143.36,874.66,1203.37
378;0.41;4;810.1,1146.14,873.52,1206.15
380;0.48;0;1017.75,56.24,1061.47,97.97
383;0.51;4;810.3,1154.62,877.3,1218.04
384;0.36;0;1030.94,75.54,1074.09,113.83
385;0.38;0;1034.29,82.43,1077.19,120.89
386;0.44;0;811.98,1166.92,879.46,1228.76
387;0.38;0;810.87,1171.37,877.95,1231.13
388;0.38;0;1044.38,95.13,1085.9,135.46
389;0.51;4;811.1,1175.8,878.95,1240.1
390;0.39;0;1049.59,104.68,1095.19,145.48
391;0.45;0;1053.95,110.48,1098.19,150.61
392;0.47;0;810.43,1183.42,878.48,1245.34
392;0.43;0;1057.3,116.18,1099.66,152.35
393;0.52;4;809.13,1186.59,873.99,1247.99
394;0.37;0;1064.49,124.33,1106.37,162.99
395;0.59;4;807.3,1191.24,872.95,1253.61
397;0.42;4;806.77,1195.59,871.53,1256.45
398;0.46;4;805.76,1197.5,872.33,1259.77
399;0.45;0;1079.69,144.7,1122.38,185.11
401;0.37;0;1086.99,155.93,1129.41,194.8
402;0.41;0;3003.44,1.04,3176.95,60.06
403;0.36;0;3005.24,0.51,3218.37,71.07
404;0.57;4;801.97,1205.22,872.61,1271.37
405;0.42;4;804.14,1209.66,871.83,1272.64
406;0.42;0;1103.03,176.11,1143.9,213.53
407;0.52;4;803.87,1210.42,873.62,1275.91
408;0.46;4;804.68,1212.87,871.68,1276.3
409;0.41;4;802.42,1214.18,869.86,1278.35
410;0.43;4;802.16,1217.54,868.83,1281.15
411;0.41;4;802.89,1220.92,866.85,1282.23
412;0.64;4;803.28,1221.53,868.02,1283.7
413;0.45;4;802.44,1221.83,869.61,1286.9
414;0.38;4;802.05,1224.83,867.63,1288.84
415;0.51;4;800.85,1224.97,867.13,1289.8
416;0.55;4;801.13,1227.17,866.76,1291.11
417;0.47;4;799.61,1227.55,865.81,1292.11
418;0.46;4;799.76,1229.53,866.03,1293.75
419;0.58;4;799.21,1231.52,864.76,1294.87
424;0.5;4;797.78,1236.53,864.65,1300.91
428;0.61;4;797.56,1240.02,865.71,1305.4
430;0.37;4;797.78,1244.8,864.61,1308.87
431;0.5;4;796.9,1246.43,864.54,1311.22
432;0.45;4;796.65,1249.14,863.25,1312.92
433;0.42;4;798.42,1251.25,863.1,1313.01
434;0.46;4;798.3,1252.96,861.77,1313.86
436;0.48;4;797.76,1252.47,864.32,1316.57
437;0.48;4;798.6,1255.99,863.09,1317.85
440;0.54;4;799.14,1261.22,862.02,1321.88
441;0.5;4;799.15,1261.68,863.96,1324.36
442;0.53;4;799.74,1263.5,864.66,1326.56
443;0.53;4;801.05,1266.08,867.96,1331.42
444;0.48;4;800.76,1264.33,872.24,1334.28
446;0.61;4;801.98,1267.25,870.24,1333.72
447;0.45;4;802.14,1268.02,869.02,1332.67
448;0.53;4;802.58,1270.63,869.04,1334.43
449;0.52;4;803.7,1273.18,869.49,1336.34
450;0.51;4;803.99,1275.48,867.85,1336.67
451;0.52;4;804.42,1277.15,867.72,1337.38
452;0.42;4;805.51,1279.38,868.53,1339.3
454;0.4;4;807.77,1280.99,871.8,1341.29
455;0.52;4;805.25,1279.86,873.19,1343.87
456;0.45;4;806.35,1284.47,873.62,1346.97
457;0.69;4;806.44,1285.83,874.89,1349.34
458;0.58;4;806.11,1287.77,874.85,1351.45
459;0.62;4;806.87,1290.68,874.46,1352.96
460;0.57;4;806.57,1291.25,874.79,1353.92
461;0.59;4;806.82,1293.82,873.72,1355.49
462;0.56;4;807.95,1295.89,876.22,1358.37
470;0.35;0;0.32,0.0,86.24,84.37
471;0.4;0;818.78,1313.58,883.44,1378.23
476;0.41;0;821.55,1324.98,888.84,1387.92
479;0.62;0;824.58,1330.95,899.9,1398.49
481;0.58;5;824.41,1337.67,894.64,1400.67
482;0.36;5;826.71,1346.18,890.99,1403.85
483;0.61;5;825.95,1343.57,896.8,1407.18
484;0.49;5;824.83,1347.76,893.13,1409.16
486;0.45;5;829.05,1352.4,899.06,1415.06
490;0.5;5;829.61,1362.99,896.26,1422.65
491;0.65;5;830.22,1366.0,897.49,1426.2
492;0.39;5;831.65,1368.71,898.45,1428.34
493;0.52;5;832.87,1371.03,899.83,1430.8
494;0.58;5;833.18,1373.4,898.75,1431.83
496;0.36;0;857.33,0.81,971.27,49.8
497;0.57;0;861.91,0.03,973.02,58.24
498;0.44;0;865.91,0.25,979.47,62.33
499;0.63;0;871.27,0.58,980.83,66.76
500;0.51;6;872.11,3.59,980.25,68.91
501;0.57;6;874.26,6.02,987.77,74.74
502;0.69;6;875.83,8.43,995.53,81.12
503;0.5;6;884.96,14.85,995.43,81.89
504;0.62;6;882.53,14.56,1004.34,89.08
505;0.43;6;887.62,19.74,1006.7,92.91
506;0.63;6;893.12,26.71,1006.09,96.44
507;0.68;6;896.54,30.7,1010.02,101.24
508;0.59;6;900.96,35.89,1013.27,106.09
509;0.6;6;905.28,41.12,1014.56,109.68
510;0.62;6;910.48,45.85,1020.17,115.15
511;0.69;6;915.45,51.23,1022.88,119.42
512;0.51;6;920.6,55.11,1025.1,121.42
512;0.54;5;846.53,1407.17,918.42,1470.36
513;0.51;6;927.51,59.12,1027.87,121.95
513;0.42;5;844.48,1411.75,913.15,1472.16
514;0.56;6;927.78,64.48,1031.12,129.4
515;0.57;6;930.23,68.67,1034.31,134.17
516;0.51;6;932.03,72.9,1038.18,139.92
517;0.48;6;941.15,80.3,1038.67,140.98
518;0.51;6;940.42,82.18,1048.41,149.75
519;0.54;6;943.52,87.9,1051.92,156.03
520;0.64;6;945.72,91.26,1053.76,159.59
521;0.67;6;948.58,96.38,1056.97,165.16
522;0.36;6;958.25,102.89,1061.25,167.52
522;0.58;5;849.27,1432.22,920.94,1495.61
523;0.59;6;958.51,105.63,1065.76,173.27
523;0.52;5;852.79,1436.48,923.12,1498.35
525;0.69;5;853.19,1438.06,926.69,1502.72
527;0.6;6;969.36,120.95,1076.99,188.73
528;0.53;6;974.75,128.37,1079.66,194.31
530;0.6;6;978.92,136.25,1086.31,203.82
531;0.47;6;982.62,142.35,1091.85,211.37
532;0.61;6;987.33,148.54,1096.25,217.76
533;0.47;6;994.25,155.12,1098.76,221.14
535;0.35;6;996.28,162.97,1102.86,230.52
536;0.53;6;1002.0,168.62,1108.43,236.12
537;0.51;5;865.6,1478.13,932.35,1537.29
538;0.44;5;867.86,1481.88,933.27,1539.24
539;0.56;6;1015.88,188.44,1115.7,251.38
541;0.5;6;1015.31,191.6,1121.39,258.91
542;0.45;6;1019.96,197.1,1125.01,263.76
545;0.61;6;1027.35,208.39,1133.92,276.35
546;0.36;6;1031.39,214.21,1138.42,282.65
547;0.37;0;1039.51,226.92,1101.68,275.94
548;0.47;0;871.4,1499.38,940.04,1565.37
549;0.49;0;1041.31,233.08,1143.01,299.12
550;0.57;6;1042.68,236.56,1150.38,305.71
551;0.41;6;1045.75,241.67,1151.03,309.27
552;0.42;6;1050.02,247.73,1154.73,314.63
555;0.48;6;1055.99,258.13,1163.87,327.73
557;0.55;6;1061.35,268.84,1169.72,338.97
559;0.43;6;1068.91,281.47,1173.66,349.1
563;0.62;6;1077.85,299.66,1186.1,369.97
564;0.38;6;1083.1,309.89,1190.71,380.09
565;0.41;6;1087.16,315.49,1193.5,385.05
566;0.49;6;1091.18,321.64,1195.29,389.57
568;0.61;6;1094.65,331.14,1198.98,399.27
569;0.6;6;1097.82,336.9,1202.51,405.39
570;0.47;6;1101.54,343.83,1204.75,411.22
574;0.39;6;1109.99,360.59,1212.37,427.17
575;0.41;6;1112.93,368.54,1217.04,436.27
577;0.45;6;1116.99,378.99,1221.03,446.78
578;0.44;6;1120.8,384.56,1224.98,452.54
582;0.54;6;1131.7,404.37,1230.9,468.39
586;0.54;6;1136.14,423.65,1239.92,490.74
587;0.47;6;1140.54,431.94,1246.52,500.55
588;0.54;6;1144.41,439.54,1248.23,506.44
589;0.49;6;1144.9,443.57,1253.23,513.5
590;0.4;6;1145.44,450.87,1251.87,519.7
592;0.37;6;1149.91,459.1,1254.28,526.5
595;0.58;6;1155.16,472.6,1263.66,543.09
597;0.37;6;1158.33,484.6,1266.09,554.71
602;0.51;6;1166.72,506.26,1270.99,573.45
604;0.48;6;1171.18,520.62,1277.9,589.5
605;0.39;6;1171.71,528.09,1278.82,597.4
613;0.5;0;1148.05,453.81,1193.19,487.84
613;0.35;0;1180.85,571.76,1287.26,642.44
615;0.6;6;1182.0,575.47,1289.88,645.73
617;0.43;6;1187.6,593.07,1294.83,662.79
619;0.35;6;1191.05,604.94,1296.64,673.04
624;0.39;6;1194.78,626.95,1298.4,693.7
626;0.48;6;1197.08,643.36,1303.65,712.15
631;0.45;6;1199.57,668.89,1296.09,732.02
640;0.42;0;1208.98,719.98,1311.14,789.18
643;0.39;0;1212.13,738.04,1312.8,808.1
646;0.42;0;874.75,1803.9,939.98,1866.09
650;0.36;0;864.9,1815.39,936.75,1882.77
651;0.4;0;1215.19,783.15,1319.39,855.42
652;0.46;0;1214.8,788.92,1315.36,857.83
655;0.36;0;1214.22,803.55,1322.69,876.35
656;0.37;0;1216.42,812.88,1320.14,882.04
657;0.65;0;870.2,1834.7,934.34,1901.76
657;0.41;0;1216.27,816.23,1324.24,887.76
658;0.47;0;870.0,1839.7,936.28,1906.56
659;0.46;0;868.31,1845.06,933.62,1909.97
660;0.4;0;2657.39,1004.98,2826.09,1163.02
661;0.5;0;866.78,1850.84,934.71,1916.93
662;0.54;0;864.84,1855.06,936.6,1922.27
662;0.36;0;1219.6,847.29,1326.02,917.7
663;0.39;0;862.68,1859.41,933.5,1923.6
664;0.45;0;863.94,1861.05,936.8,1929.62
665;0.52;0;1220.73,862.25,1322.28,932.0
667;0.68;0;863.93,1873.78,932.06,1940.68
668;0.61;8;863.13,1875.39,933.5,1944.47
669;0.36;8;861.14,1877.46,932.58,1947.53
670;0.68;8;862.54,1883.48,931.88,1951.38
671;0.62;8;861.88,1885.95,932.59,1955.02
672;0.58;8;861.57,1891.2,930.74,1958.51
673;0.42;8;860.63,1895.61,929.23,1962.21
674;0.41;8;859.47,1898.46,928.99,1965.63
676;0.65;8;858.85,1906.25,928.23,1972.78
677;0.61;8;858.84,1910.44,929.01,1977.38
678;0.6;8;858.89,1915.17,929.87,1982.3
680;0.47;8;857.92,1922.19,929.46,1989.54
681;0.56;8;854.85,1930.02,923.45,1994.7
683;0.38;8;853.4,1935.56,923.25,2001.38
684;0.55;8;850.54,1938.62,923.51,2007.44
686;0.48;8;852.74,1948.34,922.59,2013.72
687;0.53;8;851.18,1953.74,922.06,2019.74
688;0.62;8;849.17,1957.8,919.74,2023.43
689;0.58;8;849.01,1961.3,919.2,2026.13
690;0.51;8;849.15,1965.74,919.97,2030.89
691;0.45;8;847.01,1971.63,914.93,2034.23
692;0.5;8;846.14,1973.45,915.21,2037.09
693;0.39;8;845.07,1975.46,916.2,2040.76
694;0.56;8;844.12,1980.75,915.53,2046.34
695;0.56;8;842.86,1986.58,916.03,2053.45
696;0.61;8;842.16,1987.78,917.43,2056.54
698;0.48;8;842.63,1997.43,916.15,2064.39
699;0.56;8;842.78,2000.63,916.22,2067.24
700;0.54;8;840.19,2003.73,915.04,2072.01
701;0.69;8;838.58,2008.23,913.03,2076.5
702;0.53;8;839.83,2011.96,912.71,2079.5
703;0.55;8;839.79,2015.5,911.24,2082.24
704;0.62;8;839.39,2019.56,910.74,2086.81
705;0.63;8;838.55,2022.46,909.84,2089.87
706;0.51;8;838.02,2025.01,909.46,2093.12
707;0.63;8;838.2,2031.12,906.65,2096.51
708;0.6;8;839.19,2037.69,905.02,2100.39
709;0.36;8;838.27,2043.53,901.69,2103.83
710;0.41;8;836.44,2045.59,901.95,2107.82
712;0.36;8;834.07,2053.55,898.73,2114.74
738;0.4;0;2608.93,1582.42,2774.85,1743.98
758;0.56;0;2591.69,1726.76,2749.68,1871.74
759;0.47;0;2586.27,1726.48,2760.65,1885.37
761;0.41;0;2582.86,1743.34,2749.15,1898.98
762;0.67;0;2585.63,1751.67,2744.98,1894.71
776;0.44;0;2564.04,1845.05,2730.54,2019.54
778;0.47;0;2565.81,1858.36,2728.59,2020.91
779;0.69;0;2564.11,1869.96,2722.46,2016.04
780;0.43;0;2560.27,1869.8,2724.67,2028.98
793;0.43;0;2545.16,1963.58,2706.98,2115.17
800;0.35;0;2538.14,2011.44,2695.19,2149.28
801;0.55;0;2534.77,2014.43,2705.11,2157.15
802;0.49;0;2537.12,2018.02,2698.16,2157.28
804;0.57;0;2531.27,2038.46,2695.26,2157.72
805;0.46;0;1140.16,1702.74,1250.81,1777.42
805;0.35;0;2528.34,2040.52,2699.49,2157.82
808;0.38;0;2529.39,2066.63,2685.12,2158.65
814;0.43;0;1136.19,1760.51,1235.71,1831.27
815;0.61;0;1134.95,1764.8,1233.13,1838.24
824;0.53;0;1122.72,1819.69,1230.47,1893.18
825;0.62;0;1121.6,1825.24,1228.57,1900.58
826;0.43;0;1120.28,1832.66,1227.04,1906.17
827;0.5;0;1119.56,1837.47,1225.53,1913.76
829;0.36;0;3146.42,1560.75,3247.63,1652.07
830;0.53;0;1119.04,1857.7,1224.45,1931.14
831;0.58;0;1117.38,1862.1,1221.46,1935.74
832;0.48;0;1114.14,1868.36,1217.6,1940.7
837;0.5;0;1113.45,1900.59,1214.23,1969.95
838;0.41;0;1112.72,1907.54,1212.12,1979.07
839;0.38;0;1109.66,1912.03,1213.19,1983.08
845;0.36;0;1101.45,1949.07,1203.74,2019.74
848;0.45;0;1104.1,1967.27,1204.31,2039.62
849;0.61;0;1101.27,1975.87,1202.64,2048.34
850;0.43;0;1097.56,1979.82,1205.24,2056.62
851;0.5;0;1099.27,1988.13,1201.28,2059.42
852;0.53;0;1094.92,1992.01,1199.61,2065.83
853;0.39;0;1097.8,2002.39,1187.78,2063.39
854;0.58;0;1095.33,2004.45,1200.07,2081.69
855;0.46;0;1094.93,2011.06,1198.67,2083.71
856;0.44;0;562.1,1701.68,639.72,1768.14
857;0.51;0;1092.19,2022.01,1196.51,2093.43
858;0.55;0;1091.84,2028.32,1193.67,2102.99
858;0.45;0;560.17,1713.8,640.5,1781.91
859;0.58;0;1090.93,2036.25,1192.28,2109.37
860;0.55;0;1089.5,2044.24,1189.76,2114.65
861;0.4;0;1089.18,2048.58,1190.14,2118.27
864;0.46;0;1086.1,2065.09,1183.42,2135.13
866;0.39;0;556.9,1764.68,634.49,1836.26
876;0.39;0;554.21,1833.03,632.56,1901.51
877;0.43;0;556.02,1838.42,631.52,1905.54
878;0.49;0;553.19,1846.04,630.96,1914.8
879;0.36;0;554.37,1850.97,629.45,1918.13
880;0.46;0;552.28,1857.54,630.89,1926.91
893;0.38;0;545.78,1944.15,631.33,2015.24
895;0.41;0;544.34,1955.76,634.5,2030.93
897;0.4;0;543.31,1966.87,632.24,2037.75
898;0.43;0;543.56,1974.9,633.49,2047.19
899;0.53;0;543.17,1980.71,633.96,2053.23
900;0.49;0;543.02,1989.26,632.86,2060.28
902;0.51;0;541.97,2000.63,633.44,2074.61
920;0.49;0;520.46,2116.45,626.07,2160.0
948;0.4;0;3732.75,70.12,3839.32,294.04
955;0.39;0;3726.17,117.73,3839.31,331.86
957;0.37;0;3723.83,137.05,3839.68,332.84
958;0.66;0;3722.73,140.83,3839.28,332.46
959;0.6;14;3722.06,144.4,3840.0,339.01
963;0.65;14;3724.02,164.42,3830.93,339.51
964;0.39;14;3730.87,180.13,3825.84,334.31
965;0.39;14;3731.58,192.47,3820.18,333.92
968;0.42;0;2030.66,0.0,2089.49,31.69
969;0.52;0;2033.48,0.0,2084.68,37.17
970;0.54;0;2029.73,0.15,2083.26,41.28
971;0.4;0;2027.87,4.9,2082.44,48.59
972;0.52;0;2026.35,13.32,2082.54,54.68
973;0.57;0;2023.51,17.0,2082.07,63.4
974;0.62;0;2022.53,19.39,2079.67,69.22
975;0.66;15;2019.78,23.98,2078.2,74.94
976;0.61;15;2020.61,31.53,2075.2,79.15
977;0.46;15;2017.77,36.87,2075.19,87.06
978;0.43;15;2017.36,47.07,2069.8,92.72
979;0.4;15;2014.19,52.67,2068.64,99.89
980;0.55;15;2012.72,58.44,2067.18,105.7
981;0.61;15;2008.82,62.8,2066.91,113.3
982;0.37;15;2008.38,70.99,2064.63,119.9
983;0.51;15;2006.27,77.69,2061.53,125.83
985;0.53;15;2003.1,87.75,2059.41,136.79
987;0.63;15;1999.19,99.23,2056.56,149.23
988;0.48;15;1997.1,108.41,2053.56,157.74
991;0.53;15;1991.17,121.66,2049.47,172.7
993;0.43;15;1989.37,139.07,2043.9,186.54
994;0.56;15;1985.6,146.38,2042.63,195.94
995;0.4;0;1892.42,26.76,1948.35,100.13
997;0.36;0;1891.19,37.68,1946.39,112.54
998;0.42;0;1885.33,43.73,1944.66,119.45
999;0.42;0;1881.89,50.99,1942.84,126.01
1000;0.62;15;1973.95,184.21,2032.18,234.83
1001;0.51;15;1972.8,191.8,2029.18,240.96
1002;0.54;15;1970.55,197.5,2026.42,246.49
1003;0.37;15;1970.89,207.07,2024.54,254.08
1004;0.51;15;1968.7,214.54,2021.91,260.95
1005;0.39;15;1966.87,220.91,2020.63,267.58
1006;0.54;15;1965.09,225.99,2019.81,273.4
1007;0.37;15;1961.48,229.61,2018.67,279.41
1008;0.53;15;1959.8,236.59,2015.12,284.63
1009;0.55;15;1958.05,243.12,2013.54,291.22
1012;0.44;15;1953.02,257.35,2008.77,305.74
1015;0.43;0;1945.63,281.12,2000.28,328.63
1017;0.46;0;1845.38,165.04,1903.01,241.04
1018;0.47;0;1844.01,170.64,1901.65,247.79
1018;0.4;0;1940.62,300.16,1994.44,346.23
1020;0.37;0;1840.94,182.94,1897.49,262.05
1023;0.56;0;1928.04,331.6,1985.33,380.27
1023;0.45;0;1832.66,205.25,1892.24,280.93
1024;0.52;0;1830.86,209.84,1887.69,284.98
1025;0.48;0;1923.64,344.6,1978.02,391.3
1026;0.45;0;1923.3,349.45,1977.2,399.93
1029;0.5;0;1916.58,368.34,1972.44,416.96
1029;0.4;0;1820.29,243.21,1876.3,317.77
1030;0.36;0;1820.17,250.41,1872.54,323.98
1031;0.41;0;1818.1,256.21,1873.17,330.87
1032;0.6;0;1907.93,387.47,1965.63,437.52
1033;0.41;0;1808.82,270.01,1867.68,344.32
1034;0.56;0;1903.51,398.64,1962.34,451.2
1034;0.39;0;1808.17,277.33,1864.52,350.71
1035;0.46;0;1903.1,408.07,1959.68,456.33
1035;0.36;0;1806.78,280.28,1863.51,357.17
1036;0.45;0;1899.83,412.46,1956.2,462.22
1037;0.46;0;1800.06,295.2,1858.57,369.28
1037;0.42;0;1901.42,422.31,1954.0,468.22
1038;0.37;0;1798.2,301.79,1857.71,376.63
1038;0.35;0;1896.98,431.1,1951.12,473.34
1039;0.5;0;1797.35,308.26,1853.69,383.52
1039;0.36;0;1895.77,436.33,1950.0,481.27
1040;0.42;0;1795.9,313.89,1849.96,390.11
1040;0.4;0;1892.35,439.32,1949.75,489.08
1041;0.47;0;1795.65,321.71,1849.43,393.85
1044;0.5;0;1782.86,340.66,1847.01,417.71
1045;0.38;0;1880.72,471.74,1938.4,520.62
1046;0.43;0;1782.82,353.45,1841.08,426.81
1046;0.38;0;1879.4,479.19,1932.8,525.09
1047;0.53;0;1876.69,480.7,1932.14,534.09
1048;0.36;0;1773.76,367.68,1832.47,443.45
1049;0.39;0;1771.79,373.36,1832.09,448.03
1049;0.36;0;1870.96,496.63,1927.16,545.47
1051;0.44;0;1868.0,509.29,1924.21,558.96
1051;0.38;0;1771.29,384.9,1828.11,460.81
1052;0.39;0;1767.86,390.21,1824.95,467.06
1053;0.58;0;1861.98,522.34,1918.02,570.78
1054;0.37;0;1857.06,526.56,1916.87,578.15
1054;0.36;0;1759.98,406.56,1816.24,480.86
1056;0.36;0;1855.65,540.85,1913.61,591.33
1057;0.45;0;1756.48,426.25,1811.77,497.97
1058;0.39;0;1751.91,432.52,1808.11,506.92
1059;0.37;0;2452.58,0.13,2859.51,185.34
1061;0.41;0;1747.17,452.43,1801.91,526.55
1062;0.44;0;1744.24,457.87,1802.76,531.04
1065;0.4;0;1735.76,476.19,1792.35,553.15
1066;0.5;0;1733.2,483.57,1791.02,558.78
1066;0.41;0;1833.72,608.59,1890.86,654.52
1067;0.41;0;1729.57,490.09,1791.01,565.69
1067;0.35;0;1831.45,613.65,1888.68,661.77
1068;0.37;0;1728.14,497.99,1785.23,571.32
1069;0.54;0;1828.34,626.62,1881.93,673.97
1069;0.47;0;1724.78,504.8,1783.42,579.57
1070;0.43;0;1559.09,370.35,1620.77,435.88
1070;0.38;0;1824.48,630.13,1880.95,679.02
1070;0.36;0;1725.7,511.78,1778.82,585.33
1071;0.41;0;1721.74,515.76,1780.29,591.62
1072;0.49;0;1820.97,645.2,1876.38,692.19
1074;0.39;0;3595.14,3.48,3836.44,370.39
1075;0.45;0;1710.03,542.01,1768.76,618.33
1077;0.36;0;1708.3,553.81,1766.07,629.89
1078;0.43;0;1703.8,561.81,1763.82,639.6
1080;0.43;0;1698.8,574.58,1757.34,651.38
1081;0.45;0;1697.71,579.86,1754.46,656.42
1082;0.41;0;1697.71,584.33,1753.84,664.27
1084;0.36;0;1689.26,601.16,1748.75,677.72
1085;0.39;0;1687.52,610.22,1743.37,684.21
1086;0.43;0;1685.58,613.64,1742.63,691.14
1089;0.46;0;1676.76,635.98,1738.44,710.74
1090;0.46;0;1780.78,760.17,1836.59,808.72
1090;0.38;0;1676.44,642.55,1732.65,716.24
1092;0.44;0;1674.34,654.88,1729.78,728.98
1094;0.45;0;1499.69,545.28,1555.12,595.24
1097;0.45;0;1661.55,685.58,1719.2,761.37
1098;0.39;0;1658.53,693.05,1714.0,769.61
1099;0.5;0;1653.25,702.55,1712.51,777.35
1099;0.48;0;1484.78,574.19,1543.6,630.32
1101;0.38;0;1650.35,713.24,1707.46,788.85
1102;0.57;0;1649.38,720.4,1710.2,797.44
1103;0.39;0;1647.18,725.11,1706.96,805.02
1106;0.43;0;1637.67,744.07,1698.71,824.36
1107;0.4;0;1743.01,873.91,1799.35,918.27
1108;0.44;0;1634.06,760.33,1692.34,835.36
1111;0.5;0;1626.06,780.23,1689.98,855.69
1112;0.5;0;1624.85,783.54,1683.5,865.31
1113;0.49;0;1622.82,793.57,1684.39,870.83
1114;0.46;0;1726.5,914.47,1784.71,964.26
1114;0.44;0;1617.89,795.64,1687.78,877.88
1115;0.44;0;1616.04,806.15,1678.05,882.45
1118;0.6;0;1719.37,940.19,1776.57,990.35
1118;0.38;0;1437.43,708.64,1497.23,762.7
1119;0.41;0;1608.47,833.96,1670.36,910.98
1120;0.37;0;1604.34,842.66,1663.49,918.41
1123;0.37;0;1599.94,859.88,1658.34,937.97
1126;0.41;0;1591.44,880.83,1652.53,957.89
1128;0.38;0;1586.98,893.32,1645.73,971.98
1129;0.36;0;1588.51,900.67,1643.6,978.48
1133;0.41;0;1578.09,929.27,1636.38,1006.69
1134;0.37;0;1576.95,934.95,1634.5,1012.06
1135;0.42;0;1575.08,944.44,1630.39,1021.02
1136;0.35;0;1683.54,1061.27,1742.32,1109.39
1139;0.37;0;1563.43,965.78,1627.53,1046.33
1141;0.46;0;1563.57,982.0,1637.91,1060.61
1142;0.5;0;1675.44,1106.6,1729.81,1146.37
1143;0.38;0;1674.73,1110.58,1729.27,1154.88
1144;0.38;0;1556.43,1002.35,1615.98,1082.1
1145;0.39;0;1553.66,1009.79,1613.09,1087.14
1147;0.52;0;1549.37,1022.32,1611.06,1100.04
1149;0.38;0;1544.26,1036.98,1603.13,1115.5
1151;0.47;0;1540.65,1049.87,1603.1,1131.06
1155;0.4;0;1533.79,1079.23,1594.2,1156.62
1158;0.43;0;1531.34,1099.69,1583.2,1176.93
1159;0.42;0;1528.27,1106.19,1585.51,1183.96
1180;0.57;0;1167.34,309.21,1217.26,354.49
1187;0.36;0;1146.05,362.06,1194.02,402.87
1260;0.39;0;1502.24,1880.3,1563.21,1925.07
1274;0.41;0;1357.03,1874.58,1417.68,1954.02
1281;0.35;0;2708.48,0.82,3213.69,331.13
1323;0.45;0;1157.15,363.32,1217.43,413.94
1328;0.4;0;1147.22,396.44,1209.56,445.58
1344;0.41;0;0.15,1477.54,87.6,1600.5
1345;0.53;0;0.34,1481.44,88.24,1606.17
1346;0.45;0;0.12,1485.46,92.77,1612.06
1349;0.45;0;0.0,1512.02,83.52,1639.42
1357;0.42;0;1107.67,590.38,1174.65,644.56
1362;0.5;0;1098.09,624.66,1164.3,678.87
1545;0.35;0;2345.13,20.1,2430.03,106.21
1546;0.46;0;2341.33,23.26,2428.9,119.92
1572;0.44;0;2247.45,166.96,2333.34,256.54
1591;0.39;0;3766.62,6.58,3839.3,166.93
1616;0.36;0;3786.8,697.99,3840.0,789.29
1617;0.38;0;3781.38,699.5,3840.0,789.66
1618;0.39;0;3775.34,700.34,3839.02,797.94
1621;0.52;0;3764.14,707.73,3839.48,800.93
1622;0.56;0;3762.36,709.83,3839.76,801.59
1627;0.55;0;3749.19,712.23,3838.99,807.29
1628;0.43;0;3742.69,712.46,3837.42,809.34
1630;0.47;0;3735.32,712.86,3839.09,805.17
1631;0.46;0;3727.91,713.69,3836.72,804.36
1632;0.49;0;3725.01,714.94,3838.07,807.73
1633;0.44;0;3725.02,713.93,3837.79,807.64
1634;0.36;0;3720.08,714.19,3837.74,811.28
1657;0.38;0;679.23,1879.19,701.11,1900.89
1658;0.39;0;3629.46,710.15,3785.5,814.26
1661;0.41;0;3620.95,704.33,3777.53,811.94
1665;0.37;0;3600.46,703.61,3758.78,811.62
1666;0.35;0;3596.06,702.86,3753.56,811.5
1667;0.4;0;3594.94,697.95,3752.53,810.45
1668;0.36;0;3583.69,695.98,3748.83,811.83
1669;0.41;0;3582.93,697.46,3738.49,812.08
1688;0.35;0;366.69,1.23,512.46,49.23
1693;0.57;0;3475.63,675.52,3633.53,788.94
1698;0.35;0;3452.7,673.05,3608.51,786.48
1699;0.41;0;3453.8,671.78,3607.23,786.94
1708;0.41;0;3408.12,654.47,3558.7,784.75
1709;0.53;0;3409.34,653.75,3559.22,783.04
1710;0.56;0;3400.43,652.35,3555.03,785.87
1713;0.39;0;3386.31,651.53,3537.67,784.82
1714;0.38;0;3383.74,652.16,3536.62,788.52
1715;0.41;0;3378.3,651.15,3531.1,786.65
1716;0.48;0;3370.29,654.2,3516.63,785.43
1718;0.42;0;3016.05,836.19,3119.64,912.28
1720;0.38;0;3012.79,839.82,3109.9,913.63
1722;0.38;0;3340.1,653.95,3501.17,795.0
1724;0.43;0;3335.93,651.21,3489.86,791.37
1725;0.66;0;3332.38,652.85,3486.12,789.52
1726;0.53;16;3330.05,655.13,3481.32,789.59
1728;0.39;0;2981.82,853.68,3081.73,930.87
1730;0.52;16;3315.47,661.46,3462.49,791.93
1731;0.52;0;2966.7,860.67,3072.62,940.23
1732;0.51;16;3304.4,664.72,3453.37,796.53
1733;0.43;0;2964.05,868.44,3062.66,941.95
1736;0.45;0;3287.33,666.94,3439.42,802.56
1737;0.41;0;3282.67,668.61,3433.34,809.13
1738;0.37;0;2942.28,875.96,3044.51,955.7
1741;0.46;0;3268.81,669.03,3418.11,814.79
1742;0.52;16;3256.98,669.99,3419.15,814.39
1743;0.49;16;3251.53,671.42,3411.86,814.95
1744;0.42;16;3246.57,674.79,3405.9,817.57
1747;0.51;16;3242.28,678.7,3395.29,816.01
1748;0.46;16;3235.32,681.34,3390.14,820.5
1752;0.68;16;3225.07,687.44,3375.55,822.69
1753;0.39;16;3215.74,689.65,3371.26,830.08
1755;0.44;16;3203.83,692.73,3361.96,836.04
1758;0.45;16;3195.82,693.55,3351.94,835.7
1759;0.42;0;365.73,1.44,770.03,371.15
1762;0.52;16;3176.94,702.5,3338.49,850.37
1765;0.55;16;3172.85,710.4,3326.23,850.73
1766;0.41;0;2847.65,953.34,2956.41,1031.37
1767;0.37;0;2845.07,957.76,2951.13,1033.18
1768;0.36;0;2844.02,961.48,2944.89,1035.28
1770;0.45;0;3151.21,718.85,3298.49,861.94
1772;0.5;16;3139.42,722.36,3304.58,875.36
1775;0.53;0;2822.52,986.51,2930.93,1059.56
1777;0.44;0;2818.31,989.37,2920.59,1067.26
1778;0.48;0;3125.59,735.7,3275.17,887.43
1779;0.6;16;3118.45,741.38,3277.57,890.17
1780;0.43;16;3114.98,743.54,3271.59,891.5
1781;0.36;16;3109.87,747.29,3270.77,901.31
1784;0.52;16;3102.93,753.41,3260.04,904.96
1785;0.49;16;3097.36,758.96,3254.52,911.72
1786;0.4;16;3095.15,761.46,3249.45,912.17
1787;0.35;16;3092.05,764.8,3250.1,920.41
1789;0.38;16;3087.42,769.55,3243.71,924.37
1792;0.38;16;3080.92,778.35,3233.52,930.12
1793;0.53;16;3075.73,782.99,3226.71,933.65
1794;0.49;16;3072.55,785.71,3224.67,938.04
1795;0.62;16;3071.48,789.93,3219.37,938.02
1801;0.36;16;3057.06,803.52,3209.15,956.43
1802;0.6;16;3052.16,811.9,3201.37,961.79
1803;0.41;0;2750.89,1091.26,2855.14,1169.59
1832;0.6;0;81.82,0.6,231.6,70.73
1832;0.41;0;171.15,1503.96,318.74,1632.26
1833;0.74;17;63.53,0.88,241.21,84.23
1834;0.5;17;56.8,0.95,246.56,90.4
1835;0.64;17;45.21,1.39,249.47,98.4
1836;0.55;19;176.25,1541.1,314.29,1662.46
1837;0.52;19;174.21,1549.55,317.4,1675.55
1837;0.51;17;8.26,2.41,251.28,119.37
1838;0.52;19;171.55,1560.51,315.33,1687.36
1838;0.73;17;0.0,2.57,254.37,130.12
1839;0.44;19;172.26,1574.32,315.54,1701.1
1839;0.59;17;0.0,1.54,257.72,139.38
1840;0.74;17;0.0,1.19,266.26,151.39
1841;0.39;17;0.0,5.26,258.85,160.12
1842;0.5;17;0.0,4.64,260.75,170.34
1843;0.37;0;14.01,27.06,194.88,185.4
1855;0.35;0;2934.62,1016.7,3080.71,1175.36
1863;0.39;0;2922.54,1055.13,3068.09,1219.17
1866;0.45;0;2915.33,1066.55,3061.15,1223.09
1866;0.41;0;154.34,1815.87,294.81,1939.64
1871;0.39;0;153.13,1860.14,288.79,1983.89
1871;0.36;0;80.25,2.82,378.66,247.02
1872;0.45;0;157.94,1870.42,293.5,1993.25
1881;0.37;0;159.02,1949.38,282.8,2070.86
1906;0.37;0;0.07,157.96,269.43,656.12
1911;0.43;0;1416.2,80.62,1470.8,126.51
1916;0.36;0;0.29,812.2,297.06,1447.02
1917;0.37;0;0.34,817.63,287.37,1443.54
1930;0.38;0;0.66,923.76,275.39,1544.75
1933;0.44;0;1.39,398.24,212.36,879.26
1933;0.41;0;0.45,963.07,272.04,1583.31
1937;0.41;0;0.0,968.11,274.85,1611.33
1938;0.37;0;2.85,447.68,207.14,922.86
1939;0.39;0;0.05,1019.36,263.27,1629.36
1940;0.42;0;0.0,1012.7,278.97,1654.67
1940;0.4;0;3.16,487.86,191.28,938.31
1941;0.42;0;3.46,496.2,192.4,946.89
1942;0.35;0;4.06,481.6,195.83,954.23
1943;0.42;0;4.91,493.3,196.42,975.66
1944;0.45;0;3.47,484.34,203.6,980.22
1945;0.39;0;1.48,523.74,189.88,978.37
1945;0.35;0;0.0,1119.87,254.34,1714.77
1946;0.47;0;2.85,519.67,194.36,1010.92
1946;0.36;0;0.0,1375.3,305.8,1991.96
1947;0.47;0;2.65,515.19,200.07,1012.1
1948;0.44;0;2.61,528.4,207.01,1029.28
1949;0.37;0;3.06,527.85,199.77,1040.21
1950;0.48;0;1.02,528.92,194.5,1054.7
1951;0.37;0;1.9,548.09,195.4,1064.51
1951;0.37;0;0.15,0.71,166.28,70.03
1952;0.43;0;2.83,565.76,195.3,1083.11
1953;0.36;0;2.56,557.68,193.59,1064.98
1954;0.36;0;1.94,582.47,201.41,1091.18
1958;0.35;0;0.14,1539.55,294.25,2157.85
1960;0.45;0;0.0,1566.8,285.54,2066.64
1960;0.38;0;0.0,1202.4,241.11,1843.46
1961;0.35;0;0.29,1624.62,298.12,2160.0
1963;0.37;0;0.12,1586.61,290.02,2160.0
1964;0.37;0;0.71,789.0,114.54,1029.13
1967;0.41;0;0.33,1599.04,288.76,2160.0
1967;0.39;0;0.01,1255.78,239.14,1896.9
1968;0.38;0;0.0,1272.85,240.74,1900.63
1968;0.38;0;0.16,1641.29,287.02,2160.0
1969;0.39;0;0.2,1651.98,284.36,2160.0
1969;0.39;0;0.26,887.09,107.39,1061.22
1970;0.48;0;0.25,893.91,108.63,1066.94
1970;0.39;0;0.12,1650.1,285.62,2160.0
1971;0.39;0;0.47,876.13,107.11,1084.91
1971;0.39;0;0.0,1304.81,234.68,1933.42
1971;0.38;0;0.29,1655.8,284.53,2160.0
1972;0.55;0;0.33,911.29,106.86,1089.61
1972;0.41;0;0.0,1313.71,248.76,1919.21
1972;0.38;0;0.0,1613.55,291.12,2160.0
1973;0.51;0;0.0,905.22,95.87,1089.34
1973;0.43;0;0.23,1653.11,284.4,2160.0
1973;0.38;0;1.06,1752.94,274.4,2148.5
1973;0.35;0;0.96,1357.36,222.34,1952.65
1974;0.41;0;0.21,1651.04,284.76,2160.0
1974;0.38;0;0.0,894.69,98.45,1113.59
1975;0.57;0;0.0,934.5,96.52,1104.22
1976;0.38;0;0.0,926.93,89.82,1100.71
1976;0.36;0;0.15,833.64,93.79,1106.05
1976;0.36;0;0.71,1348.87,226.13,1974.08
1977;0.43;0;0.21,937.0,96.6,1124.17
1977;0.4;0;0.93,1423.65,221.31,1956.26
1978;0.52;0;0.0,966.92,91.88,1117.05
1978;0.44;0;0.1,1714.27,281.94,2160.0
1978;0.44;0;0.46,1845.39,269.27,2155.77
1978;0.4;0;0.35,1400.71,223.91,1984.67
1978;0.38;0;0.0,1608.99,294.29,2160.0
1979;0.6;0;0.0,971.75,89.21,1131.66
1979;0.45;0;0.34,1860.93,270.44,2156.23
1980;0.56;0;0.02,970.24,89.46,1137.12
1980;0.52;0;0.0,1833.63,271.93,2156.55
1980;0.43;0;0.0,1704.69,285.08,2160.0
1980;0.38;0;0.0,1597.85,297.31,2160.0
1981;0.55;0;0.0,1874.1,271.0,2156.72
1981;0.46;0;0.0,974.55,83.94,1138.49
1981;0.4;0;1.22,1753.0,286.17,2158.45
1982;0.48;0;0.0,984.21,85.46,1149.36
1982;0.4;0;0.0,1867.18,271.91,2157.1
1983;0.51;0;0.0,1863.67,270.07,2157.02
1983;0.39;0;0.0,976.07,85.13,1148.45
1983;0.37;0;1.1,1749.27,285.06,2158.32
1984;0.52;0;0.0,1890.37,268.22,2157.77
1985;0.52;0;0.0,1862.0,269.58,2158.5
1985;0.36;0;0.88,1737.88,283.35,2158.96
1986;0.55;0;0.0,1851.18,270.05,2158.76
1986;0.42;0;0.97,1737.11,285.83,2159.62
1986;0.36;0;0.0,882.31,125.65,1193.02
1987;0.41;0;1.81,1887.46,276.54,2157.04
1988;0.45;0;0.0,1853.3,269.77,2158.71
1989;0.4;0;0.21,1044.99,78.29,1180.79
1990;0.4;0;0.21,1054.7,77.18,1199.69
1990;0.38;0;2.03,1938.37,269.78,2157.21
1992;0.43;0;1.76,1633.69,206.56,2160.0
1997;0.49;0;1.16,1675.49,203.95,2160.0
2011;0.36;0;1.6,4.25,123.6,114.96
2025;0.36;0;1.31,0.0,152.45,400.56
2032;0.4;0;3776.92,317.39,3839.38,465.71
2033;0.41;0;3774.63,328.06,3839.29,465.54
2034;0.38;0;3771.73,335.42,3839.65,484.96
2035;0.56;0;3767.14,335.94,3839.39,459.39
2036;0.46;0;3763.62,331.38,3839.33,466.41
2045;0.44;0;3738.43,371.62,3839.18,514.96
2050;0.36;0;3727.83,393.62,3838.67,561.59
2053;0.37;0;1007.95,1134.16,1061.18,1182.99
2068;0.44;0;976.45,1246.6,1036.85,1302.82
2069;0.44;0;975.23,1252.86,1034.4,1309.53
2074;0.65;0;967.43,1296.15,1024.2,1348.88
2090;0.59;0;931.94,1406.54,1012.28,1471.28
2117;0.36;0;886.76,1608.15,945.18,1662.23
2134;0.4;0;868.21,1729.72,925.26,1784.69
2146;0.44;0;3766.83,408.67,3839.22,516.84
2147;0.48;0;851.93,1831.2,908.72,1880.86
2147;0.44;0;3762.97,414.12,3839.21,528.45
2151;0.44;0;3751.8,397.81,3839.75,538.58
2152;0.5;0;3746.92,391.89,3839.57,539.52
2152;0.47;0;845.5,1866.26,903.13,1917.87
2152;0.36;0;3748.3,306.19,3839.99,562.51
2153;0.58;0;843.02,1875.48,899.98,1928.13
2155;0.45;0;843.02,1886.84,902.37,1942.9
2156;0.45;0;3734.85,413.93,3838.97,560.63
2159;0.36;0;3728.5,431.17,3838.18,561.72
2159;0.35;0;841.71,1919.35,896.56,1971.62
2160;0.47;0;841.06,1923.0,896.45,1980.5
2160;0.45;0;3726.12,436.92,3838.59,560.61
2161;0.66;0;3723.59,442.45,3839.22,565.31
2163;0.54;21;3725.81,447.55,3835.68,564.19
2164;0.55;21;3720.87,447.47,3838.01,571.77
2165;0.55;21;3718.17,450.04,3835.79,574.54
2166;0.73;21;3713.58,451.73,3833.58,578.25
2169;0.42;21;3711.37,455.05,3831.23,580.68
2170;0.41;21;3706.19,460.87,3834.15,594.7
2172;0.37;21;3705.47,471.43,3831.53,602.26
2173;0.47;21;3705.67,476.3,3829.1,602.89
2174;0.46;21;3699.83,474.76,3830.56,607.85
2180;0.49;21;3694.07,489.38,3824.34,619.05
2181;0.66;21;3692.59,499.14,3821.27,624.27
2183;0.47;21;3686.9,504.17,3821.24,632.56
2189;0.61;21;3677.47,519.58,3811.33,644.08
2359;0.38;0;2694.3,4.07,2759.21,68.1
2360;0.41;0;2690.02,4.32,2756.18,70.4
2361;0.5;0;2687.39,6.32,2750.37,72.6
2363;0.44;0;2676.55,13.33,2741.09,78.74
2364;0.46;0;2673.9,16.95,2736.39,81.5
2365;0.37;0;2668.08,18.2,2734.09,85.72
2367;0.42;0;2659.69,24.22,2725.74,91.28
2385;0.36;0;2594.46,77.41,2660.0,149.36
2386;0.38;0;2591.14,82.19,2656.39,152.71
2387;0.38;0;2585.86,85.96,2651.87,156.73
2389;0.51;0;2581.35,93.04,2647.38,161.68
2390;0.35;0;2576.73,96.11,2645.08,165.37
2391;0.46;0;2572.6,98.57,2639.2,166.93
2392;0.48;0;2570.2,100.02,2637.21,169.66
2393;0.47;0;2568.24,104.63,2633.0,172.15
2395;0.49;0;2558.86,111.49,2624.27,176.52
2396;0.38;0;2558.59,115.01,2623.09,180.36
2399;0.42;0;2545.21,123.56,2613.1,190.39
2402;0.37;0;2535.39,134.8,2606.25,199.46
2403;0.64;0;2534.31,136.02,2600.87,203.05
2404;0.36;0;2531.49,138.99,2600.26,207.41
2407;0.35;0;2521.5,147.54,2591.02,215.52
2411;0.38;0;2510.58,160.69,2577.61,229.43
2412;0.35;0;2504.69,165.12,2573.99,233.72
2415;0.4;0;2497.59,175.87,2563.84,241.97
2417;0.46;0;2489.26,182.82,2555.24,247.88
2430;0.39;0;3006.24,0.81,3262.18,69.35
2431;0.41;0;2997.77,0.95,3246.93,67.6
2443;0.46;0;2419.96,267.1,2490.11,332.84
2445;0.37;0;2936.91,0.0,3268.41,156.64
2447;0.36;0;2413.54,282.07,2480.86,347.75
2448;0.45;0;2931.0,0.0,3290.25,167.69
2449;0.39;0;2920.15,0.38,3298.24,159.42
2452;0.4;0;2873.57,0.13,3247.45,166.38
2453;0.41;0;2888.44,0.37,3242.11,169.38
2455;0.43;0;2391.58,308.6,2463.33,375.06
2458;0.38;0;2386.35,320.33,2452.73,388.2
2478;0.6;0;922.58,2.0,1063.25,106.44
2482;0.48;0;909.13,3.9,1051.75,140.13
2484;0.39;0;901.68,22.43,1049.84,159.96
2491;0.38;0;2308.59,439.81,2379.06,507.61
2527;0.5;0;2249.55,586.2,2307.35,646.99
2528;0.53;0;2245.79,590.57,2308.05,653.09
2529;0.6;0;2243.34,592.03,2305.8,655.99
2530;0.53;23;2242.64,595.11,2304.39,658.34
2533;0.63;23;2238.54,605.12,2301.14,669.26
2534;0.52;23;2235.03,610.92,2298.88,676.27
2535;0.61;23;2233.73,615.56,2297.32,680.56
2536;0.7;23;2230.62,618.76,2295.0,684.46
2537;0.44;23;2229.83,623.91,2293.17,688.28
2539;0.43;23;2225.4,631.56,2290.84,697.99
2540;0.52;23;2222.48,635.67,2288.32,702.58
2541;0.56;23;2220.12,639.3,2285.5,705.81
2542;0.64;23;2219.15,643.13,2283.78,708.66
2543;0.7;23;2217.44,647.52,2281.8,712.76
2544;0.75;23;2215.25,650.72,2280.61,717.17
2545;0.7;23;2213.86,655.03,2279.53,721.67
2546;0.58;23;2210.04,658.27,2278.06,727.46
2547;0.58;23;2206.89,661.9,2277.58,734.17
2548;0.57;23;2203.53,665.77,2277.06,741.77
2549;0.55;23;2203.27,670.81,2275.96,746.91
2551;0.35;23;2202.11,675.84,2270.32,747.13
2552;0.36;23;2202.21,682.18,2266.33,749.06
2553;0.47;23;2200.19,687.24,2263.31,752.4
2554;0.5;23;2199.36,691.94,2262.2,756.36
2555;0.54;23;2196.11,696.8,2259.72,761.65
2556;0.54;23;2195.55,700.02,2259.67,764.99
2557;0.56;23;2192.49,705.3,2257.06,770.27
2558;0.6;23;2191.17,710.2,2255.71,774.7
2559;0.74;23;2191.25,714.25,2255.29,778.1
2560;0.63;23;2189.45,718.87,2255.45,784.69
2561;0.51;23;2188.27,723.83,2252.21,787.66
2570;0.51;0;2176.26,762.65,2232.22,822.13
2571;0.39;0;2175.41,766.16,2230.52,823.8
2575;0.35;0;2167.51,779.76,2225.84,843.09
2577;0.51;0;2164.3,788.38,2221.05,848.63
2578;0.41;0;2161.53,791.14,2219.82,855.43
2579;0.45;0;2161.2,796.61,2218.21,859.22
2580;0.6;0;2159.39,801.66,2216.29,860.95
2582;0.54;0;2156.95,809.4,2215.85,871.17
2582;0.37;0;865.65,345.95,957.83,435.41
2583;0.53;0;2154.22,814.0,2213.31,874.31
2584;0.39;0;2152.18,817.56,2214.64,881.72
2585;0.48;0;2149.26,819.91,2214.77,884.3
2586;0.57;0;2149.21,827.31,2211.15,887.23
2592;0.57;0;2134.75,847.97,2203.84,916.88
2593;0.64;0;2136.13,852.8,2202.15,919.62
2594;0.68;24;2135.18,856.39,2200.29,922.27
2595;0.59;24;2134.78,860.42,2199.8,926.11
2596;0.42;24;2132.54,866.27,2196.08,930.29
2597;0.55;24;2130.76,869.28,2194.61,933.45
2603;0.46;0;2121.82,894.28,2187.48,961.92
2604;0.52;0;2118.57,900.13,2184.76,966.93
2605;0.44;0;2115.73,904.83,2185.6,970.31
2606;0.39;0;2116.64,909.4,2184.23,975.27
2607;0.51;0;2116.84,913.18,2181.91,978.16
2608;0.53;0;2112.83,915.09,2182.18,983.51
2609;0.53;0;2114.03,921.39,2181.68,989.31
2610;0.38;0;2110.58,925.41,2181.01,992.76
2613;0.4;0;3650.44,1.51,3785.3,49.33
2614;0.41;0;3650.39,1.3,3787.19,51.28
2615;0.54;0;3653.65,0.61,3787.84,57.11
2615;0.54;0;2110.26,950.34,2173.65,1012.87
2616;0.56;0;2110.51,953.89,2171.56,1015.99
2616;0.43;0;3653.52,0.2,3781.01,60.24
2617;0.38;0;2111.2,959.71,2169.52,1021.59
2619;0.36;0;3642.0,2.49,3782.26,86.6
2620;0.45;0;3642.24,2.58,3781.26,89.3
2634;0.48;0;2082.04,1027.02,2149.26,1088.53
2635;0.54;0;2080.71,1029.88,2147.5,1094.05
2636;0.55;0;2079.26,1030.91,2147.46,1097.7
2638;0.39;0;2076.61,1042.31,2146.73,1106.59
2640;0.37;0;2075.81,1053.51,2144.27,1112.74
2693;0.42;0;2047.41,1290.79,2116.72,1353.57
2698;0.44;0;2048.42,1316.71,2115.07,1375.65
2701;0.38;0;2046.77,1326.02,2114.92,1389.45
2703;0.47;0;2047.41,1334.82,2114.75,1397.8
2704;0.38;0;2048.83,1341.61,2116.26,1402.16
2716;0.46;0;2054.63,1399.86,2124.98,1461.21
2717;0.39;0;2056.49,1407.17,2125.13,1467.67
2718;0.35;0;2057.3,1410.94,2127.84,1470.51
2721;0.47;0;2060.08,1428.63,2129.36,1485.46
2722;0.49;0;2060.8,1433.25,2129.88,1492.39
2723;0.43;0;2063.65,1437.36,2131.83,1497.51
2724;0.43;0;2063.63,1440.29,2131.39,1504.27
2736;0.35;0;2069.24,1504.9,2141.46,1564.7
2742;0.56;0;2075.25,1535.73,2144.84,1594.13
2743;0.4;0;2077.69,1539.94,2144.15,1599.39
2744;0.49;0;2077.74,1546.82,2145.31,1603.9
2745;0.49;0;2079.25,1552.75,2146.97,1609.88
2746;0.43;0;2079.47,1557.1,2149.72,1615.04
2753;0.42;0;2311.92,732.16,2570.8,963.5
2769;0.37;0;2104.9,1675.81,2172.56,1735.34
2770;0.36;0;2106.19,1682.34,2175.66,1742.02
2791;0.4;0;2124.77,1798.33,2188.42,1852.8
2805;0.36;0;2125.02,1866.89,2197.47,1925.55
2806;0.43;0;2125.65,1870.79,2197.03,1930.94
2812;0.4;0;2130.42,1901.79,2201.43,1961.91
2813;0.44;0;2132.67,1908.58,2200.25,1966.34
2814;0.4;0;2134.65,1913.35,2200.87,1973.97
2815;0.37;0;2134.91,1918.59,2202.17,1976.12
2819;0.38;0;2137.17,1938.58,2203.73,1997.63
2820;0.35;0;2134.01,1940.69,2204.07,2002.38
2824;0.36;0;2133.96,1961.64,2204.31,2023.2
2825;0.4;0;2134.54,1965.81,2204.3,2028.89
2827;0.35;0;2134.8,1977.88,2204.86,2039.38
2829;0.36;0;2135.45,1989.55,2204.89,2049.43
2892;0.5;0;2332.21,883.6,2591.29,1111.19
2986;0.36;0;2373.48,972.61,2640.82,1210.58
2994;0.48;0;2371.11,979.02,2634.36,1222.64
2995;0.52;0;2363.46,991.13,2633.74,1231.42
2998;0.58;0;2377.38,995.49,2623.68,1230.73
3007;0.39;0;2385.84,1014.81,2632.95,1238.05
3238;0.42;0;437.27,0.0,944.15,173.52
3239;0.41;0;495.68,0.0,949.06,174.58
3283;0.4;0;3178.73,0.71,3339.31,53.65
3524;0.41;0;3111.34,1.97,3337.99,159.9
3527;0.41;0;3113.93,13.12,3327.92,175.78
3529;0.42;0;3112.76,15.86,3332.51,196.05
3533;0.37;0;3118.13,71.01,3323.07,217.84
3535;0.39;0;3119.38,91.33,3318.85,234.58
3695;0.46;0;0.0,1.6,340.44,407.6
3696;0.4;0;1.25,0.49,347.27,449.04
3700;0.37;0;1.74,0.0,355.75,451.01
3738;0.36;0;0.41,0.82,108.54,65.83
3742;0.47;0;0.11,0.08,112.11,93.71
3743;0.38;0;0.08,0.0,116.68,99.36
3744;0.35;0;0.14,1.33,113.05,98.49
3745;0.37;0;0.85,0.68,115.74,98.32
3820;0.39;0;0.0,1.32,184.76,176.72
3823;0.47;0;0.0,0.0,184.79,198.88
3827;0.46;0;0.11,0.0,189.95,224.63
3835;0.36;0;0.04,0.0,224.55,309.24
3836;0.41;0;0.0,0.0,223.77,325.47
3838;0.36;0;0.0,0.0,257.62,339.37
3843;0.4;0;0.81,3.69,242.67,320.82
3846;0.37;0;0.38,0.0,234.43,371.29
3878;0.38;0;0.0,0.0,215.4,306.74
3881;0.36;0;0.0,0.0,218.48,322.92
3882;0.37;0;0.0,1.42,216.92,404.34
3885;0.39;0;0.0,1.33,220.21,390.53
3886;0.45;0;0.0,0.74,218.25,397.29
3887;0.37;0;0.0,1.81,219.11,395.37
3889;0.44;0;0.0,2.79,218.98,386.3
3893;0.4;0;0.67,0.0,226.29,473.28
3894;0.47;0;0.7,0.0,225.64,468.96
3895;0.48;0;0.73,0.0,223.99,465.87
3896;0.45;0;0.0,0.0,227.78,539.99
3897;0.44;0;0.18,0.0,227.68,533.19
3898;0.45;0;0.95,0.0,223.02,453.54
3899;0.48;0;1.03,0.0,222.39,459.94
3900;0.41;0;1.03,0.0,222.01,462.35
3901;0.43;0;0.0,0.0,226.73,533.61
3902;0.47;0;0.21,0.0,225.81,530.28
3903;0.49;0;0.36,0.0,225.01,527.19
3904;0.44;0;0.0,0.0,235.35,595.59
3905;0.41;0;0.0,0.0,232.18,592.15
3906;0.38;0;0.16,0.0,227.66,584.28
3907;0.47;0;0.76,0.0,224.74,562.68
3908;0.42;0;0.8,22.72,223.94,572.4
3909;0.44;0;0.7,30.43,224.46,570.09
3910;0.41;0;0.63,28.45,226.44,582.03
3911;0.42;0;0.67,0.0,224.67,559.44
3912;0.44;0;1.15,12.04,223.46,561.83
3913;0.43;0;0.4,0.0,225.6,572.12
3914;0.35;0;0.53,0.0,225.6,583.17
3915;0.35;0;0.59,0.0,224.62,575.23
3916;0.39;0;0.65,47.97,224.91,626.4
3918;0.37;0;0.29,46.88,227.37,632.01
3919;0.36;0;0.04,28.87,228.16,633.65
3920;0.38;0;0.75,25.82,224.74,614.45
3921;0.35;0;0.5,31.52,225.67,625.95
3922;0.4;0;0.8,48.17,224.45,624.43
3922;0.39;0;0.0,1.28,79.71,76.04
3924;0.37;0;1.02,34.64,223.84,590.25
3924;0.36;0;0.11,2.76,81.63,93.12
3925;0.42;0;0.0,2.16,80.75,97.76
3926;0.53;0;0.12,4.2,81.74,98.15
3927;0.37;0;0.34,86.43,226.95,681.18
3927;0.35;0;0.02,2.42,86.32,105.76
3928;0.44;0;0.1,2.68,87.0,110.06
3928;0.39;0;0.71,85.11,224.87,666.89
3929;0.49;0;0.17,2.73,85.01,115.97
3930;0.59;0;0.44,2.29,81.86,120.19
3931;0.56;0;0.28,4.25,82.79,121.15
3932;0.37;0;0.3,6.94,85.94,132.78
3933;0.5;0;0.74,8.44,84.06,139.07
3934;0.55;0;0.65,17.61,84.67,143.4
3935;0.63;0;0.16,28.84,82.68,144.52
3936;0.51;25;0.01,32.45,84.52,150.93
3937;0.56;25;0.11,40.08,85.34,159.59
3938;0.52;25;0.0,43.86,85.96,165.88
3939;0.61;25;0.17,52.17,83.22,168.73
3940;0.47;25;0.16,57.27,83.38,174.07
3941;0.44;25;0.0,58.85,87.39,183.31
3942;0.52;25;0.0,65.68,86.46,190.09
3943;0.55;25;0.0,73.67,84.45,193.4
3944;0.51;25;0.11,79.37,83.2,196.69
3945;0.56;25;2.42,89.47,83.14,202.67
3946;0.5;25;0.0,91.17,85.09,211.23
3947;0.6;25;0.4,99.45,84.06,217.21
3948;0.54;25;0.7,104.78,82.59,219.87
3949;0.53;25;2.48,114.59,82.53,226.26
3950;0.55;25;0.0,116.33,85.16,236.41
3951;0.53;25;0.69,121.54,85.91,240.91
3952;0.53;25;0.72,128.1,83.65,244.06
3953;0.48;25;2.15,137.53,81.94,248.37
3954;0.54;25;0.0,139.19,83.95,257.58
3955;0.58;25;0.63,146.37,84.37,263.21
3956;0.47;25;0.84,153.66,83.69,268.98
3957;0.52;25;2.11,164.25,83.47,276.79
3958;0.46;25;0.0,165.57,85.9,285.31
3959;0.58;25;1.64,173.12,86.41,290.28
3960;0.47;25;2.4,182.93,83.1,293.63
3961;0.57;25;1.54,188.51,85.46,303.58
3962;0.48;25;0.41,191.6,85.77,308.86
3963;0.53;25;1.62,200.44,83.96,312.9
3964;0.35;25;2.82,208.98,82.59,316.98
3965;0.42;25;0.28,211.3,86.43,328.46
3966;0.48;25;0.41,217.2,86.31,334.06
3967;0.44;25;0.95,225.09,84.25,338.09
3969;0.49;25;1.07,236.4,84.47,349.43
3970;0.54;25;1.41,244.59,84.02,356.22
3971;0.56;25;1.94,252.46,82.33,360.48
3972;0.38;25;3.51,260.86,81.69,364.74
3973;0.42;25;2.09,265.31,82.8,372.22
3974;0.56;25;1.16,270.77,83.74,380.12
3975;0.49;25;2.05,278.98,82.45,384.72
3976;0.37;0;0.89,378.14,224.61,955.93
3977;0.4;0;0.45,286.05,82.76,398.67
3978;0.48;0;0.34,293.8,83.92,402.79
3978;0.35;0;1.26,433.9,225.58,832.42
3979;0.41;0;0.05,302.85,84.92,407.91
3981;0.36;0;0.49,309.61,84.03,422.1
3984;0.36;0;0.45,506.11,228.0,929.0
3988;0.48;0;0.38,357.7,93.2,463.15
3989;0.38;0;0.86,356.84,93.77,473.24
3990;0.55;25;3.67,366.27,88.13,475.76
3992;0.36;25;5.41,378.59,90.88,486.76
3993;0.38;25;5.3,383.92,94.63,495.16
3994;0.54;25;4.03,390.17,96.16,503.98
3995;0.38;25;5.25,396.2,96.5,506.94
4000;0.4;0;0.0,547.82,242.34,1171.05
4002;0.36;0;0.12,525.64,237.35,1116.3
4003;0.37;0;0.83,564.48,228.23,1104.21
4007;0.36;0;0.0,557.58,240.44,1170.16
4009;0.38;0;0.0,578.24,238.23,1167.81
4010;0.36;0;0.0,601.51,243.87,1223.27
4012;0.4;0;0.0,610.34,239.15,1215.95
4017;0.38;0;1.26,144.2,189.77,667.68
4017;0.36;0;0.0,622.49,238.73,1220.56
4018;0.37;0;0.0,611.02,242.16,1218.92
4019;0.37;0;0.0,653.3,241.65,1262.71
4020;0.45;0;0.0,643.92,246.63,1270.6
4022;0.41;0;0.0,666.77,241.0,1266.11
4022;0.39;0;0.34,715.91,240.84,1131.28
4023;0.36;0;0.0,657.93,239.86,1266.05
4027;0.43;0;0.0,680.73,250.2,1317.71
4028;0.37;0;0.0,670.53,251.46,1318.39
4032;0.42;0;0.0,641.16,245.02,1255.08
4032;0.37;0;0.0,749.4,249.8,1183.9
4037;0.36;0;0.0,664.36,245.82,1304.5
4038;0.39;0;0.0,644.73,254.11,1310.91
4039;0.42;0;0.0,681.8,248.48,1302.3
4040;0.36;0;0.0,732.73,250.41,1362.07
4041;0.41;0;0.0,716.47,255.17,1366.0
4047;0.38;0;0.0,692.22,260.65,1363.81
4048;0.48;0;0.0,832.0,259.52,1302.79
4048;0.36;0;0.0,650.27,260.58,1318.38
4056;0.35;0;0.0,797.35,268.99,1466.95
4057;0.39;0;0.0,816.87,266.81,1464.83
4065;0.37;0;0.0,723.33,265.97,1338.02
4066;0.36;0;0.1,723.25,266.99,1347.05
4068;0.39;0;0.0,722.57,263.12,1332.47
4074;0.38;0;0.0,923.76,283.44,1609.99
4074;0.35;0;0.08,768.44,271.24,1397.91
4075;0.39;0;0.0,731.19,281.74,1420.9
4076;0.39;0;0.21,773.87,264.45,1389.78
4076;0.36;0;0.0,905.73,267.9,1562.67
4077;0.38;0;0.2,771.99,266.07,1385.64
4083;0.36;0;0.0,943.42,275.77,1611.1
4083;0.36;0;0.2,820.82,270.9,1444.12
4084;0.38;0;0.26,819.78,269.79,1445.99
4085;0.43;0;0.13,820.34,268.88,1437.58
4085;0.37;0;0.0,939.72,271.85,1611.65
4086;0.36;0;0.23,818.4,266.9,1437.53
4092;0.38;0;0.0,866.51,270.17,1487.31
4094;0.41;0;0.0,871.9,265.07,1480.72
4094;0.37;0;0.0,1004.51,261.91,1655.9
4095;0.36;0;0.1,867.24,267.63,1486.87
4103;0.38;0;0.17,921.41,264.63,1521.14
4114;0.39;0;3608.6,0.0,3836.49,295.64
4119;0.36;0;0.0,1080.85,251.34,1740.54
4120;0.37;0;3608.44,4.81,3835.3,324.84
4125;0.36;0;0.0,1068.87,257.33,1672.15
4179;0.44;0;2070.89,1354.02,2431.87,1688.9
4182;0.55;0;2071.14,1356.6,2427.41,1688.92
4183;0.4;0;2070.3,1369.5,2429.78,1692.25
4186;0.37;0;0.59,1441.66,106.03,1565.15
4187;0.39;0;0.5,1448.45,103.51,1563.95
4189;0.46;0;0.31,1462.81,101.78,1587.72
4192;0.56;0;0.32,1486.5,103.25,1605.95
4194;0.37;0;0.24,1494.86,101.59,1614.75
4196;0.44;0;0.88,1512.59,99.56,1633.25
4197;0.58;0;0.85,1511.57,99.98,1634.37
4198;0.47;0;0.41,1526.84,97.43,1633.92
4200;0.47;0;0.84,1533.13,96.93,1654.63
4201;0.37;0;2.32,1664.19,213.17,2160.0
4205;0.36;0;0.12,1576.07,92.66,1682.97
4209;0.4;0;0.0,1589.97,84.59,1705.21
4211;0.39;0;0.05,1605.24,87.34,1731.8
4212;0.58;0;0.05,1611.42,86.34,1731.24
4214;0.48;0;0.0,1629.79,83.77,1736.64
4215;0.51;0;0.23,1631.9,83.71,1752.43
4216;0.54;0;0.06,1639.54,82.08,1750.94
4217;0.39;0;0.17,1649.76,82.38,1755.22
4218;0.35;0;0.11,1655.93,81.57,1767.1
4219;0.57;0;0.06,1662.58,80.92,1775.03
4220;0.49;0;0.0,1665.3,81.51,1778.52
4223;0.48;0;0.02,1686.05,81.46,1801.68
4225;0.37;0;0.04,1703.97,81.42,1818.36
4226;0.45;0;0.3,1708.83,79.48,1823.9
4228;0.43;0;0.21,1727.66,79.76,1834.6
4229;0.36;0;0.0,1730.77,81.12,1846.58
4230;0.42;0;0.36,1734.05,77.23,1849.06
4231;0.46;0;0.22,1741.77,75.68,1855.91
4232;0.43;0;0.0,1751.56,74.22,1865.44
4233;0.49;0;0.47,1752.89,76.6,1871.12
4234;0.45;0;0.3,1761.95,75.6,1875.88
4235;0.41;0;0.18,1771.55,78.47,1882.55
4236;0.5;0;0.46,1777.44,77.18,1891.87
4237;0.36;0;0.53,1781.2,75.14,1895.91
4238;0.47;0;3528.46,3.56,3836.01,421.49
4238;0.39;0;0.3,1789.42,74.36,1904.38
4239;0.39;0;0.54,1798.58,77.03,1915.6
4240;0.47;0;0.58,1802.07,73.88,1918.53
4241;0.48;0;0.37,1811.01,74.11,1922.1
4242;0.39;0;3523.25,0.82,3659.54,63.36
4242;0.38;0;2067.82,1379.97,2413.78,1714.51
4243;0.36;0;0.6,1823.54,75.34,1940.0
4245;0.37;0;0.28,1838.52,73.08,1952.6
4246;0.46;0;0.6,1848.08,73.68,1961.36
4247;0.54;0;0.54,1852.29,72.29,1965.22
4248;0.44;0;0.39,1859.4,71.52,1970.41
4253;0.37;0;0.0,1893.61,65.54,1999.97
4254;0.46;0;0.6,1898.77,70.94,2008.78
4256;0.35;0;0.28,1912.73,70.59,2021.39
4299;0.35;0;3509.91,4.36,3836.71,428.73
4303;0.43;0;3497.35,4.26,3835.34,438.92
4310;0.37;0;3483.44,2.13,3834.95,439.49
4325;0.4;0;3569.48,1.72,3837.45,357.29
4326;0.35;0;3531.87,2.12,3836.88,427.82
4327;0.35;0;3542.49,2.91,3836.82,428.15
4328;0.41;0;3569.15,1.31,3838.9,314.26
4328;0.36;0;3550.82,1.42,3836.93,429.6
4331;0.37;0;3589.59,1.35,3836.12,421.73
4332;0.47;0;3591.6,1.65,3836.27,430.07
4332;0.42;0;3544.85,0.0,3837.98,491.71
4333;0.47;0;3594.59,0.87,3836.28,423.44
4335;0.35;0;3520.25,1010.19,3839.11,1535.97
4337;0.45;0;3599.59,6.64,3835.79,412.27
4338;0.39;0;3601.35,9.46,3835.85,408.01
4338;0.36;0;3555.94,0.0,3837.63,540.4
4339;0.35;0;3602.44,8.53,3834.99,415.93
4343;0.35;0;3609.96,4.25,3834.46,402.26
4421;0.38;0;3575.16,753.91,3837.61,1206.21
4440;0.42;0;3547.65,1714.37,3838.52,2160.0
4448;0.36;0;3594.83,1252.46,3836.4,1772.49
4451;0.35;0;3593.61,1286.49,3836.3,1763.72
4453;0.39;0;3591.47,1297.46,3836.85,1754.09
4454;0.37;0;3591.25,1310.82,3836.99,1821.86
4455;0.36;0;3591.62,1319.44,3837.04,1822.54
4456;0.36;0;3592.1,1325.08,3837.13,1817.99
4457;0.37;0;3590.34,1341.41,3837.14,1814.31
4458;0.42;0;3591.5,1349.4,3837.06,1763.25
4466;0.4;0;3596.89,1503.08,3745.17,1620.89
4472;0.37;0;3582.24,1440.66,3837.8,1899.75
4491;0.35;0;3625.14,657.17,3835.0,847.6
4496;0.44;0;3623.76,697.09,3836.02,884.59
4497;0.44;0;3621.34,706.06,3839.11,879.01
4497;0.35;0;3551.02,1055.22,3837.75,1542.99
4499;0.36;0;3623.8,716.06,3836.11,908.25
4506;0.37;0;3624.52,768.29,3837.78,963.11
4509;0.58;0;3624.72,796.72,3837.15,972.99
4510;0.42;0;3623.75,803.42,3838.38,977.22
4516;0.51;0;3624.97,850.96,3839.49,1023.72
4516;0.38;0;3543.9,1208.98,3837.99,1700.95
4517;0.56;0;3624.56,852.62,3833.71,1032.36
4519;0.59;0;3626.45,876.07,3835.57,1048.22
4520;0.44;0;3622.75,874.04,3837.33,1067.01
4522;0.36;0;3624.92,899.0,3836.46,1078.61
4525;0.66;0;3629.28,922.92,3835.6,1089.95
4528;0.38;0;3624.91,945.11,3839.86,1126.77
4529;0.46;0;3621.39,945.12,3832.12,1149.0
4531;0.47;0;3621.06,973.09,3829.65,1142.31
4532;0.55;0;3622.24,964.8,3835.91,1224.24
4532;0.42;0;3621.93,979.55,3830.46,1162.76
4535;0.59;0;3624.68,990.62,3836.77,1209.57
4536;0.49;0;3622.89,999.34,3833.58,1180.94
4537;0.38;0;3620.33,1001.84,3830.75,1204.64
4538;0.56;0;3621.83,1015.18,3837.95,1263.42
4538;0.48;0;3623.36,1020.97,3829.28,1185.9
4539;0.38;0;3620.37,1032.4,3829.77,1207.78
4541;0.51;0;3620.65,1034.78,3837.31,1307.64
4542;0.46;0;3620.63,1051.91,3828.43,1234.08
4543;0.47;0;3620.06,1055.81,3831.43,1242.61
4544;0.58;0;3622.38,1062.55,3833.16,1241.73
4545;0.43;0;3618.24,1062.94,3832.87,1308.26
4548;0.6;0;3617.1,1086.95,3831.15,1320.12
4549;0.54;0;3617.62,1103.32,3828.86,1270.35
4551;0.57;0;3619.98,1113.53,3828.46,1328.02
4552;0.54;0;3618.94,1120.38,3836.4,1337.09
4552;0.37;0;3618.93,1136.17,3828.19,1290.29
4553;0.51;0;3620.4,1128.72,3836.1,1327.03
4554;0.59;0;3619.79,1135.42,3834.73,1393.53
4554;0.52;0;3619.84,1142.15,3828.58,1312.63
4555;0.48;0;3619.52,1139.73,3835.89,1372.19
4556;0.48;0;3618.11,1149.66,3837.81,1381.88
4557;0.6;0;3616.57,1159.85,3829.72,1333.11
4557;0.54;0;3617.2,1154.63,3834.44,1423.89
4558;0.56;27;3615.01,1170.65,3829.69,1345.21
4559;0.41;27;3593.62,1174.6,3840.0,1391.59
4560;0.64;27;3570.74,1179.03,3840.0,1437.35
4561;0.43;0;3618.8,1198.45,3824.35,1378.66
4563;0.63;27;3584.34,1203.53,3840.0,1438.24
4565;0.41;27;3590.43,1224.57,3840.0,1446.34
4566;0.6;27;3597.08,1235.25,3840.0,1447.95
4568;0.42;27;3594.42,1250.33,3840.0,1469.01
4569;0.48;27;3583.84,1257.26,3840.0,1500.12
4572;0.42;27;3578.47,1278.69,3840.0,1535.56
4575;0.46;27;3569.55,1297.63,3840.0,1576.43
4576;0.44;27;3580.29,1318.16,3840.0,1580.16
4577;0.41;27;3578.59,1330.31,3840.0,1597.79
4578;0.4;27;3580.76,1336.55,3840.0,1605.6
4579;0.46;27;3585.65,1343.16,3840.0,1606.04
4580;0.39;27;3583.25,1348.87,3840.0,1618.19
4581;0.38;27;3583.97,1351.05,3840.0,1624.42
4582;0.56;27;3593.23,1363.15,3840.0,1618.29
4583;0.37;27;3592.99,1376.88,3840.0,1632.99
4584;0.49;27;3594.07,1381.86,3840.0,1639.66
4585;0.53;27;3597.6,1387.62,3840.0,1640.33
4586;0.38;27;3593.39,1394.95,3840.0,1655.76
4587;0.55;27;3587.63,1400.53,3840.0,1677.59
4588;0.55;27;3595.79,1414.12,3840.0,1674.78
4589;0.4;27;3593.73,1425.54,3840.0,1691.81
4590;0.51;27;3590.44,1428.56,3840.0,1704.29
4591;0.53;27;3597.99,1435.18,3840.0,1698.06
4592;0.51;27;3600.04,1446.92,3839.67,1702.3
4593;0.4;27;3596.64,1450.58,3840.0,1713.78
4594;0.43;27;3603.03,1462.71,3837.81,1713.47
4596;0.41;27;3602.02,1473.56,3837.72,1725.3
4597;0.39;27;3600.58,1480.32,3839.46,1736.05
4599;0.36;27;3598.86,1495.65,3840.0,1754.8
4600;0.38;27;3599.12,1505.56,3837.21,1760.88
4603;0.41;27;3599.67,1527.54,3834.67,1779.03
4606;0.47;27;3600.89,1550.26,3830.1,1793.74
4609;0.52;27;3598.98,1572.92,3828.85,1815.87
4611;0.42;27;3597.66,1593.21,3829.37,1837.09
4612;0.5;27;3598.66,1607.12,3825.75,1844.08
4615;0.47;27;3595.95,1624.58,3827.51,1865.09
4616;0.47;27;3593.91,1640.83,3827.4,1881.59
4617;0.55;27;3591.42,1648.96,3828.72,1892.43
4618;0.61;27;3591.79,1657.8,3827.56,1898.21
4619;0.44;27;3590.98,1667.85,3829.25,1909.46
4620;0.38;27;3592.05,1681.2,3823.87,1913.8
4621;0.35;27;3590.19,1691.67,3823.85,1923.97
4623;0.51;27;3587.67,1702.61,3823.75,1935.31
4624;0.45;27;3583.67,1713.47,3825.89,1951.42
4630;0.43;27;3584.37,1744.68,3821.32,1974.45
4632;0.41;27;3576.89,1766.39,3822.83,2003.58
4640;0.35;27;3570.63,1818.54,3823.04,2059.37
4644;0.41;27;3559.8,1852.75,3829.65,2110.71
4647;0.35;27;3555.08,1889.43,3820.82,2143.29
4650;0.52;27;3557.61,1911.72,3819.02,2158.5
4651;0.35;27;3561.19,1921.98,3817.57,2160.0
4652;0.44;27;3562.67,1932.86,3814.96,2160.0
4724;0.36;0;3505.25,0.0,3831.55,162.97
4866;0.46;0;3767.26,893.29,3839.73,1043.08
4867;0.36;0;3757.57,898.22,3839.97,1049.79
4886;0.35;0;3756.58,1043.24,3839.89,1183.91
4892;0.37;0;3757.35,1082.95,3840.0,1224.84
4909;0.39;0;3758.72,1211.56,3840.0,1352.05
4919;0.54;0;3281.67,1642.29,3457.86,1794.16
4923;0.37;0;3277.74,1672.51,3457.16,1826.95
4936;0.5;0;3275.0,1764.5,3448.61,1923.75
4938;0.38;0;3755.12,1421.95,3840.0,1565.23
4944;0.51;0;3749.9,1488.33,3839.69,1608.39
4944;0.42;0;3269.53,1827.57,3447.93,1984.68
4945;0.4;0;3742.54,1479.98,3839.66,1617.03
4950;0.41;0;3743.83,1515.93,3839.9,1653.95
4952;0.37;0;3751.82,1533.86,3839.85,1668.63
4955;0.43;0;3268.79,1917.33,3443.28,2060.41
4957;0.37;0;3268.07,1926.98,3444.73,2083.55
4959;0.54;0;3263.6,1938.36,3448.42,2095.59
4960;0.54;0;3267.56,1949.21,3444.51,2104.07
4962;0.38;0;3748.81,1603.93,3839.94,1742.51
4962;0.36;0;3264.85,1963.61,3446.3,2118.41
4965;0.43;0;3745.2,1628.32,3839.81,1769.67
4965;0.42;0;3266.95,1987.65,3444.86,2141.25
4968;0.37;0;3741.97,1658.09,3839.72,1795.54
4971;0.37;0;3744.13,1676.35,3839.27,1822.55
4972;0.37;0;3748.18,1690.85,3839.48,1827.45
4974;0.46;0;3740.5,1705.32,3839.56,1845.56
4975;0.49;0;3747.1,1719.41,3839.39,1849.85
4975;0.42;0;3745.62,1669.96,3839.87,1853.4
4978;0.49;0;3747.09,1742.18,3839.39,1874.42
4984;0.52;0;3741.12,1797.7,3839.73,1920.98
4987;0.5;0;3738.18,1818.22,3839.73,1945.33
4990;0.54;0;3732.1,1841.52,3839.52,1968.46
4992;0.46;0;3731.13,1854.25,3839.5,1986.81
4993;0.5;0;3735.15,1862.9,3839.64,1993.56
4996;0.62;0;3732.74,1894.48,3839.65,2015.94
5004;0.4;0;3738.65,1941.88,3839.27,2081.65
5005;0.57;0;3729.77,1958.89,3839.55,2089.45
5007;0.49;0;3734.13,1969.25,3839.39,2108.74
5008;0.47;0;3727.83,1982.24,3839.27,2118.01
5010;0.45;0;3742.8,1990.05,3839.48,2133.31
5011;0.53;0;3728.8,2012.05,3839.58,2141.22
5013;0.56;0;3724.78,2019.81,3839.47,2153.4
5184;0.49;0;3457.88,0.0,3786.3,152.97
5186;0.43;0;3459.72,0.0,3789.78,159.79
5187;0.48;0;3460.61,0.0,3791.59,166.19
5203;0.39;0;3459.49,2.56,3743.95,275.6
5231;0.4;0;3398.58,1.22,3560.07,63.67
5251;0.64;0;3179.71,0.93,3332.12,61.22
5252;0.56;29;3171.6,0.7,3342.81,68.46
5254;0.42;29;3152.32,1.17,3362.69,84.74
5255;0.54;29;3139.81,0.47,3374.88,94.53
5358;0.45;0;3722.27,1494.35,3838.41,1699.61
5365;0.4;0;3720.25,1521.16,3838.73,1754.41
5366;0.37;0;3721.58,1546.47,3839.09,1763.21
5472;0.36;0;3341.62,1939.12,3556.05,2138.77
5545;0.56;0;3680.84,59.02,3838.75,238.2
5632;0.5;0;3531.58,165.35,3694.91,285.83
5717;0.39;0;3447.81,744.66,3618.14,880.24
6022;0.42;0;3386.52,0.0,3808.13,159.91
6023;0.45;0;3393.73,0.0,3808.1,159.77
6025;0.46;0;3385.6,0.0,3793.56,162.53
6026;0.41;0;3382.09,0.0,3798.97,163.15
6213;0.4;0;2980.37,637.27,3147.38,769.51
6236;0.42;0;2965.99,806.22,3131.8,933.16
6267;0.35;0;2940.99,1024.03,3106.16,1148.25
6271;0.41;0;2934.45,1045.61,3099.27,1172.22
6274;0.39;0;2891.88,438.92,3020.2,549.12
6277;0.47;0;2893.24,460.38,3025.13,567.73
6280;0.4;0;2888.26,482.06,3029.29,594.6
6332;0.42;0;2875.6,1465.91,3038.56,1583.28
6335;0.41;0;2877.38,1486.99,3034.4,1607.6
6341;0.5;0;2868.46,1522.46,3032.91,1652.3
6342;0.37;0;2865.25,1533.57,3029.85,1655.21
6345;0.43;0;2862.23,1553.98,3026.18,1674.79
6348;0.36;0;2860.52,1572.89,3020.32,1699.45
6349;0.4;0;2861.58,1582.32,3023.02,1702.89
6359;0.43;0;2853.27,1648.28,3015.78,1774.58
6369;0.58;0;2835.44,1724.41,3000.7,1845.74
6392;0.46;0;2813.22,1893.58,2974.42,2010.87
6392;0.4;0;2983.09,1015.49,3172.63,1134.75
6412;0.58;0;2957.03,1155.75,3148.2,1276.78
6413;0.46;0;3177.68,0.76,3297.45,51.0
6414;0.6;0;3176.23,0.45,3302.08,58.18
6415;0.65;30;3174.72,0.32,3303.82,59.57
6416;0.49;30;3166.24,0.39,3303.39,63.46
6417;0.35;30;3156.24,0.62,3305.91,69.68
6418;0.36;30;3142.63,1.01,3315.41,81.55
6419;0.46;30;3142.31,1.12,3325.03,87.54
6420;0.4;30;3134.82,2.45,3333.14,98.03
6421;0.51;30;3128.99,5.16,3330.91,104.64
6422;0.39;30;3123.24,6.4,3331.49,111.59
6427;0.46;0;3162.21,49.11,3285.89,145.22
6429;0.63;0;3157.56,63.37,3282.71,156.64
6430;0.61;31;3157.4,67.71,3285.25,163.04
6432;0.6;31;3153.45,78.83,3285.31,177.33
6434;0.42;31;3153.18,98.41,3277.89,191.64
6435;0.63;31;3151.8,106.62,3278.6,201.81
6440;0.37;0;3158.78,145.61,3268.56,233.9
6441;0.65;31;3148.51,146.99,3270.05,238.45
6442;0.61;31;3147.05,156.17,3269.55,248.88
6443;0.53;31;3147.29,166.24,3267.72,257.63
6444;0.7;31;3147.37,173.02,3269.13,265.99
6445;0.68;31;3146.72,178.89,3266.35,270.83
6446;0.61;31;3141.43,187.25,3260.92,279.2
6447;0.6;31;3141.34,192.3,3264.49,287.85
6448;0.62;31;3140.62,197.96,3261.46,291.74
6449;0.69;31;3143.38,207.27,3258.31,296.33
6450;0.58;31;3139.71,214.43,3258.53,306.65
6451;0.67;31;3136.4,221.6,3256.81,315.02
6452;0.64;31;3134.35,228.73,3254.82,322.17
6453;0.6;31;3134.29,236.19,3254.66,329.64
6454;0.71;31;3136.19,243.95,3254.39,335.89
6455;0.64;31;3133.22,251.57,3250.71,343.28
6456;0.54;31;3132.62,256.19,3250.66,348.59
6457;0.55;31;3130.26,259.76,3251.9,355.77
6458;0.71;31;3130.05,267.82,3250.98,363.5
6459;0.61;31;3130.7,277.74,3248.7,371.23
6461;0.45;31;3128.94,289.74,3245.61,381.76
6462;0.67;31;3125.98,298.67,3242.49,390.48
6463;0.74;31;3125.84,305.59,3242.7,397.96
6464;0.62;31;3125.68,312.15,3243.24,405.19
6465;0.73;31;3125.57,320.0,3240.98,411.61
6466;0.72;31;3119.08,325.18,3236.78,418.56
6467;0.65;31;3115.91,332.03,3233.65,425.22
6468;0.75;31;3114.87,335.16,3236.16,432.04
6469;0.65;31;3117.05,341.52,3234.57,435.53
6470;0.53;31;3111.83,345.5,3235.87,444.99
6471;0.57;31;3112.79,355.07,3233.4,451.63
6472;0.64;31;3113.04,365.3,3229.72,458.18
6473;0.74;31;3110.38,371.14,3230.3,466.79
6474;0.76;31;3109.3,377.84,3227.39,472.23
6475;0.74;31;3108.39,382.92,3228.24,479.15
6476;0.35;31;3109.77,392.07,3221.74,481.37
6477;0.46;31;3109.14,399.38,3223.95,490.9
6478;0.72;31;3107.5,404.55,3225.67,499.26
6479;0.72;31;3107.92,411.91,3224.71,505.52
6480;0.71;31;3105.82,418.2,3225.57,514.55
6481;0.38;31;3106.8,428.51,3221.23,520.39
6484;0.38;31;3106.71,448.51,3213.26,533.31
6485;0.49;31;3105.24,455.82,3215.26,543.3
6486;0.4;31;3103.97,465.08,3213.47,551.97
6488;0.65;31;3097.03,474.51,3208.31,562.74
6489;0.52;31;3095.34,480.56,3209.97,572.02
6490;0.75;31;3091.59,489.26,3208.77,582.67
6491;0.68;31;3093.77,498.46,3207.54,589.08
6492;0.53;31;3093.27,502.29,3210.78,596.92
6493;0.58;31;3094.8,509.49,3209.01,602.03
6494;0.62;31;3094.83,514.47,3206.61,605.05
6495;0.73;31;3091.67,521.95,3208.22,616.72
6496;0.74;31;3086.04,528.6,3205.44,625.48
6498;0.54;31;3086.65,540.17,3199.28,630.92
6499;0.42;31;3084.82,549.74,3199.03,641.68
6500;0.69;31;3081.97,555.93,3199.13,650.16
6501;0.64;31;3079.34,562.32,3199.8,659.43
6502;0.42;31;3078.05,571.73,3199.84,670.1
6504;0.61;31;3082.18,582.25,3200.1,678.14
6506;0.66;31;3078.71,593.73,3197.87,690.65
6507;0.69;31;3079.34,603.71,3196.13,698.92
6508;0.65;31;3073.68,610.62,3195.32,710.41
6509;0.63;31;3071.86,619.75,3194.28,720.42
6510;0.55;31;3072.48,626.66,3190.88,724.48
6513;0.42;31;3072.96,640.69,3184.7,732.89
6514;0.54;31;3074.3,651.37,3185.14,742.96
6515;0.37;31;3067.07,655.52,3183.93,752.4
6516;0.44;31;3068.85,666.96,3185.13,763.6
6517;0.4;31;3067.28,675.81,3186.06,774.45
6518;0.66;31;3064.37,680.12,3188.07,783.42
6519;0.67;31;3069.25,687.21,3184.36,784.02
6520;0.67;31;3068.25,692.79,3183.93,790.63
6521;0.7;31;3063.72,699.99,3185.26,802.9
6523;0.49;31;3060.54,713.98,3181.51,815.96
6525;0.38;31;3058.4,726.78,3180.81,829.99
6526;0.54;31;3059.72,736.51,3178.53,836.27
6531;0.45;31;3065.11,762.58,3176.66,856.59
6532;0.64;31;3054.56,773.34,3173.61,873.9
6533;0.63;31;3051.96,785.36,3171.26,885.77
6534;0.47;31;3050.58,792.0,3176.05,897.93
6535;0.67;31;3051.72,798.57,3175.31,902.69
6536;0.62;31;3052.05,807.84,3174.57,911.04
6537;0.68;31;3051.52,813.91,3173.44,917.03
6538;0.52;31;3052.58,822.24,3174.69,926.04
6539;0.38;31;3056.5,829.38,3175.12,930.67
6540;0.56;31;3057.28,835.95,3174.96,938.08
6541;0.43;31;3065.89,845.06,3171.23,936.35
6542;0.54;31;3056.15,850.39,3167.46,947.05
6543;0.51;31;3057.89,859.11,3168.43,954.73
6544;0.35;31;3054.27,865.61,3166.64,962.58
6545;0.38;31;3054.71,874.08,3169.44,973.04
6548;0.52;31;3055.37,894.57,3169.9,993.1
6549;0.62;31;3057.53,901.45,3166.13,994.67
6553;0.47;31;3054.51,925.03,3161.41,1016.08
6554;0.52;31;3050.23,935.22,3158.99,1027.68
6555;0.56;31;3048.22,943.17,3157.88,1035.93
6557;0.66;31;3044.27,955.92,3159.45,1053.63
6558;0.63;31;3042.8,967.15,3161.36,1067.45
6559;0.64;31;3043.8,973.92,3160.35,1072.73
6560;0.71;31;3045.59,981.99,3162.05,1081.56
6561;0.61;31;3047.75,989.61,3160.87,1086.5
6562;0.68;31;3043.15,996.31,3161.68,1097.45
6563;0.44;31;3047.78,1003.76,3157.5,1096.7
6564;0.62;31;3049.03,1009.52,3158.52,1102.54
6565;0.65;31;3048.5,1016.23,3155.6,1107.25
6566;0.57;31;3052.68,1022.2,3154.59,1108.81
6567;0.64;31;3052.67,1029.74,3157.29,1119.3
6568;0.56;31;3041.41,1034.67,3156.59,1132.73
6569;0.69;31;3038.07,1041.35,3156.04,1141.1
6573;0.62;31;3042.45,1064.19,3152.66,1157.76
6575;0.54;31;3044.59,1080.29,3149.9,1170.07
6576;0.39;31;3033.13,1089.01,3143.74,1182.76
6579;0.61;31;3036.94,1108.33,3146.24,1201.79
6580;0.61;31;3039.92,1118.71,3149.05,1212.22
6581;0.65;31;3040.55,1126.42,3149.36,1220.31
6582;0.53;31;3040.95,1131.03,3144.2,1220.31
6586;0.69;31;3036.26,1154.36,3142.02,1246.27
6587;0.75;31;3034.32,1167.26,3140.13,1259.27
6588;0.61;31;3034.63,1175.94,3137.46,1265.87
6589;0.44;0;3043.56,1180.86,3124.66,1241.72
6590;0.58;31;3024.64,1188.65,3131.25,1281.49
6591;0.55;31;3027.53,1196.2,3137.94,1292.66
6592;0.74;31;3026.61,1203.33,3136.72,1299.69
6593;0.77;31;3020.53,1210.06,3135.57,1309.98
6595;0.47;31;3027.77,1221.48,3132.24,1312.39
6596;0.37;31;3021.54,1227.68,3121.24,1313.83
6598;0.71;31;3018.38,1242.14,3126.96,1335.7
6599;0.74;31;3011.88,1249.81,3124.89,1347.01
6600;0.66;31;3011.29,1258.42,3122.24,1353.64
6601;0.51;31;3017.43,1265.73,3126.76,1359.53
6602;0.52;31;3019.94,1273.03,3126.81,1364.52
6603;0.48;31;3012.64,1279.28,3127.86,1377.8
6604;0.68;31;3010.95,1287.03,3126.06,1385.11
6605;0.63;31;3008.11,1293.67,3123.93,1391.89
6606;0.49;31;3008.94,1300.17,3121.22,1395.61
6607;0.47;31;3013.69,1307.09,3116.99,1395.01
6608;0.39;31;3008.59,1314.18,3119.61,1408.5
6609;0.42;31;3006.33,1320.01,3119.58,1416.09
6610;0.61;31;3004.34,1327.48,3116.49,1422.47
6611;0.71;31;3000.19,1333.41,3114.94,1430.72
6612;0.69;31;3000.79,1340.97,3112.33,1435.92
6613;0.64;31;3003.59,1347.22,3111.23,1439.1
6614;0.65;31;3000.92,1355.77,3114.71,1453.01
6615;0.63;31;2997.5,1361.22,3113.18,1460.31
6616;0.63;31;2996.43,1367.47,3109.92,1464.62
6617;0.58;31;2997.89,1373.62,3105.32,1465.82
6618;0.47;31;2992.82,1380.08,3103.04,1475.45
6619;0.65;31;2990.8,1386.27,3104.49,1484.22
6620;0.72;31;2987.97,1391.81,3101.9,1489.57
6621;0.72;31;2986.65,1400.38,3099.77,1496.73
6622;0.55;31;2988.93,1406.71,3097.64,1498.66
6623;0.64;31;2985.67,1413.35,3097.37,1507.55
6624;0.54;31;2984.11,1416.85,3090.5,1506.43
6625;0.57;31;2978.13,1423.45,3090.96,1519.16
6626;0.37;31;2977.81,1432.73,3092.29,1530.4
6627;0.58;31;2983.37,1440.64,3092.32,1533.76
6628;0.56;31;2982.48,1448.26,3095.73,1545.58
6629;0.69;31;2980.51,1455.65,3094.75,1553.61
6630;0.64;31;2975.94,1461.9,3090.17,1560.14
6631;0.57;31;2978.33,1467.0,3086.77,1560.3
6632;0.62;31;2978.88,1474.23,3091.4,1571.51
6634;0.54;31;2972.47,1484.01,3085.22,1581.2
6635;0.55;31;2968.46,1494.48,3084.04,1594.43
6636;0.6;31;2973.4,1502.31,3083.87,1598.35
6637;0.39;31;2974.85,1511.53,3083.47,1606.19
6638;0.58;31;2965.48,1515.18,3078.54,1613.13
6639;0.45;31;2961.54,1523.06,3077.43,1622.7
6640;0.57;31;2960.19,1528.45,3078.61,1630.72
6641;0.51;31;2959.71,1535.1,3076.54,1635.96
6642;0.43;31;2958.16,1537.72,3065.52,1630.15
6643;0.35;31;2955.06,1546.63,3072.22,1647.43
6644;0.41;31;2955.14,1555.22,3071.46,1655.19
6646;0.63;31;2956.3,1568.28,3071.42,1667.74
6647;0.37;31;2955.97,1577.7,3069.29,1676.09
6648;0.58;31;2950.47,1583.38,3066.64,1684.35
6649;0.54;31;2951.12,1589.37,3061.83,1685.91
6650;0.69;31;2952.6,1598.46,3064.85,1696.48
6652;0.49;31;2947.74,1609.61,3064.79,1712.45
6653;0.51;31;2942.46,1618.64,3064.46,1725.13
6654;0.49;31;2938.31,1625.4,3055.59,1726.93
6655;0.53;31;2939.44,1631.49,3053.31,1729.72
6657;0.41;31;2937.36,1644.49,3050.33,1741.77
6660;0.58;31;2931.2,1662.19,3051.76,1765.36
6661;0.56;31;2936.99,1673.82,3051.52,1772.19
6664;0.46;31;2932.51,1690.55,3042.2,1784.88
6665;0.51;31;2931.34,1701.27,3042.68,1797.11
6666;0.47;31;2929.68,1709.3,3040.37,1804.93
6667;0.56;31;2932.31,1715.9,3040.95,1810.23
6668;0.5;31;2930.9,1723.13,3039.53,1817.88
6669;0.7;31;2925.63,1729.39,3038.37,1827.45
6670;0.44;31;2927.55,1735.0,3036.39,1830.11
6671;0.62;31;2925.82,1743.25,3038.9,1842.82
6673;0.4;31;2924.23,1753.62,3032.48,1848.56
6674;0.51;31;2917.97,1762.89,3035.93,1865.95
6675;0.35;31;2915.32,1770.04,3032.94,1872.38
6676;0.68;31;2913.11,1775.52,3027.99,1875.1
6677;0.6;31;2910.91,1784.17,3033.59,1890.41
6679;0.51;31;2912.95,1795.3,3029.02,1895.81
6680;0.52;31;2908.77,1801.01,3027.29,1903.8
6681;0.37;31;2909.98,1811.65,3028.27,1913.76
6683;0.52;31;2910.28,1822.86,3029.96,1926.72
6685;0.59;31;2908.14,1833.84,3023.81,1934.26
6687;0.51;31;2904.56,1850.25,3025.78,1955.61
6688;0.67;31;2906.56,1859.28,3022.54,1960.45
6689;0.62;31;2904.18,1866.6,3022.21,1970.27
6690;0.7;31;2900.35,1872.12,3016.28,1973.36
6691;0.41;31;2903.94,1879.15,3020.19,1981.09
6692;0.39;31;2903.72,1887.9,3018.91,1989.67
6694;0.67;31;2904.18,1899.16,3021.12,2003.14
6695;0.53;31;2903.13,1907.26,3020.55,2012.27
6697;0.51;31;2895.98,1916.92,3007.64,2016.02
6699;0.38;31;2898.05,1934.52,3010.02,2034.04
6700;0.35;31;2898.35,1942.79,3007.44,2040.06
6701;0.59;31;2894.97,1949.39,3004.05,2046.48
6702;0.43;31;2891.15,1955.28,3003.64,2055.2
6704;0.6;31;2889.5,1966.17,3003.54,2067.14
6705;0.45;31;2889.18,1975.94,3002.73,2076.75
6708;0.51;31;2886.0,1992.27,3002.52,2095.72
6711;0.63;31;2884.13,2012.17,3000.23,2115.58
6763;0.44;0;3024.13,1512.92,3145.36,1621.11
6764;0.65;0;3021.8,1526.83,3144.37,1628.13
7020;0.37;0;3727.85,1840.96,3838.96,2034.03
7238;0.42;0;1712.19,1554.0,1995.82,1819.04
7241;0.36;0;1710.3,1550.63,1996.89,1820.71
7460;0.47;0;0.0,0.02,182.04,97.48
7462;0.38;0;0.0,0.86,181.77,110.48
7463;0.52;0;0.45,0.71,170.79,109.46
7479;0.4;0;0.0,4.11,181.04,229.54
7511;0.36;0;0.0,307.82,99.09,407.98
7525;0.43;0;0.09,0.0,378.07,157.48
7546;0.36;0;0.11,353.83,80.24,470.99
7599;0.35;0;484.0,0.0,790.4,172.01
7632;0.42;0;141.12,0.9,363.69,59.65
7812;0.35;0;230.47,1434.0,334.21,1510.47
7820;0.36;0;3773.91,0.0,3839.35,165.06
7821;0.4;0;3773.0,0.06,3839.26,145.33
7822;0.42;0;3773.24,0.0,3839.33,158.97
7824;0.48;0;3767.26,0.0,3839.63,175.6
7825;0.42;0;3767.66,0.0,3839.74,184.53
7826;0.42;0;3765.4,0.0,3839.59,181.51
7827;0.41;0;3757.6,0.0,3839.79,188.68
7828;0.37;0;3757.16,0.0,3839.95,197.05
7833;0.37;0;3756.67,33.88,3839.85,230.48
7836;0.35;0;3770.05,0.0,3839.34,212.89
7837;0.37;0;3744.07,68.09,3839.73,258.64
7838;0.47;0;3748.71,84.15,3840.0,247.08
7839;0.42;0;3770.58,0.47,3839.55,168.7
7840;0.52;0;3746.85,99.5,3839.87,265.82
7844;0.38;0;3759.56,5.76,3839.88,209.07
7845;0.42;0;3763.94,1.05,3839.99,210.51
7850;0.49;0;3752.75,54.62,3839.75,242.25
7851;0.57;0;3754.96,60.68,3839.96,247.31
7861;0.36;0;3741.28,104.75,3839.44,320.4
7865;0.4;0;3737.57,109.87,3839.52,358.34
7865;0.38;0;3774.18,6.71,3839.19,139.5
7866;0.47;0;3770.15,17.61,3839.26,145.54
7867;0.51;0;3733.06,137.06,3839.0,363.1
7867;0.44;0;3772.07,26.73,3839.13,154.4
7868;0.47;0;3769.06,31.98,3839.17,156.22
7869;0.51;0;3730.25,129.81,3839.06,378.5
7869;0.41;0;3765.07,30.93,3839.39,175.86
7870;0.43;0;3764.32,22.32,3839.63,191.82
7871;0.49;0;3762.58,49.5,3839.5,191.1
7871;0.38;0;3725.64,149.81,3838.86,395.5
7872;0.48;0;3760.75,37.05,3839.68,200.1
7873;0.47;0;3756.96,29.97,3839.61,205.62
7873;0.4;0;3756.51,0.0,3839.91,230.23
7874;0.4;0;3757.19,30.57,3839.62,216.04
7875;0.4;0;3755.98,21.29,3839.65,230.0
7876;0.45;0;3756.09,36.31,3839.8,233.96
7877;0.46;0;3753.25,38.19,3839.85,241.26
7878;0.46;0;3752.56,55.86,3839.9,246.61
7879;0.51;0;3752.69,61.05,3839.85,249.59
7880;0.47;0;3749.99,58.75,3839.9,263.27
7882;0.44;0;3748.33,83.8,3839.72,273.81
7883;0.46;0;3749.02,88.3,3839.71,274.79
7884;0.43;0;3746.84,80.29,3839.43,288.33
7885;0.38;0;3743.29,91.59,3839.07,293.8
7886;0.48;0;3738.59,97.88,3838.64,288.85
7886;0.44;0;0.0,762.22,118.03,889.98
7887;0.58;0;3741.92,104.6,3838.9,300.48
7887;0.36;0;3702.22,254.62,3838.21,505.11
7888;0.57;0;3737.82,113.54,3838.55,305.82
7889;0.56;0;3738.92,117.54,3838.56,316.21
7889;0.43;0;3700.63,261.2,3838.04,516.54
7890;0.6;0;3736.73,126.38,3838.33,319.51
7891;0.6;0;3737.71,122.06,3838.8,321.54
7892;0.58;33;3739.59,136.49,3834.86,324.3
7893;0.62;33;3734.48,141.0,3834.83,338.57
7894;0.61;33;3730.29,143.53,3837.03,353.62
7895;0.56;33;3732.02,153.56,3833.89,353.1
7896;0.47;33;3729.4,157.16,3836.28,366.28
7897;0.49;33;3727.68,154.62,3838.7,372.05
7898;0.6;33;3727.12,157.7,3837.86,374.07
7899;0.51;33;3725.53,168.79,3838.37,389.08
7900;0.53;33;3725.05,172.72,3836.83,389.98
7901;0.57;33;3725.88,177.24,3836.35,390.95
7902;0.53;33;3720.26,174.3,3840.0,408.42
7903;0.52;33;3719.11,177.3,3840.0,412.88
7904;0.54;33;3716.63,182.96,3838.85,420.2
7905;0.48;33;3714.88,191.5,3839.35,433.07
7906;0.56;33;3714.39,202.19,3837.4,439.73
7908;0.35;33;3714.77,214.71,3838.78,454.11
7909;0.47;33;3710.43,218.07,3838.54,464.93
7910;0.36;33;3707.84,218.2,3840.0,478.46
7911;0.51;33;3720.91,285.94,3823.81,471.22
7915;0.36;33;3706.21,271.66,3836.12,506.01
7949;0.44;0;3671.13,1027.56,3828.65,1126.09
7950;0.37;0;3670.67,1034.37,3827.99,1131.5
7951;0.4;0;3671.39,1039.54,3826.69,1132.02
7954;0.53;0;3661.69,1058.66,3820.64,1150.29
7956;0.46;0;3658.41,1076.61,3821.76,1168.87
7957;0.53;0;3657.18,1076.96,3819.43,1171.6
7957;0.42;0;3757.99,1529.37,3840.0,1635.89
7958;0.42;0;3657.43,1083.1,3818.89,1175.32
7958;0.37;0;0.52,1329.48,192.63,1798.29
7961;0.47;0;3754.34,1545.08,3840.0,1663.92
7961;0.37;0;0.98,1372.21,182.12,1767.87
7962;0.5;0;3658.13,1108.79,3816.0,1200.27
7963;0.39;0;3655.19,1119.42,3818.41,1207.41
7964;0.57;0;3656.51,1124.89,3817.63,1216.53
7964;0.49;0;3751.63,1571.94,3840.0,1687.84
7965;0.59;0;3656.0,1129.27,3815.05,1223.34
7965;0.5;0;3749.83,1569.32,3840.0,1689.76
7966;0.36;0;3751.07,1575.14,3840.0,1705.72
7967;0.39;0;3745.62,1561.74,3840.0,1715.47
7969;0.37;0;3651.29,1157.26,3809.91,1246.41
7970;0.43;0;3652.2,1170.43,3807.62,1251.1
7972;0.58;0;3650.87,1176.6,3806.34,1268.48
7975;0.55;0;3749.16,1646.56,3840.0,1753.63
7982;0.44;0;3650.29,1246.54,3803.39,1336.3
7983;0.56;0;3644.18,1248.23,3801.88,1344.33
7984;0.52;0;3641.69,1259.11,3800.81,1350.16
7985;0.5;0;3639.69,1268.5,3799.98,1360.01
7986;0.65;0;3638.61,1270.39,3798.97,1363.77
7987;0.42;0;3639.3,1275.76,3799.73,1367.92
7988;0.46;0;3639.35,1282.52,3800.31,1380.05
7990;0.39;0;3638.28,1299.07,3801.57,1394.06
7993;0.6;0;3635.85,1318.95,3795.18,1411.98
7993;0.53;0;3735.22,1758.47,3839.04,1880.1
7994;0.41;0;3639.22,1324.72,3797.57,1415.43
8000;0.61;0;3634.38,1367.48,3794.06,1460.11
8003;0.49;0;3632.24,1387.77,3793.39,1483.95
8004;0.56;0;3633.68,1391.49,3792.06,1488.23
8005;0.51;0;3729.82,1857.91,3835.54,1954.47
8015;0.52;0;3623.85,1478.76,3785.58,1569.04
8016;0.4;0;3618.72,1483.26,3782.66,1579.81
8017;0.42;0;3623.09,1489.62,3782.57,1584.26
8018;0.52;0;3624.25,1508.33,3781.37,1589.37
8020;0.6;0;3621.86,1511.07,3780.03,1606.78
8021;0.44;0;3619.52,1522.0,3777.78,1612.13
8022;0.53;0;3621.57,1530.93,3778.2,1622.72
8023;0.36;0;3620.86,1533.11,3775.83,1631.02
8026;0.54;0;3611.0,1558.38,3772.05,1652.3
8027;0.59;0;3611.23,1560.72,3773.5,1656.0
8028;0.62;0;3613.24,1569.46,3772.81,1662.1
8029;0.41;0;3660.28,396.62,3839.2,661.05
8031;0.42;0;3608.65,1598.47,3770.01,1684.27
8034;0.46;0;3605.82,1611.15,3760.91,1703.9
8038;0.57;0;3595.08,1635.72,3755.11,1733.79
8039;0.69;0;3597.64,1649.99,3754.92,1741.28
8040;0.46;0;3592.42,1650.12,3754.9,1750.66
8045;0.35;0;3585.66,1686.03,3748.0,1785.28
8048;0.36;0;3581.58,1708.63,3744.78,1804.66
8060;0.46;0;3569.24,1795.62,3721.04,1883.28
8068;0.5;0;3552.47,1843.02,3710.05,1940.22
8074;0.59;0;3540.66,1887.5,3702.66,1975.28
8075;0.58;0;3542.17,1891.14,3701.86,1990.11
8076;0.36;0;3543.36,1899.42,3697.73,1989.94
8081;0.46;0;3529.47,1929.14,3688.75,2024.84
8087;0.4;0;3683.46,514.98,3838.05,676.52
8093;0.35;0;3517.11,2010.21,3671.71,2105.52
8098;0.49;0;3668.41,585.77,3838.63,749.9
8099;0.39;0;3668.37,591.66,3838.77,754.83
8101;0.44;0;3662.4,623.4,3838.18,771.68
8102;0.42;0;3662.39,617.14,3837.73,776.35
8142;0.4;0;3749.52,350.55,3839.53,577.44
8165;0.38;0;3754.56,501.77,3839.19,647.52
8183;0.52;0;3723.61,611.52,3839.01,900.6
8183;0.39;0;3729.71,621.89,3838.42,791.07
8293;0.51;0;2221.87,12.91,2249.11,37.42
8295;0.51;0;2218.36,24.17,2248.25,52.95
8311;0.43;0;2191.51,121.2,2222.2,147.21
8322;0.48;0;2176.92,182.33,2205.8,208.13
8333;0.36;0;136.88,0.86,277.87,80.49
8356;0.54;0;108.14,116.2,214.61,212.59
8359;0.51;0;110.13,143.64,221.42,239.58
8362;0.36;0;103.26,166.15,220.42,271.38
8378;0.44;0;80.69,274.59,198.11,369.57
8381;0.36;0;77.73,289.28,193.37,395.68
8398;0.48;0;62.46,407.51,160.74,495.01
8400;0.45;0;52.9,422.09,180.77,522.07
8406;0.38;0;2072.57,702.01,2099.64,726.83
8407;0.52;0;52.94,468.4,145.29,548.56
8407;0.45;0;2071.49,709.47,2097.06,733.52
8408;0.43;0;2070.78,714.78,2095.99,737.94
8408;0.39;0;53.15,473.01,149.79,563.75
8424;0.44;0;14.16,572.79,132.43,668.97
8465;0.39;0;0.1,0.83,94.39,61.65
8467;0.35;0;0.07,1.1,90.65,72.97
8470;0.4;0;0.05,2.86,85.64,99.15
8471;0.38;0;0.0,1.28,100.94,102.32
8474;0.46;0;0.0,1.22,90.14,127.84
8653;0.47;0;823.13,605.85,871.95,657.98
