original_size = 3840, 2160;
16;0.44;0;1469.22,0.0,1966.32,205.64
25;0.5;0;113.82,2063.41,237.24,2150.16
26;0.54;0;130.91,2008.65,249.06,2087.15
26;0.38;0;2740.72,1799.63,2790.83,1841.02
27;0.38;0;141.92,1956.44,261.03,2033.86
28;0.56;0;2997.29,1187.1,3102.1,1273.69
28;0.52;0;153.14,1906.48,269.32,1987.0
29;0.63;0;164.64,1855.09,282.31,1933.95
29;0.44;0;668.95,1543.92,761.63,1614.78
30;0.5;0;174.91,1799.98,291.89,1885.56
31;0.47;0;3002.04,1054.03,3114.57,1151.1
31;0.45;0;184.11,1747.52,297.5,1831.93
31;0.37;0;0.08,1826.43,81.9,1975.38
32;0.48;0;197.89,1688.8,313.02,1774.99
34;0.41;0;221.68,1587.11,335.39,1674.1
34;0.4;0;0.67,1656.0,225.6,2103.33
35;0.38;0;1.06,1571.95,241.59,2111.42
38;0.44;0;271.1,1367.58,384.18,1462.05
39;0.57;0;0.54,1399.26,291.43,1834.72
40;0.51;0;0.0,1345.49,306.52,1810.63
42;0.49;0;327.46,1153.44,433.76,1245.6
45;0.44;0;374.99,994.26,476.16,1094.94
46;0.57;0;3020.8,1669.86,3069.71,1713.51
46;0.36;0;385.57,945.05,483.75,1036.55
47;0.6;0;3016.99,1648.37,3064.37,1695.12
47;0.49;0;398.83,891.95,500.33,991.46
48;0.55;0;414.48,839.36,514.63,938.66
49;0.65;0;423.8,790.67,526.68,892.59
50;0.37;0;437.72,743.83,537.01,842.32
52;0.35;0;462.39,648.85,565.1,750.11
58;0.45;0;989.29,258.9,1090.35,347.65
59;0.39;0;1007.94,224.52,1102.96,313.64
62;0.46;0;2877.08,778.18,2921.4,819.99
64;0.41;0;3724.75,1018.27,3839.04,1188.58
68;0.52;0;807.46,0.0,910.42,57.26
74;0.45;0;3733.46,1602.62,3839.72,1750.4
75;0.4;0;3724.96,1569.93,3839.38,1847.66
76;0.39;0;3740.84,123.94,3839.43,395.07
76;0.36;0;3721.03,1588.85,3839.0,1758.28
77;0.42;0;3708.74,1590.38,3838.53,1757.98
77;0.39;0;3746.35,134.84,3839.59,393.86
78;0.45;0;3704.86,1600.42,3837.93,1744.64
82;0.4;0;3743.6,0.0,3838.73,108.03
83;0.48;0;2785.38,2009.11,2847.44,2066.63
91;0.42;0;3585.39,370.22,3697.5,499.32
91;0.38;0;2980.21,477.58,3026.59,518.56
92;0.38;0;2721.12,1913.55,2766.81,1962.11
94;0.39;0;2707.95,1893.44,2754.02,1940.97
103;0.44;0;3606.31,339.95,3719.85,463.97
105;0.42;0;2656.61,1767.82,2706.21,1818.38
108;0.44;0;3625.17,317.54,3739.71,457.56
110;0.46;0;3035.66,328.48,3087.93,378.62
120;0.38;0;3757.04,1290.3,3839.4,1404.93
121;0.39;0;3654.34,303.34,3768.39,437.1
125;0.39;0;3754.02,1273.17,3839.9,1399.54
126;0.43;0;3754.51,1274.49,3839.88,1398.27
127;0.36;0;3753.02,1273.27,3840.0,1397.94
131;0.36;0;3753.28,1232.67,3839.99,1386.02
143;0.51;0;3718.25,213.19,3837.51,373.64
144;0.5;0;3722.7,215.64,3836.67,368.35
147;0.48;0;3112.69,1914.42,3216.99,2016.04
151;0.45;0;3745.76,181.73,3840.0,362.22
151;0.42;0;2975.2,597.75,3013.83,628.74
152;0.47;0;3747.27,181.48,3839.81,351.54
152;0.39;0;2979.94,589.26,3015.02,618.77
153;0.51;0;3752.73,173.87,3840.0,352.05
154;0.41;0;3760.4,172.37,3839.55,329.3
158;0.39;0;3769.42,104.9,3839.96,312.93
160;0.35;0;3769.2,59.96,3839.62,306.5
228;0.42;0;1807.62,787.03,1858.25,832.41
233;0.57;0;1810.69,747.36,1871.38,797.31
247;0.35;0;2992.49,426.11,3044.22,472.48
258;0.42;0;3707.12,438.72,3838.52,690.86
258;0.37;0;1853.12,562.65,1907.02,613.82
265;0.43;0;1859.36,510.23,1914.11,559.44
269;0.4;0;3735.76,390.23,3839.48,600.79
269;0.37;0;3735.59,325.8,3839.91,627.54
270;0.46;0;3737.21,394.5,3839.06,595.37
274;0.4;0;3754.8,393.51,3840.0,561.28
275;0.38;0;3758.27,407.71,3839.81,554.52
279;0.64;0;1881.69,408.79,1937.52,459.0
283;0.38;0;3707.96,382.02,3839.52,671.9
293;0.52;0;1887.93,303.23,1948.71,351.61
303;0.54;0;1900.6,226.25,1951.55,271.0
309;0.51;0;1902.99,177.92,1964.12,233.53
319;0.35;0;1908.22,99.12,1971.16,150.11
321;0.62;0;1912.29,85.9,1971.1,128.29
323;0.37;0;1911.28,67.98,1972.89,113.23
331;0.42;0;3700.12,191.81,3838.73,470.58
336;0.39;0;3686.04,176.42,3838.6,516.37
337;0.45;0;3701.44,171.14,3838.1,398.93
339;0.38;0;3689.78,158.74,3838.5,489.3
341;0.53;0;3721.47,147.01,3838.77,443.02
342;0.38;0;3714.58,155.41,3838.05,355.47
354;0.48;0;3736.23,74.01,3839.26,267.1
361;0.41;0;3741.85,16.44,3839.17,217.46
363;0.44;0;3746.81,0.0,3839.38,216.32
364;0.42;0;3749.21,0.0,3839.56,215.81
365;0.49;0;3750.1,0.0,3839.76,204.26
366;0.42;0;3752.01,0.0,3839.94,195.68
367;0.44;0;3756.18,0.0,3839.96,197.26
368;0.37;0;3768.08,0.0,3839.87,198.02
423;0.38;0;3479.02,373.41,3597.5,478.22
424;0.5;0;2554.71,866.31,2618.43,926.36
425;0.42;0;2568.62,873.63,2620.39,922.96
478;0.51;0;1946.12,48.79,2006.23,107.22
486;0.39;0;1922.11,141.94,1975.38,187.06
490;0.42;0;1901.24,184.2,1968.29,243.16
491;0.56;0;1900.34,194.84,1955.38,246.44
492;0.38;0;1894.44,207.68,1954.96,263.57
501;0.42;0;1854.06,313.6,1907.17,365.17
505;0.4;0;1837.39,352.32,1887.14,402.28
508;0.76;0;1811.72,386.03,1867.11,440.27
512;0.63;0;1795.11,430.94,1843.33,479.11
517;0.35;0;1761.98,482.44,1818.11,526.98
519;0.45;0;1750.72,500.14,1808.31,548.53
520;0.44;0;1742.06,507.22,1803.44,558.03
521;0.37;0;1738.03,518.75,1796.32,567.23
532;0.5;0;1679.47,622.88,1734.94,673.37
533;0.36;0;1669.77,633.45,1726.38,685.75
544;0.43;0;3756.35,567.12,3840.0,785.54
545;0.36;0;3757.08,608.99,3840.0,790.45
546;0.47;0;3749.31,598.09,3840.0,797.55
546;0.41;0;3741.49,525.95,3839.66,805.07
547;0.44;0;3740.48,544.9,3839.83,814.46
554;0.42;0;0.0,1.08,70.93,85.11
557;0.45;0;3747.05,121.0,3839.81,355.02
558;0.38;0;3750.74,118.69,3840.0,371.1
615;0.41;0;3043.88,205.6,3119.11,274.57
616;0.38;0;3043.0,206.32,3111.7,275.82
631;0.38;0;3153.53,224.18,3204.37,267.9
631;0.36;0;3031.86,247.58,3111.36,323.24
738;0.37;0;0.6,0.13,73.29,67.53
769;0.37;0;3775.21,865.29,3839.76,1075.82
770;0.41;0;3773.5,897.2,3839.88,1075.31
771;0.37;0;3770.67,906.0,3839.71,1087.97
772;0.46;0;3770.99,926.76,3839.97,1073.69
773;0.41;0;3761.64,934.75,3839.88,1092.65
774;0.44;0;3765.22,935.67,3839.42,1118.59
775;0.39;0;3761.99,942.89,3839.71,1124.49
776;0.49;0;3755.73,949.16,3839.86,1130.97
777;0.44;0;3748.62,896.85,3839.94,1134.88
779;0.35;0;3748.68,918.65,3839.99,1164.1
780;0.5;0;3739.81,963.28,3839.12,1165.34
781;0.35;0;3748.03,974.24,3840.0,1171.66
782;0.42;0;3744.16,993.32,3839.71,1177.94
783;0.47;0;3743.93,1006.23,3839.02,1164.94
784;0.58;0;3743.15,1008.59,3839.81,1174.44
785;0.55;0;3739.25,1010.24,3839.47,1179.15
786;0.58;0;3725.23,1023.18,3839.39,1188.96
787;0.36;0;3716.44,1035.8,3838.6,1184.27
804;0.45;0;3682.99,1152.18,3808.9,1299.49
811;0.46;0;3652.63,1192.49,3776.67,1334.19
817;0.4;0;3643.27,1234.37,3759.14,1373.68
821;0.46;0;3635.32,1263.26,3754.74,1405.01
822;0.47;0;3632.19,1265.36,3756.09,1408.86
827;0.52;0;3609.2,1295.92,3735.12,1442.43
851;0.46;0;3550.0,1435.0,3684.15,1584.33
873;0.4;0;3502.96,1557.49,3614.96,1697.48
884;0.37;0;3485.34,1613.09,3588.21,1725.64
886;0.43;0;3483.75,1624.33,3586.34,1730.28
888;0.41;0;1450.0,0.77,1643.03,58.18
894;0.41;0;3463.35,1680.96,3575.83,1800.18
902;0.38;0;1374.08,1.19,1531.01,48.82
903;0.35;0;1372.41,0.84,1525.18,50.3
905;0.48;0;3447.35,1736.33,3548.96,1838.83
907;0.56;0;3444.37,1746.1,3544.7,1845.88
907;0.49;0;1530.79,91.17,1602.46,158.87
908;0.63;0;1529.77,94.71,1601.63,161.53
917;0.41;0;1514.81,148.04,1587.44,218.69
919;0.41;0;1510.97,163.48,1585.08,233.64
923;0.43;0;1118.34,0.0,1199.23,45.32
924;0.58;0;1502.82,191.15,1579.08,264.45
924;0.4;0;1118.37,0.0,1197.02,55.12
928;0.49;0;721.03,31.63,814.9,103.02
930;0.52;0;1496.13,235.27,1563.21,302.38
930;0.48;0;718.66,46.11,814.56,114.64
931;0.48;0;1491.94,236.98,1557.69,305.37
931;0.43;0;711.76,51.46,813.2,130.59
931;0.36;0;1110.42,23.28,1178.35,93.12
932;0.37;0;1489.9,240.23,1560.12,312.54
933;0.58;0;1103.33,35.33,1185.86,106.92
933;0.52;0;710.11,64.24,809.02,142.78
933;0.37;0;3775.71,1158.02,3839.75,1353.0
934;0.56;0;1105.59,41.52,1189.82,114.32
934;0.56;0;708.82,70.24,806.53,151.17
935;0.5;0;706.29,75.12,806.42,156.56
935;0.4;0;1105.34,46.31,1182.0,120.15
936;0.6;0;1483.79,268.14,1553.88,336.39
936;0.51;0;1104.64,52.87,1178.86,124.81
937;0.64;0;707.09,86.34,800.36,156.57
937;0.55;0;1104.45,60.19,1179.57,129.87
937;0.52;0;1486.76,276.37,1551.23,341.49
938;0.59;0;1102.61,64.92,1179.53,136.35
938;0.38;0;702.2,93.15,801.46,173.58
939;0.47;0;1103.26,72.08,1178.03,141.47
940;0.49;0;1102.8,78.46,1173.54,150.63
941;0.55;0;1100.0,86.88,1169.74,154.16
941;0.36;0;3765.34,1582.57,3839.79,1810.16
942;0.59;0;1097.97,90.69,1170.26,163.62
943;0.59;0;1095.22,96.42,1166.54,168.32
943;0.49;0;688.54,124.29,785.35,197.01
944;0.63;0;1088.85,104.66,1164.91,176.9
944;0.49;0;687.96,129.66,788.87,206.73
945;0.52;10;1090.38,108.42,1167.73,181.89
946;0.55;10;1088.16,114.76,1162.6,185.47
947;0.53;10;1087.51,122.63,1159.73,191.24
948;0.59;10;1084.78,127.73,1159.29,198.67
949;0.64;10;1083.95,135.47,1156.99,205.2
950;0.67;10;1084.02,141.39,1157.76,211.97
951;0.52;10;1081.25,146.68,1158.95,220.95
952;0.57;10;1082.26,153.32,1158.6,225.95
953;0.62;10;1081.72,160.19,1156.07,230.75
954;0.65;10;1078.91,165.82,1153.5,236.46
955;0.59;10;1076.92,172.97,1152.02,243.53
956;0.64;10;1076.71,179.61,1152.54,250.27
957;0.52;10;1073.1,184.86,1150.02,255.96
958;0.59;10;1070.87,191.74,1148.21,262.5
959;0.61;10;1070.43,198.43,1145.6,267.15
960;0.66;10;1065.6,205.05,1144.72,277.38
961;0.55;10;1063.23,210.83,1146.28,287.41
962;0.45;10;1062.49,219.02,1141.35,292.33
963;0.56;10;1062.77,226.06,1137.85,296.31
964;0.57;10;1060.45,232.67,1137.21,305.12
965;0.54;10;1058.61,240.46,1134.52,312.63
967;0.45;10;1057.19,251.68,1128.67,320.05
968;0.64;10;1054.93,259.17,1124.69,326.17
969;0.53;10;1053.7,266.3,1122.02,332.33
971;0.6;10;1050.21,277.44,1119.17,343.95
972;0.59;10;1048.46,284.46,1118.62,351.78
973;0.54;10;1048.89,292.56,1117.59,357.9
974;0.58;10;1043.63,299.69,1113.54,365.86
975;0.61;10;1040.6,305.78,1113.02,373.91
976;0.52;10;1038.85,312.27,1111.1,380.14
977;0.5;10;1037.2,318.94,1110.29,387.42
978;0.56;10;1036.26,325.26,1109.18,393.35
979;0.5;10;1033.34,332.16,1108.69,402.29
980;0.51;10;1032.12,339.42,1108.25,409.84
981;0.41;10;1028.17,344.37,1105.36,416.08
982;0.48;10;1024.27,351.7,1102.45,424.47
983;0.39;10;1026.48,360.32,1101.19,429.86
984;0.55;10;1025.06,365.9,1101.81,437.86
985;0.64;10;1025.09,375.01,1098.27,443.78
986;0.41;10;1022.22,382.76,1094.27,450.53
987;0.57;10;1021.1,389.04,1095.86,459.66
988;0.56;10;1018.5,395.09,1092.31,464.97
989;0.54;10;1016.61,401.83,1090.47,472.25
990;0.41;10;1016.12,410.41,1087.38,478.6
991;0.68;10;1013.92,415.62,1087.21,485.65
992;0.44;10;1012.69,422.45,1083.41,489.18
993;0.41;10;1010.72,429.35,1080.24,494.55
994;0.5;10;1009.54,434.54,1080.15,500.0
995;0.63;10;1005.19,440.28,1078.16,507.81
996;0.57;10;1003.68,448.22,1074.39,513.54
997;0.48;10;1003.97,456.88,1071.99,519.44
998;0.39;10;1001.97,462.18,1072.22,526.44
999;0.54;10;997.6,469.56,1067.6,533.5
1000;0.53;10;995.88,476.58,1064.51,539.09
1001;0.42;10;993.36,483.39,1062.93,546.79
1002;0.62;10;991.54,490.02,1062.58,554.57
1003;0.66;10;989.16,496.74,1060.83,561.77
1004;0.53;10;986.37,504.24,1057.78,568.74
1005;0.58;10;985.77,510.15,1057.45,574.45
1006;0.51;10;980.48,516.48,1053.41,581.58
1007;0.65;10;977.46,523.3,1051.8,589.42
1008;0.47;10;977.61,530.42,1051.87,596.15
1009;0.55;10;975.45,537.94,1050.02,603.72
1011;0.57;10;970.58,549.49,1044.56,615.29
1012;0.41;10;969.06,558.46,1039.86,621.57
1013;0.45;10;966.57,566.72,1037.06,629.77
1014;0.6;10;963.28,571.97,1035.22,636.08
1015;0.48;10;961.12,578.03,1031.07,640.32
1016;0.61;10;960.61,584.63,1030.05,646.32
1017;0.53;10;958.63,592.04,1029.99,655.31
1018;0.66;10;952.47,597.28,1026.8,663.01
1019;0.58;10;950.03,603.36,1025.85,670.1
1020;0.52;10;949.08,608.08,1025.27,674.68
1021;0.66;10;948.32,617.06,1023.0,681.89
1022;0.44;0;1044.32,669.63,1219.71,833.65
1024;0.49;0;1313.06,855.19,1386.83,917.74
1025;0.6;10;936.81,642.43,1011.82,707.21
1026;0.47;10;933.47,650.14,1007.94,714.4
1027;0.67;10;930.93,657.06,1004.1,720.0
1028;0.41;10;927.4,665.16,1000.9,727.59
1029;0.41;10;926.26,671.85,1001.07,735.16
1030;0.6;10;922.19,677.89,996.36,740.92
1031;0.53;10;920.35,685.62,994.08,748.82
1032;0.64;10;919.15,692.06,990.96,753.76
1033;0.52;10;918.17,698.96,989.36,759.96
1034;0.6;10;917.04,706.4,986.86,765.95
1035;0.58;10;913.7,712.32,985.53,773.39
1036;0.6;10;910.61,717.89,983.19,779.88
1037;0.45;10;909.15,726.7,979.27,786.43
1038;0.47;10;906.45,731.5,979.87,794.01
1039;0.59;10;903.41,737.19,977.49,799.87
1040;0.58;10;900.49,744.65,977.24,809.3
1041;0.49;10;897.82,750.04,977.04,816.59
1042;0.35;10;895.59,757.87,973.37,823.2
1043;0.58;10;892.99,764.46,969.68,829.04
1044;0.64;10;889.99,770.62,966.06,834.33
1045;0.58;10;887.98,776.37,962.24,838.22
1046;0.49;10;882.65,781.23,961.05,846.26
1047;0.48;10;880.99,787.32,961.22,854.01
1048;0.46;10;878.83,795.75,956.51,860.09
1049;0.5;10;876.12,803.13,953.98,867.67
1050;0.53;10;873.25,810.89,948.87,873.93
1051;0.43;10;871.91,818.46,946.98,880.86
1052;0.62;10;868.64,824.86,945.74,888.63
1053;0.4;0;1236.2,1059.87,1309.59,1116.11
1054;0.66;10;863.94,838.62,941.21,902.27
1055;0.62;10;861.73,846.46,936.89,908.05
1056;0.62;10;859.53,851.14,936.32,913.84
1057;0.49;10;857.59,858.91,931.22,918.36
1058;0.56;10;855.16,864.08,929.84,923.97
1060;0.54;10;853.39,878.81,923.88,934.72
1061;0.65;10;849.92,886.76,920.53,942.42
1062;0.49;10;847.51,896.95,914.96,949.53
1063;0.57;10;842.49,900.68,913.86,956.08
1064;0.49;10;839.03,907.39,910.6,962.63
1065;0.46;10;836.0,911.66,909.84,968.83
1066;0.46;10;832.82,918.73,906.44,975.48
1067;0.43;10;832.88,925.66,905.84,982.06
1068;0.45;0;1193.53,1152.89,1261.67,1214.52
1069;0.54;0;1192.63,1162.84,1263.83,1222.16
1070;0.54;10;821.64,942.42,901.7,1005.05
1071;0.65;10;818.63,949.69,897.7,1011.56
1072;0.61;10;816.98,955.5,899.89,1019.9
1073;0.38;10;818.48,966.67,896.09,1026.01
1074;0.61;10;810.53,968.81,892.05,1031.61
1075;0.48;10;808.78,977.84,886.32,1037.34
1076;0.56;10;804.86,981.1,886.61,1043.64
1077;0.56;10;804.8,988.74,884.04,1048.94
1078;0.63;10;800.51,995.12,877.39,1053.74
1079;0.54;10;801.4,1004.43,875.35,1060.32
1080;0.53;10;801.02,1012.23,872.91,1065.86
1081;0.58;10;795.52,1016.44,869.78,1071.74
1082;0.43;10;794.37,1019.39,872.16,1077.11
1083;0.54;10;792.34,1028.11,867.69,1083.5
1084;0.35;10;791.12,1038.83,863.94,1091.91
1085;0.56;10;786.26,1042.64,863.16,1099.09
1086;0.55;10;782.66,1047.45,860.55,1104.79
1087;0.48;10;778.63,1053.33,858.48,1112.37
1088;0.47;10;776.06,1059.86,852.46,1116.64
1089;0.54;10;771.41,1064.15,851.63,1124.49
1090;0.37;10;771.96,1074.22,846.07,1129.62
1091;0.67;10;768.71,1078.14,845.35,1135.7
1092;0.51;10;762.62,1083.7,838.91,1141.65
1093;0.58;10;759.8,1089.43,836.89,1148.63
1094;0.41;10;758.95,1098.14,831.71,1153.89
1095;0.66;10;756.02,1102.56,829.35,1159.12
1096;0.48;10;753.96,1109.57,826.34,1165.9
1097;0.58;10;750.31,1116.42,823.49,1173.7
1098;0.55;10;745.46,1123.38,818.47,1181.05
1099;0.54;10;742.96,1126.35,817.98,1185.58
1100;0.53;10;742.23,1134.13,815.35,1191.75
1102;0.53;10;740.91,1146.24,812.85,1202.04
1103;0.36;10;738.04,1153.06,810.73,1208.87
1104;0.52;10;733.09,1158.84,807.68,1216.12
1105;0.58;10;729.18,1164.17,805.84,1223.51
1106;0.54;10;728.64,1173.09,802.71,1230.5
1107;0.53;10;725.51,1178.33,800.33,1236.35
1108;0.67;10;723.33,1184.2,797.9,1242.02
1109;0.38;10;722.94,1192.0,794.25,1246.65
1110;0.65;10;722.5,1198.08,793.16,1251.85
1111;0.56;10;718.28,1203.8,789.79,1258.17
1112;0.56;10;714.01,1207.72,790.75,1266.16
1113;0.61;10;710.96,1212.56,788.71,1271.71
1114;0.46;10;708.6,1221.2,782.57,1277.54
1115;0.38;10;706.45,1226.47,780.11,1282.74
1116;0.41;10;701.53,1233.61,774.57,1290.14
1117;0.36;10;698.84,1239.91,770.54,1296.16
1118;0.69;10;698.07,1245.97,770.88,1303.04
1119;0.65;10;698.41,1252.2,770.47,1308.19
1120;0.63;10;696.96,1257.72,768.6,1313.08
1121;0.65;10;694.09,1263.8,767.23,1319.88
1122;0.65;10;690.81,1269.02,764.67,1325.62
1123;0.51;10;686.63,1273.25,764.3,1332.89
1124;0.55;10;683.27,1276.74,762.89,1337.92
1125;0.63;10;682.36,1282.73,760.71,1343.11
1126;0.63;10;679.19,1291.41,754.93,1350.1
1128;0.65;10;674.7,1300.79,753.09,1361.64
1129;0.63;10;673.54,1310.31,749.48,1369.13
1130;0.69;10;671.37,1318.24,745.92,1376.0
1131;0.46;10;671.13,1328.17,738.72,1380.45
1132;0.65;10;668.52,1330.75,742.06,1387.68
1133;0.47;10;667.03,1340.09,736.73,1393.71
1134;0.52;10;660.51,1343.39,732.87,1399.62
1135;0.58;10;662.3,1350.85,734.72,1406.48
1136;0.57;10;655.32,1353.38,730.48,1411.67
1137;0.41;10;655.14,1363.23,724.93,1417.14
1138;0.62;10;652.57,1364.98,729.16,1423.97
1139;0.41;10;652.47,1375.63,722.44,1429.02
1140;0.55;10;650.08,1380.22,723.06,1435.62
1141;0.66;10;648.78,1389.19,719.44,1442.18
1142;0.6;10;643.18,1393.44,717.49,1449.35
1143;0.5;10;639.93,1396.66,717.28,1455.29
1144;0.55;10;637.08,1401.1,713.98,1459.81
1145;0.61;10;637.88,1411.11,709.58,1465.83
1146;0.59;10;632.43,1413.96,708.65,1472.74
1147;0.56;10;632.47,1421.74,707.6,1479.53
1149;0.55;10;627.86,1430.74,704.75,1489.78
1150;0.67;10;625.31,1437.95,701.19,1496.0
1151;0.58;10;620.71,1446.25,695.6,1503.55
1152;0.66;10;616.08,1451.39,692.6,1509.81
1153;0.38;10;612.73,1456.87,689.1,1515.25
1154;0.49;10;611.37,1462.15,687.72,1520.55
1155;0.55;10;609.62,1467.66,685.69,1526.47
1156;0.53;10;609.18,1472.78,686.23,1532.66
1157;0.44;10;608.48,1481.04,682.43,1538.96
1158;0.46;10;605.45,1484.95,679.0,1542.93
1159;0.51;10;602.23,1491.25,674.8,1549.17
1160;0.65;10;601.45,1497.37,673.13,1554.69
1161;0.57;10;595.91,1504.75,667.98,1562.55
1162;0.57;10;593.02,1509.45,667.06,1569.08
1163;0.45;10;588.71,1514.48,664.92,1576.1
1164;0.46;10;587.39,1515.16,667.87,1580.29
1165;0.43;10;586.68,1522.8,668.0,1588.22
1166;0.38;10;586.76,1532.4,663.38,1593.56
1167;0.56;10;582.3,1535.34,662.86,1599.56
1169;0.48;10;580.05,1549.21,656.5,1609.7
1170;0.5;0;166.78,1575.31,268.54,1659.92
1171;0.45;0;1047.97,393.57,1087.63,437.35
1173;0.59;10;568.69,1573.92,643.67,1633.75
1175;0.52;10;565.45,1582.59,642.31,1644.18
1176;0.47;10;562.66,1590.86,640.1,1652.92
1180;0.41;0;549.87,1617.82,630.18,1678.42
1180;0.39;0;538.68,1729.81,672.4,1828.79
1181;0.53;10;553.5,1621.11,629.01,1680.6
1182;0.59;10;550.3,1629.02,629.3,1691.27
1183;0.59;10;546.53,1634.43,626.85,1697.77
1184;0.47;10;541.22,1637.37,625.44,1703.88
1185;0.53;10;540.77,1643.43,623.49,1708.65
1186;0.49;10;538.82,1650.89,620.04,1714.81
1187;0.41;10;535.31,1655.72,619.56,1722.24
1189;0.44;10;532.6,1670.99,611.55,1733.03
1190;0.36;10;531.17,1681.25,606.98,1740.31
1191;0.42;10;527.35,1687.96,605.82,1748.66
1192;0.46;10;524.18,1694.35,604.88,1756.46
1193;0.38;0;1283.81,41.25,1337.87,87.86
1204;0.47;0;499.56,1761.55,582.63,1828.33
1205;0.4;0;497.55,1769.04,576.62,1832.47
1206;0.62;0;497.68,1774.77,576.65,1839.22
1207;0.44;0;489.39,1783.77,578.03,1846.06
1209;0.5;0;487.75,1794.75,572.41,1860.46
1210;0.5;0;484.51,1802.05,567.14,1867.07
1210;0.39;0;966.96,635.14,1010.33,678.7
1211;0.42;0;483.86,1807.03,565.8,1872.18
1212;0.51;0;481.14,1814.29,563.32,1879.36
1212;0.5;0;67.1,1833.92,166.16,1915.15
1213;0.65;0;61.99,1837.22,165.49,1927.13
1213;0.45;0;480.52,1818.81,563.64,1884.1
1214;0.38;0;59.54,1843.08,159.34,1929.73
1215;0.4;0;473.39,1833.04,552.27,1899.05
1216;0.36;0;471.98,1841.83,548.61,1903.81
1217;0.4;0;464.13,1846.03,552.43,1912.44
1218;0.4;0;460.1,1854.39,548.73,1921.93
1220;0.62;0;458.86,1868.36,540.86,1930.24
1221;0.54;16;457.8,1876.5,537.54,1936.64
1222;0.55;16;455.79,1882.13,535.61,1942.29
1223;0.47;16;456.76,1891.56,531.72,1947.86
1224;0.35;16;452.53,1896.74,527.85,1953.27
1225;0.44;16;450.77,1902.91,528.97,1961.33
1227;0.36;16;446.19,1913.92,524.91,1972.58
1228;0.44;16;440.9,1919.07,523.7,1980.86
1229;0.42;16;436.84,1923.38,522.32,1987.44
1230;0.48;0;22.57,1950.56,110.96,2024.72
1230;0.36;0;687.21,2060.44,776.02,2145.76
1231;0.55;16;430.33,1937.28,514.9,2000.77
1232;0.43;16;426.94,1942.48,514.08,2008.04
1233;0.62;0;1.13,0.0,91.71,67.54
1233;0.47;0;917.29,781.57,952.84,821.52
1234;0.51;0;912.76,788.67,951.12,829.14
1234;0.46;0;0.94,0.0,88.08,72.99
1235;0.53;16;415.45,1961.11,505.75,2029.19
1236;0.65;18;0.0,1.35,86.48,85.34
1236;0.53;16;414.55,1968.14,503.26,2035.36
1237;0.44;18;0.0,1.58,87.07,91.72
1237;0.39;16;410.63,1975.07,499.47,2042.37
1239;0.43;16;405.6,1985.01,492.53,2051.24
1240;0.56;16;401.35,1990.86,493.04,2061.17
1241;0.49;16;397.57,1997.99,488.97,2068.01
1242;0.44;0;887.22,831.34,935.68,880.74
1242;0.35;0;3195.1,1590.38,3251.61,1635.61
1243;0.58;16;391.75,2008.51,485.72,2080.73
1244;0.39;16;389.04,2015.75,479.93,2085.92
1245;0.45;16;384.54,2021.61,477.76,2093.66
1250;0.45;0;874.18,887.06,910.96,926.35
1257;0.39;0;355.61,2100.67,445.68,2160.0
1262;0.5;0;839.71,962.86,880.71,1003.75
1292;0.39;0;765.4,1278.89,828.32,1337.95
1295;0.48;0;750.03,1172.31,793.26,1212.9
1351;0.54;0;2998.18,2037.36,3047.13,2079.88
1353;0.37;0;507.05,1993.34,560.31,2045.19
1366;0.4;0;563.4,1746.28,622.37,1815.15
1372;0.4;0;539.59,1663.53,581.27,1707.45
1400;0.35;0;479.76,1974.12,534.59,2034.0
1788;0.44;0;322.53,1.62,466.37,48.57
1789;0.52;0;318.84,1.57,465.91,49.59
1790;0.6;0;315.49,1.36,463.54,55.64
1791;0.61;0;312.14,0.79,459.27,58.63
1792;0.56;19;299.85,0.94,453.0,61.14
1793;0.62;19;298.33,0.95,460.53,64.89
1794;0.69;19;289.24,2.64,466.32,72.93
1795;0.69;19;277.75,2.02,472.52,80.01
1796;0.67;19;270.98,1.5,478.22,85.58
1797;0.43;19;266.18,3.1,482.17,92.48
1798;0.46;19;257.3,3.86,474.13,94.61
1799;0.6;19;241.52,4.51,469.37,100.79
1800;0.49;19;244.13,6.66,477.84,108.06
1801;0.43;19;254.64,13.79,477.75,113.14
1802;0.64;19;264.16,24.23,468.6,117.49
1803;0.73;19;273.03,34.03,460.29,121.3
1804;0.76;19;272.79,41.13,455.7,128.21
1805;0.59;19;277.03,48.17,456.71,135.57
1806;0.61;19;278.03,53.34,451.99,140.18
1807;0.7;19;281.9,57.55,453.14,144.69
1808;0.73;19;280.46,64.08,446.29,150.17
1809;0.41;19;277.14,67.44,443.91,156.28
1810;0.4;19;273.81,72.31,437.96,161.45
1811;0.42;19;275.08,79.69,434.84,167.74
1812;0.75;19;275.85,86.06,432.7,173.58
1816;0.69;19;271.83,100.92,425.48,188.07
1817;0.71;19;266.93,108.13,425.06,199.11
1820;0.55;19;268.17,124.27,416.05,210.29
1821;0.76;19;264.58,131.37,419.58,222.62
1822;0.46;19;261.26,137.84,414.94,229.9
1823;0.43;19;259.89,143.22,412.3,236.07
1824;0.47;19;265.95,150.53,411.33,240.29
1825;0.45;19;266.94,156.4,405.43,242.86
1826;0.74;19;260.79,161.48,402.82,250.66
1827;0.68;19;263.49,165.73,404.21,254.07
1828;0.39;19;266.72,170.15,407.21,259.27
1829;0.64;19;270.59,179.11,400.38,261.98
1830;0.75;19;270.68,187.87,397.78,269.58
1837;0.66;19;255.62,211.69,389.91,298.33
1838;0.75;19;249.19,222.98,386.59,311.91
1839;0.77;19;244.54,229.02,387.91,322.27
1840;0.78;19;244.12,236.99,379.98,325.93
1841;0.64;19;242.58,241.74,379.24,331.82
1842;0.7;19;239.47,245.49,382.06,339.93
1843;0.67;19;241.6,251.99,375.58,340.52
1844;0.67;19;243.76,259.95,370.67,343.09
1845;0.7;19;241.47,262.47,372.98,349.04
1846;0.68;19;237.03,265.5,372.14,354.75
1847;0.7;19;238.35,274.03,368.5,360.12
1848;0.6;19;238.99,280.52,370.49,367.99
1849;0.76;19;235.73,286.56,364.05,371.46
1850;0.69;19;232.41,290.77,361.81,376.42
1851;0.73;19;227.26,294.6,363.2,384.77
1852;0.74;19;227.23,300.19,361.86,389.57
1853;0.73;19;229.59,308.24,361.06,394.92
1854;0.67;19;226.82,311.35,360.54,399.04
1856;0.61;19;224.37,319.4,358.67,407.78
1857;0.43;19;226.08,326.31,356.61,412.32
1860;0.48;19;217.22,335.4,353.28,425.17
1861;0.46;19;214.7,340.5,353.74,432.11
1862;0.36;19;216.89,350.59,351.03,439.39
1863;0.53;19;213.95,357.43,346.26,444.78
1864;0.66;19;213.46,361.58,349.75,451.96
1866;0.46;19;211.34,371.59,348.46,463.05
1867;0.65;19;209.99,379.23,345.54,469.8
1868;0.55;19;207.82,383.12,350.13,478.49
1870;0.61;19;208.61,393.71,343.9,483.71
1871;0.77;19;204.94,402.19,336.63,490.3
1872;0.39;19;202.8,407.11,336.6,496.11
1874;0.7;19;200.4,413.68,337.59,504.51
1875;0.59;19;195.77,420.7,336.93,514.03
1878;0.71;19;197.08,437.18,328.62,524.22
1882;0.65;19;190.92,454.08,327.36,544.62
1883;0.44;19;188.43,462.26,326.7,553.4
1884;0.41;19;182.42,468.92,327.87,565.65
1885;0.58;19;180.38,475.76,317.39,566.88
1887;0.37;19;182.53,487.33,315.94,575.3
1890;0.74;19;176.36,498.26,311.69,587.26
1894;0.75;19;171.36,517.66,307.96,607.96
1895;0.67;19;166.2,523.37,306.57,616.79
1898;0.46;0;0.0,1552.61,83.78,1705.8
1899;0.54;19;162.71,545.49,295.44,633.8
1904;0.52;19;158.8,563.18,300.51,657.45
1907;0.67;19;152.97,580.07,295.48,674.88
1908;0.53;19;148.57,590.42,290.72,685.47
1911;0.54;19;149.41,605.03,289.37,698.29
1914;0.36;19;140.99,618.43,278.03,709.71
1918;0.53;19;138.28,639.03,273.14,728.63
1920;0.56;19;134.09,649.03,271.22,740.18
1921;0.52;19;133.28,655.66,270.49,746.47
1922;0.76;19;133.11,662.64,269.2,753.02
1923;0.64;19;135.15,669.43,270.06,758.91
1924;0.63;19;128.65,671.53,268.47,764.3
1925;0.55;19;125.48,676.01,263.47,768.08
1926;0.66;19;120.67,677.67,262.53,772.89
1928;0.76;19;122.59,689.97,257.46,780.74
1929;0.38;19;120.66,694.85,256.57,786.54
1932;0.41;19;121.89,710.26,252.9,798.44
1934;0.36;19;115.19,717.21,250.04,807.79
1936;0.48;19;115.11,725.77,249.49,816.54
1937;0.47;19;119.11,733.82,249.59,822.34
1941;0.66;19;114.6,750.8,245.61,839.23
1942;0.76;19;110.56,756.68,244.81,847.39
1943;0.78;19;112.99,766.17,240.75,851.95
1945;0.41;19;106.17,769.23,243.9,862.29
1946;0.56;19;98.91,774.88,237.44,868.69
1947;0.59;19;96.34,779.52,237.25,874.59
1948;0.77;19;99.81,791.21,227.89,877.07
1949;0.61;19;96.8,791.96,227.26,879.31
1951;0.71;19;90.47,794.96,225.75,885.46
1952;0.64;19;87.17,800.26,225.2,892.53
1955;0.58;19;85.56,811.34,222.13,902.36
1956;0.61;19;86.95,818.22,223.82,910.04
1958;0.74;19;88.42,825.8,223.72,916.63
1959;0.74;19;89.37,834.42,221.08,922.39
1961;0.55;19;79.43,838.08,215.38,929.24
1962;0.38;19;80.12,846.7,209.47,933.24
1963;0.45;19;81.13,852.25,213.17,940.6
1964;0.54;19;78.96,859.11,203.41,941.87
1965;0.49;19;74.67,861.25,205.39,948.45
1967;0.44;19;72.39,867.09,207.15,957.14
1968;0.48;19;73.64,873.57,204.95,961.0
1969;0.6;19;68.94,876.94,201.18,965.21
1970;0.73;19;68.35,883.63,198.97,970.62
1971;0.36;19;63.49,885.35,198.79,975.42
1974;0.56;19;59.58,890.72,198.78,983.46
1975;0.36;0;431.64,141.53,502.2,209.49
1976;0.66;19;58.96,908.18,187.73,993.94
1977;0.41;19;54.37,911.52,186.64,999.7
1980;0.5;19;54.36,922.88,189.48,1013.15
1981;0.56;19;51.17,927.38,190.47,1020.58
1982;0.61;19;49.25,932.71,187.73,1025.34
1983;0.69;19;46.86,936.66,183.34,1028.14
1984;0.69;19;48.56,943.11,181.0,1032.07
1985;0.66;19;43.79,943.11,182.17,1036.33
1986;0.68;19;39.56,945.84,179.18,1040.06
1987;0.76;19;39.85,950.44,179.11,1044.12
1988;0.53;19;36.35,953.81,177.17,1048.29
1989;0.62;19;34.83,956.94,173.78,1050.09
1990;0.65;19;32.91,959.42,176.86,1056.09
1991;0.68;19;34.96,964.64,175.89,1059.13
1992;0.53;19;32.32,967.12,176.03,1063.98
1993;0.7;19;34.95,976.78,171.07,1067.69
1994;0.74;19;34.05,980.81,167.96,1069.91
1995;0.59;19;34.76,987.22,166.52,1074.68
1996;0.62;19;33.03,992.13,166.42,1080.6
1998;0.45;19;27.54,998.62,166.69,1091.09
2000;0.53;19;25.91,1006.29,161.03,1096.46
2001;0.64;19;26.33,1013.02,157.38,1100.52
2002;0.67;19;26.14,1016.81,156.1,1103.8
2003;0.69;19;26.67,1025.72,151.73,1108.92
2004;0.69;19;19.66,1026.26,154.35,1115.59
2005;0.66;19;10.68,1026.1,149.88,1118.98
2006;0.61;19;8.62,1029.21,147.3,1122.11
2007;0.59;19;7.23,1030.96,151.02,1127.63
2008;0.58;19;10.29,1035.42,153.26,1131.48
2009;0.78;19;7.74,1040.57,149.59,1136.32
2010;0.8;19;7.3,1047.15,147.28,1141.93
2011;0.73;19;7.4,1052.76,145.43,1146.51
2012;0.58;19;8.14,1057.43,144.46,1149.79
2013;0.68;19;6.58,1058.66,147.4,1153.99
2014;0.69;19;7.7,1064.66,145.66,1157.71
2015;0.74;19;6.37,1070.78,140.1,1161.26
2016;0.71;19;4.28,1072.69,141.1,1165.14
2018;0.6;19;2.32,1079.93,137.01,1171.53
2019;0.67;19;3.48,1087.07,139.62,1180.04
2020;0.7;19;5.3,1094.93,136.57,1184.59
2021;0.63;19;4.91,1098.55,134.54,1186.88
2024;0.69;19;3.38,1107.86,135.06,1198.09
2025;0.72;19;1.0,1112.97,133.85,1204.53
2026;0.51;19;0.07,1114.61,133.09,1207.04
2027;0.57;19;2.77,1123.52,127.39,1210.06
2037;0.36;0;2.55,1158.07,107.29,1250.99
2038;0.62;19;0.0,1153.74,121.35,1246.14
2039;0.67;19;0.0,1162.43,119.64,1258.0
2040;0.59;19;0.0,1169.41,114.88,1263.95
2042;0.64;19;0.0,1175.15,112.56,1270.76
2043;0.66;19;0.0,1179.42,112.92,1275.61
2044;0.68;19;0.0,1186.06,108.78,1279.46
2045;0.76;19;0.0,1194.63,105.7,1284.13
2046;0.56;19;0.0,1195.32,108.42,1289.6
2047;0.62;19;0.0,1198.56,105.61,1291.62
2048;0.68;19;0.0,1201.31,105.06,1294.84
2049;0.53;19;0.0,1202.48,103.37,1296.97
2050;0.69;19;0.0,1207.2,98.62,1301.35
2051;0.71;19;0.0,1212.13,94.69,1305.06
2052;0.69;19;0.0,1216.12,92.22,1309.39
2053;0.68;19;0.0,1222.52,90.4,1314.65
2054;0.67;19;0.0,1225.93,89.85,1318.58
2055;0.67;19;0.0,1233.23,87.5,1323.01
2056;0.65;19;0.0,1234.33,85.1,1326.2
2057;0.66;19;0.0,1240.43,83.14,1331.26
2058;0.63;19;0.0,1247.05,82.72,1337.74
2059;0.66;19;0.0,1249.12,83.34,1340.79
2060;0.49;19;0.0,1251.91,81.72,1343.7
2061;0.56;19;0.0,1255.56,78.82,1347.95
2062;0.49;19;0.0,1261.48,74.52,1353.29
2065;0.46;19;0.0,1270.41,70.73,1361.98
2066;0.37;19;0.0,1276.57,67.8,1366.16
2067;0.45;19;0.0,1282.9,66.46,1373.68
2068;0.42;19;0.0,1291.07,63.34,1377.71
2069;0.44;19;0.0,1296.15,62.23,1382.8
2071;0.42;19;0.0,1300.18,61.07,1388.13
2072;0.35;19;0.0,1304.67,59.86,1392.07
2073;0.36;19;0.0,1308.11,59.87,1396.55
2075;0.38;19;0.0,1316.94,57.2,1405.21
2125;0.38;0;3770.74,1432.64,3839.93,1575.17
2136;0.39;0;3506.51,939.2,3549.13,989.36
2140;0.46;0;3735.04,1528.59,3839.41,1709.67
2140;0.37;0;3501.36,969.62,3543.85,1014.38
2143;0.56;0;0.0,1007.78,81.36,1103.69
2144;0.47;0;3722.54,1541.91,3839.36,1774.08
2144;0.38;0;1.84,1478.79,108.33,1578.16
2145;0.4;0;0.0,1011.16,80.9,1111.76
2145;0.4;0;3720.09,1589.5,3838.96,1773.41
2150;0.44;0;3078.11,0.18,3185.18,61.82
2153;0.36;0;3480.53,1059.33,3524.16,1106.91
2155;0.4;0;3709.3,1650.82,3838.13,1807.51
2158;0.42;0;3096.56,25.52,3174.03,103.7
2159;0.36;0;0.0,1080.11,61.1,1162.5
2160;0.45;0;3097.69,38.06,3172.98,112.43
2161;0.37;0;3095.75,42.63,3166.79,113.63
2164;0.43;0;3094.26,65.97,3169.95,142.42
2166;0.52;0;3087.87,77.22,3173.64,163.21
2168;0.41;0;3458.49,1161.15,3496.55,1204.94
2168;0.35;0;3092.29,90.3,3165.89,164.32
2170;0.56;0;3082.34,98.16,3164.82,187.61
2171;0.38;0;3062.05,103.79,3166.75,209.84
2173;0.45;0;3067.19,117.17,3160.23,214.2
2174;0.59;0;3076.13,121.08,3160.59,211.41
2175;0.58;0;3078.54,124.17,3160.56,211.96
2175;0.55;0;259.14,1092.03,323.54,1156.25
2176;0.57;0;3083.05,137.64,3158.3,216.26
2176;0.38;0;3442.63,1205.96,3486.6,1257.07
2177;0.55;0;3076.22,144.65,3158.54,229.59
2178;0.58;0;3078.16,150.53,3156.94,232.31
2179;0.52;0;3079.2,153.72,3159.32,238.01
2180;0.5;0;3077.68,157.88,3157.76,244.86
2181;0.39;0;3068.99,168.09,3154.58,255.16
2182;0.52;0;3079.34,176.56,3143.76,246.67
2184;0.39;0;3057.23,182.29,3150.54,282.09
2185;0.49;0;3059.02,184.35,3149.91,283.46
2186;0.59;0;3056.0,187.89,3149.97,285.82
2187;0.47;0;3070.77,209.86,3146.84,286.56
2188;0.61;0;3041.44,214.03,3144.87,302.18
2189;0.65;20;3049.11,217.42,3150.38,303.88
2190;0.55;20;3053.27,224.97,3149.62,307.35
2191;0.53;20;3052.99,230.25,3148.24,311.95
2192;0.51;20;3049.2,234.84,3149.74,321.69
2193;0.62;20;3042.79,238.28,3152.39,333.79
2194;0.45;20;3042.01,246.9,3151.84,343.48
2195;0.58;20;3045.82,252.44,3148.58,343.7
2196;0.67;20;3042.67,259.93,3145.93,352.32
2197;0.61;20;3046.89,265.09,3143.54,352.51
2198;0.66;20;3043.07,267.2,3139.54,355.14
2199;0.44;20;3043.28,273.74,3136.96,359.24
2200;0.41;20;3042.14,280.88,3133.09,364.52
2201;0.5;20;3039.22,287.15,3131.9,372.87
2202;0.55;20;3040.35,294.02,3130.82,377.81
2203;0.38;20;3041.86,299.04,3131.17,382.28
2204;0.37;20;3043.52,303.53,3130.65,385.69
2205;0.48;20;3040.96,310.32,3130.88,395.63
2206;0.66;20;3034.25,317.7,3129.42,408.07
2207;0.51;20;3035.65,323.15,3129.54,412.72
2208;0.61;20;3032.31,326.51,3132.67,423.47
2209;0.7;20;3031.26,334.43,3128.52,428.83
2210;0.66;20;3030.9,338.23,3125.49,430.84
2211;0.58;20;3030.68,342.86,3122.12,433.17
2212;0.54;20;3031.36,355.16,3117.28,439.92
2213;0.65;20;3027.54,359.03,3116.67,447.21
2214;0.64;20;3028.38,365.64,3114.63,450.92
2215;0.4;20;3030.22,370.76,3113.41,453.44
2216;0.59;20;3028.99,375.92,3110.94,458.31
2217;0.64;20;3024.11,382.18,3108.65,466.85
2218;0.68;20;3017.14,385.55,3107.63,475.7
2219;0.69;20;3015.73,392.1,3109.71,486.17
2220;0.66;20;3015.01,397.12,3107.98,490.15
2221;0.39;20;3017.02,404.09,3104.77,491.83
2222;0.63;20;3014.14,404.38,3107.93,498.96
2223;0.52;20;3014.22,412.27,3104.06,502.9
2224;0.36;20;3017.79,420.63,3099.01,503.27
2225;0.62;20;3012.27,425.72,3100.19,515.87
2226;0.65;20;3009.09,429.68,3099.02,522.42
2227;0.64;20;3011.28,435.02,3098.2,525.3
2228;0.57;20;3012.97,439.61,3099.04,529.5
2229;0.45;20;3011.64,444.84,3097.64,535.51
2230;0.43;20;3014.26,456.44,3091.14,538.02
2231;0.56;20;3012.3,459.65,3091.15,543.55
2232;0.42;20;3010.88,466.73,3084.77,545.53
2233;0.47;20;3001.03,469.25,3084.26,557.77
2234;0.58;20;2999.52,476.99,3083.13,565.3
2235;0.66;20;2996.03,481.81,3079.45,569.05
2236;0.55;20;2994.51,488.55,3077.69,574.53
2237;0.4;20;2994.34,497.15,3077.97,582.85
2238;0.55;20;2991.68,498.75,3080.68,590.16
2239;0.62;20;2989.6,499.78,3081.75,594.71
2240;0.54;20;2993.43,508.52,3079.53,596.67
2241;0.52;20;2993.16,513.93,3077.12,599.17
2242;0.41;0;3796.65,1709.24,3840.0,1857.21
2242;0.4;0;3778.05,1702.25,3838.68,1863.77
2243;0.43;0;2996.51,529.76,3070.27,609.45
2243;0.4;0;3786.72,1708.33,3840.0,1867.59
2243;0.37;0;3773.43,1700.47,3838.99,1877.94
2244;0.56;20;2990.87,534.05,3074.57,619.04
2245;0.48;0;2668.06,1699.5,2850.05,1834.51
2245;0.48;0;3769.81,1721.61,3839.09,1894.15
2246;0.55;0;3770.54,1732.96,3838.95,1885.14
2246;0.39;0;2664.83,1707.45,2845.95,1835.59
2247;0.52;0;3769.02,1736.74,3839.25,1893.46
2247;0.46;0;2658.68,1700.49,2850.17,1842.43
2248;0.5;20;2975.88,552.81,3064.18,642.04
2250;0.47;20;2977.17,565.01,3059.99,648.85
2251;0.65;20;2977.57,571.34,3061.62,656.28
2252;0.65;20;2977.59,576.86,3060.93,661.09
2253;0.68;20;2975.21,582.47,3059.55,667.29
2254;0.65;20;2973.67,588.04,3058.41,672.63
2255;0.68;20;2968.16,593.42,3056.02,680.84
2256;0.68;20;2968.24,598.82,3056.73,687.13
2257;0.66;20;2969.43,607.34,3055.61,692.88
2258;0.65;20;2967.33,608.41,3056.36,696.98
2259;0.55;20;2966.55,618.54,3054.07,705.49
2260;0.69;20;2964.36,623.96,3052.82,712.36
2261;0.51;20;2966.75,632.08,3051.09,716.39
2262;0.53;20;2965.68,637.36,3047.71,719.26
2263;0.56;20;2960.77,642.61,3044.97,726.05
2264;0.7;20;2957.88,649.07,3042.85,732.83
2265;0.7;20;2958.48,655.05,3043.79,738.54
2266;0.54;20;2957.98,659.15,3042.66,741.49
2267;0.52;20;2955.18,664.57,3041.81,748.89
2268;0.55;20;2956.46,672.04,3036.35,750.48
2269;0.45;20;2955.31,676.43,3037.52,757.37
2270;0.58;20;2952.62,680.85,3036.27,763.41
2271;0.48;20;2950.78,687.53,3031.05,767.6
2272;0.42;20;2951.34,694.79,3034.74,778.15
2273;0.61;20;2950.04,698.07,3036.46,784.29
2274;0.52;20;2945.63,700.59,3035.14,790.11
2275;0.52;0;3698.33,1956.05,3837.92,2111.8
2276;0.51;20;2942.22,713.78,3030.33,802.17
2277;0.61;20;2941.42,722.03,3027.72,808.47
2278;0.63;20;2941.6,729.25,3026.51,813.73
2279;0.55;20;2939.37,733.8,3022.06,815.67
2280;0.54;20;2936.35,738.09,3020.13,821.03
2281;0.67;20;2934.02,741.99,3019.79,827.52
2282;0.65;20;2935.17,747.77,3020.71,833.21
2283;0.57;20;2935.11,753.58,3018.47,836.43
2285;0.61;20;2932.66,765.52,3015.19,847.27
2286;0.65;20;2926.78,770.67,3012.02,854.27
2287;0.57;20;2924.73,775.73,3011.31,860.6
2288;0.59;20;2926.42,782.54,3008.64,864.44
2289;0.69;20;2923.34,788.54,3008.9,873.6
2290;0.64;20;2922.79,792.75,3009.61,879.35
2291;0.48;20;2922.06,800.31,3006.54,884.06
2292;0.46;20;2920.73,804.97,3005.25,888.25
2293;0.53;20;2917.87,810.47,3004.94,895.92
2294;0.64;20;2917.52,817.79,3001.77,900.18
2295;0.66;20;2915.26,822.18,3001.42,906.58
2296;0.5;20;2916.22,829.67,2997.78,910.48
2297;0.47;20;2914.68,836.53,2992.82,914.1
2298;0.6;20;2911.61,841.62,2992.5,921.77
2299;0.67;20;2909.69,841.42,2996.08,927.44
2300;0.51;20;2909.57,847.92,2995.6,933.28
2301;0.51;20;2908.24,855.04,2990.55,937.53
2302;0.64;20;2904.8,859.24,2990.1,944.6
2303;0.66;20;2901.97,863.51,2988.95,950.55
2304;0.59;20;2901.5,871.8,2986.46,956.22
2305;0.52;20;2900.45,879.76,2980.86,960.11
2306;0.47;20;2899.96,885.75,2981.87,967.26
2307;0.45;20;2900.43,891.76,2982.19,973.06
2308;0.44;20;2901.87,899.93,2978.77,976.74
2310;0.54;20;2897.68,908.28,2974.79,986.65
2311;0.44;20;2896.13,915.11,2976.2,996.27
2312;0.59;20;2894.75,921.34,2974.83,1002.07
2313;0.5;20;2894.99,928.19,2970.71,1005.51
2314;0.36;20;2891.91,931.99,2969.93,1011.35
2315;0.4;20;2889.56,937.45,2968.59,1017.44
2316;0.47;20;2886.1,941.64,2966.88,1023.62
2317;0.42;20;2885.82,946.62,2966.89,1028.7
2318;0.42;20;2883.74,951.19,2965.32,1033.76
2319;0.37;20;2884.38,959.27,2964.8,1040.53
2320;0.56;20;2881.71,963.3,2964.54,1046.59
2321;0.6;20;2876.15,965.43,2962.47,1051.43
2322;0.36;0;3726.0,1989.78,3837.82,2159.6
2323;0.4;0;3718.75,1996.21,3837.66,2159.35
2325;0.44;0;2869.35,991.99,2957.43,1072.73
2328;0.53;20;2871.57,1008.47,2954.68,1091.04
2329;0.65;20;2868.66,1014.71,2951.75,1097.26
2330;0.45;20;2868.16,1020.09,2952.24,1103.23
2331;0.5;20;2867.05,1024.24,2953.67,1109.86
2332;0.52;20;2867.64,1034.1,2950.43,1116.11
2333;0.55;20;2866.59,1038.83,2947.8,1119.31
2334;0.54;20;2864.54,1044.21,2946.46,1125.3
2335;0.53;20;2863.16,1048.85,2945.54,1131.05
2336;0.56;20;2861.22,1053.97,2944.46,1137.1
2337;0.6;20;2860.21,1059.62,2942.6,1142.12
2338;0.59;20;2854.66,1063.99,2937.89,1147.08
2339;0.41;20;2853.58,1069.41,2937.08,1152.19
2340;0.6;20;2851.24,1071.76,2936.38,1156.63
2341;0.62;20;2853.6,1078.17,2933.59,1158.78
2342;0.64;20;2853.07,1084.15,2930.9,1163.13
2343;0.52;20;2849.1,1091.77,2928.61,1171.31
2344;0.45;20;2849.46,1098.15,2931.92,1180.25
2345;0.47;20;2848.49,1104.5,2931.58,1186.74
2346;0.39;20;2846.61,1109.79,2931.02,1193.13
2347;0.37;0;3739.2,1647.27,3839.88,1794.23
2348;0.48;0;3737.48,1645.09,3839.48,1796.91
2349;0.49;0;3728.69,1645.0,3838.67,1811.1
2349;0.4;0;2840.42,1125.72,2921.09,1206.28
2351;0.43;0;2837.46,1136.77,2920.54,1219.82
2352;0.51;20;2833.78,1143.21,2913.66,1223.39
2353;0.52;20;2835.04,1151.98,2911.52,1229.63
2354;0.43;20;2836.38,1160.36,2908.55,1234.57
2358;0.43;20;2832.38,1176.73,2903.26,1250.22
2359;0.48;20;2832.02,1184.51,2907.67,1263.17
2361;0.45;20;2823.42,1192.72,2904.82,1276.48
2362;0.43;20;2821.19,1203.92,2900.24,1284.63
2363;0.45;20;2819.28,1208.84,2898.77,1289.99
2364;0.57;20;2820.03,1216.46,2896.85,1295.79
2365;0.51;20;2814.52,1215.15,2896.44,1299.63
2366;0.4;20;2814.6,1223.5,2895.26,1306.68
2367;0.55;20;2815.24,1227.73,2895.38,1310.7
2368;0.4;20;2815.36,1237.26,2889.52,1314.71
2369;0.55;20;2815.64,1242.31,2885.13,1315.34
2371;0.47;20;2811.74,1251.87,2887.72,1331.08
2372;0.46;20;2809.81,1257.1,2888.62,1338.81
2375;0.36;20;2807.66,1272.6,2885.75,1354.43
2377;0.43;20;2804.56,1285.18,2880.88,1365.64
2378;0.53;20;2799.74,1289.13,2880.8,1374.41
2379;0.35;20;2796.58,1296.8,2876.24,1380.32
2380;0.55;20;2794.19,1300.86,2874.58,1385.29
2381;0.43;20;2795.36,1307.81,2875.34,1391.35
2382;0.46;20;2792.95,1315.29,2868.9,1395.31
2383;0.49;20;2791.86,1322.22,2863.91,1399.09
2384;0.36;20;2788.71,1327.82,2860.44,1405.58
2386;0.38;20;2787.26,1336.03,2860.63,1416.4
2390;0.4;20;2784.25,1354.3,2859.44,1437.63
2391;0.36;20;2780.19,1359.23,2854.14,1441.03
2394;0.39;20;2778.52,1380.0,2845.42,1454.32
2395;0.58;20;2771.67,1383.89,2848.89,1469.68
2396;0.57;20;2770.82,1390.73,2848.76,1477.31
2397;0.53;20;2769.06,1395.8,2845.66,1480.81
2398;0.42;20;2768.71,1402.51,2843.65,1485.16
2399;0.38;20;2765.41,1404.17,2843.25,1490.05
2400;0.53;20;2766.88,1415.08,2838.44,1494.89
2401;0.47;20;2763.88,1422.04,2836.38,1503.56
2402;0.38;20;2764.0,1425.75,2835.82,1507.14
2406;0.36;20;2758.68,1444.49,2830.41,1526.44
2407;0.37;20;2756.1,1451.5,2832.19,1537.71
2408;0.59;20;2752.71,1456.83,2831.15,1544.89
2409;0.41;20;2748.62,1460.4,2828.38,1549.56
2410;0.58;20;2745.81,1463.97,2825.07,1552.24
2411;0.38;20;2744.68,1469.87,2822.36,1555.87
2412;0.39;20;2743.32,1476.3,2821.38,1561.85
2415;0.42;20;2739.18,1491.35,2816.98,1577.18
2416;0.44;20;2738.39,1502.79,2814.73,1587.88
2417;0.38;20;2738.66,1512.09,2811.23,1593.39
2419;0.48;20;2731.64,1515.9,2809.1,1602.35
2420;0.41;20;2730.31,1519.38,2808.7,1606.72
2421;0.44;20;2726.06,1521.3,2808.9,1613.92
2422;0.51;20;2726.93,1530.52,2808.14,1620.94
2424;0.43;20;2723.65,1542.05,2804.11,1630.79
2425;0.53;20;2720.6,1548.22,2802.18,1637.49
2426;0.39;0;2.16,1323.59,197.97,1885.67
2427;0.42;0;2716.42,1559.77,2795.9,1647.61
2428;0.43;0;2716.82,1565.12,2794.95,1652.67
2432;0.43;0;2707.26,1581.35,2783.78,1671.33
2433;0.51;20;2706.78,1589.21,2787.75,1677.51
2434;0.53;20;2703.45,1592.79,2788.51,1685.72
2435;0.51;20;2698.99,1596.03,2781.13,1685.76
2438;0.36;20;2695.12,1612.16,2778.55,1702.34
2440;0.38;20;2690.42,1628.75,2774.56,1719.44
2441;0.55;20;2688.24,1633.97,2774.04,1726.07
2442;0.6;20;2684.8,1637.55,2772.25,1731.22
2443;0.43;20;2684.13,1645.02,2771.06,1738.59
2445;0.6;20;2684.58,1656.23,2769.96,1746.88
2446;0.51;20;2685.96,1665.93,2769.81,1753.43
2447;0.46;20;2681.16,1669.85,2767.6,1760.55
2450;0.51;20;2671.78,1678.77,2761.42,1773.47
2452;0.53;20;2668.02,1692.04,2756.49,1786.25
2453;0.45;20;2663.04,1696.54,2753.55,1793.82
2454;0.43;20;2664.41,1706.75,2749.14,1798.34
2460;0.36;20;2656.69,1726.39,2743.16,1819.65
2461;0.43;20;2649.8,1736.88,2738.95,1834.11
2462;0.35;20;2647.75,1745.92,2734.27,1841.34
2463;0.44;20;2644.05,1750.42,2729.71,1845.84
2464;0.39;20;2644.2,1755.17,2728.39,1849.45
2468;0.39;20;2640.81,1774.52,2723.32,1866.72
2472;0.39;20;2630.0,1794.56,2714.91,1888.48
2475;0.49;20;2623.74,1815.02,2706.6,1906.81
2477;0.49;20;2623.82,1831.03,2704.67,1919.91
2479;0.38;20;2620.32,1846.92,2699.75,1934.49
2480;0.53;20;2617.54,1849.97,2701.19,1942.84
2481;0.46;20;2613.94,1856.77,2696.97,1948.78
2485;0.47;20;2603.14,1866.64,2693.44,1967.21
2486;0.35;0;0.77,1269.79,109.22,1522.3
2487;0.49;0;2601.09,1884.06,2688.94,1982.91
2488;0.44;0;2599.72,1882.74,2685.89,1987.2
2489;0.4;0;2597.22,1891.09,2687.23,1992.83
2493;0.46;0;2592.15,1920.18,2672.97,2010.41
2498;0.46;0;2582.72,1943.47,2661.72,2038.04
2499;0.49;0;2577.85,1951.69,2662.98,2044.09
2500;0.46;0;2575.36,1944.46,2662.85,2049.63
2501;0.38;0;2578.18,1956.84,2660.62,2057.63
2502;0.57;20;2568.22,1952.45,2664.62,2061.83
2503;0.44;20;2566.17,1962.44,2658.41,2066.56
2504;0.38;20;2566.54,1969.36,2657.05,2072.57
2506;0.65;20;2560.88,1978.96,2650.45,2080.69
2507;0.53;20;2558.15,1981.25,2649.71,2086.16
2508;0.57;20;2554.35,1990.04,2644.14,2092.47
2509;0.54;20;2553.84,1998.92,2642.04,2098.48
2510;0.59;20;2552.35,2004.98,2639.3,2102.75
2511;0.53;20;2551.46,2010.2,2637.28,2106.5
2512;0.49;20;2551.85,2020.3,2634.59,2112.04
2513;0.41;20;2550.92,2028.33,2632.36,2118.63
2515;0.48;20;2548.49,2036.55,2630.44,2127.18
2517;0.42;20;2543.98,2039.09,2631.91,2136.99
2518;0.41;20;2538.62,2041.35,2629.55,2143.36
2520;0.35;0;0.52,747.34,88.4,866.54
2521;0.38;0;2539.39,2072.08,2611.42,2153.95
2523;0.39;0;2534.15,2077.21,2607.4,2159.83
2525;0.51;20;2536.11,2079.67,2609.59,2160.0
2529;0.47;0;0.0,986.85,86.87,1232.3
2530;0.43;0;0.45,1008.1,88.49,1234.9
2531;0.41;0;0.25,1003.36,85.73,1259.82
2638;0.37;0;2775.4,0.15,3183.2,160.1
2670;0.46;0;0.19,114.81,83.04,311.97
2690;0.38;0;0.0,1348.53,80.34,1467.66
2708;0.45;0;2618.02,768.6,2712.54,853.3
2715;0.43;0;3083.31,455.9,3178.27,558.47
2748;0.63;0;3568.6,256.75,3690.74,351.13
2762;0.57;0;2982.18,734.27,3083.13,824.12
2771;0.43;0;2956.07,788.52,3053.97,883.65
2798;0.43;0;3469.27,551.62,3573.67,641.05
2811;0.38;0;2862.66,1026.89,2952.7,1113.03
2814;0.41;0;2859.28,1037.82,2945.14,1120.87
2841;0.46;0;2795.13,1201.21,2878.56,1288.8
2850;0.6;0;3337.64,852.04,3448.51,950.1
2862;0.53;0;334.62,1583.98,460.77,1699.45
2868;0.39;0;1648.65,364.26,1763.3,452.27
2897;0.36;0;1005.86,890.37,1032.88,913.84
2908;0.36;0;2142.67,1973.54,2237.82,2052.2
2914;0.56;0;2125.75,1995.63,2228.46,2075.78
2919;0.42;0;3146.59,1219.1,3256.4,1313.48
2944;0.4;0;2533.31,1773.36,2629.85,1863.28
2972;0.38;0;2457.7,1609.53,2543.9,1695.89
3008;0.38;0;0.0,2.04,88.65,105.45
3010;0.49;0;2916.87,1668.23,3037.07,1770.18
3011;0.41;0;120.66,1190.95,527.77,1409.03
3015;0.39;0;0.0,2.07,85.63,171.59
3021;0.48;0;2905.59,1729.33,3009.65,1821.11
3025;0.56;0;496.56,1781.36,609.12,1895.38
3029;0.38;0;299.27,0.0,619.43,151.55
3030;0.4;0;228.25,0.0,608.82,357.04
3032;0.36;0;213.28,2.82,615.49,360.73
3035;0.41;0;284.0,0.0,640.75,155.22
3036;0.38;0;247.85,0.15,672.67,172.67
3037;0.41;0;239.63,0.0,664.62,147.93
3038;0.55;0;250.47,0.19,658.7,158.98
3043;0.41;0;1.17,0.0,140.06,69.33
3048;0.37;0;141.97,0.38,614.19,199.75
3049;0.41;0;1.33,1394.77,427.01,1690.88
3051;0.53;0;444.09,1962.09,559.34,2068.5
3057;0.45;0;3.69,1452.28,418.66,1743.43
3060;0.56;0;0.68,1458.3,414.87,1771.27
3063;0.38;0;0.98,1553.07,390.56,1798.31
3064;0.47;0;0.96,1558.93,386.73,1792.31
3065;0.59;0;0.18,1457.95,390.12,1807.24
3066;0.4;0;2.22,1546.91,391.85,1812.93
3067;0.48;0;0.5,1541.99,400.82,1812.74
3068;0.49;0;0.54,1535.76,381.67,1816.9
3068;0.37;0;0.0,1393.49,396.49,1830.06
3069;0.38;0;0.26,1477.06,391.19,1833.97
3070;0.43;0;0.17,1494.5,391.42,1826.5
3071;0.5;0;0.0,1482.82,390.59,1843.97
3071;0.45;0;1.47,1593.72,388.54,1836.95
3072;0.46;0;0.0,1473.11,400.64,1841.37
3072;0.37;0;0.53,1584.33,388.03,1839.61
3073;0.51;0;0.11,1439.6,384.88,1847.08
3073;0.44;0;0.47,1559.76,372.19,1844.38
3074;0.61;0;0.0,1536.95,383.56,1862.61
3075;0.58;24;22.26,1583.81,359.12,1869.33
3078;0.53;24;30.12,1629.24,341.72,1892.25
3080;0.48;24;23.65,1639.97,342.46,1908.02
3081;0.49;24;24.6,1644.43,343.23,1910.68
3082;0.37;24;22.15,1649.96,353.69,1925.33
3083;0.38;0;152.18,1747.62,270.91,1855.55
3084;0.42;0;0.16,1665.52,362.17,1941.99
3084;0.4;0;0.0,1538.23,377.51,1948.13
3085;0.5;24;22.24,1681.58,342.76,1944.99
3086;0.45;24;7.57,1662.14,362.6,1953.69
3087;0.45;24;3.18,1664.83,362.21,1959.39
3088;0.39;24;3.03,1664.13,367.31,1962.38
3089;0.46;24;0.0,1635.92,379.77,1971.06
3090;0.43;24;0.0,1598.93,407.81,1980.92
3096;0.43;24;0.0,1644.56,386.38,2004.4
3111;0.48;0;0.0,1895.44,289.63,2151.52
3113;0.37;0;0.0,1849.88,311.7,2151.85
3114;0.43;0;0.0,1856.25,301.49,2151.14
3114;0.35;0;0.0,1705.62,308.39,2149.98
3164;0.35;0;1.13,890.33,220.86,1426.32
3178;0.38;0;0.0,1245.6,86.2,1464.62
3220;0.45;0;0.19,1594.96,79.64,1702.09
3221;0.39;0;0.08,1607.94,87.59,1706.73
3223;0.37;0;0.07,1642.05,79.31,1722.12
3225;0.55;0;0.0,1653.97,75.34,1737.42
3226;0.46;0;0.0,1658.6,67.47,1746.3
3227;0.45;0;0.12,1674.9,71.41,1758.14
3228;0.5;0;0.0,1673.81,62.75,1758.9
3234;0.41;0;0.03,1721.11,66.01,1827.39
3236;0.37;0;0.0,1737.41,54.95,1819.53
3244;0.4;0;3748.07,1311.67,3839.85,1548.09
3269;0.35;0;3148.23,283.32,3323.6,465.48
3270;0.4;0;3634.21,0.06,3836.78,335.32
3271;0.51;0;0.17,1227.22,94.74,1376.27
3271;0.47;0;2492.9,3.2,2930.79,318.99
3272;0.58;0;2493.49,2.72,2913.94,277.75
3272;0.37;0;0.04,1232.16,93.24,1386.95
3275;0.38;0;3610.85,0.0,3839.61,389.68
3276;0.42;0;2484.92,2.65,2885.47,295.4
3277;0.38;0;2478.89,0.0,2885.47,299.42
3278;0.45;0;2546.49,0.0,2913.93,294.02
3278;0.37;0;3607.15,4.53,3835.27,411.82
3280;0.44;0;3607.12,3.83,3835.63,404.86
3281;0.44;0;2460.38,38.31,2797.32,320.03
3281;0.4;0;3602.13,4.24,3835.35,407.44
3288;0.35;0;3590.0,4.42,3836.17,417.31
3289;0.38;0;3758.83,389.71,3840.0,616.69
3293;0.38;0;2490.83,0.38,2892.86,360.42
3295;0.58;0;339.53,456.05,488.38,569.34
3295;0.39;0;2539.42,1.84,2906.78,350.37
3296;0.7;0;336.47,459.66,491.74,577.71
3300;0.45;0;3544.65,0.86,3839.96,422.46
3301;0.51;0;3536.58,0.45,3839.88,423.61
3302;0.5;0;3533.48,0.82,3839.89,425.74
3302;0.48;0;2452.12,0.0,2904.34,428.45
3303;0.54;0;3531.61,0.0,3839.84,424.75
3304;0.44;0;3522.67,4.3,3836.44,435.27
3305;0.37;0;2516.27,0.0,2877.73,181.09
3306;0.36;0;3509.44,6.03,3837.36,429.66
3308;0.46;0;2502.19,0.0,2865.85,196.04
3308;0.44;0;2505.1,3.37,2873.18,301.73
3308;0.38;0;3505.83,5.66,3837.87,436.01
3309;0.5;0;2500.42,2.01,2881.91,291.14
3309;0.48;0;2497.42,0.0,2874.18,204.74
3309;0.43;0;3493.32,5.25,3837.14,439.14
3310;0.41;0;3489.85,4.97,3838.14,438.2
3311;0.46;0;3488.81,4.43,3837.14,434.62
3312;0.54;0;2494.75,3.35,2885.02,397.27
3312;0.35;0;3482.96,4.74,3837.12,442.03
3313;0.55;0;2490.58,3.39,2883.51,361.71
3314;0.47;0;2495.63,5.06,2892.27,401.77
3315;0.45;0;3480.24,3.39,3838.11,441.58
3316;0.43;0;2493.48,4.33,2894.22,395.53
3322;0.51;0;2473.62,0.67,2911.86,329.1
3323;0.46;0;2469.02,4.46,2884.95,355.29
3326;0.36;0;2455.66,6.65,2896.39,395.03
3334;0.42;0;3658.11,431.49,3769.36,526.97
3334;0.38;0;0.0,1285.93,181.67,1710.75
3336;0.49;0;3653.73,448.93,3761.67,538.1
3338;0.65;0;3648.93,458.22,3757.76,550.28
3342;0.48;0;3633.68,477.41,3748.49,576.58
3347;0.48;0;853.95,0.04,1224.81,152.73
3359;0.38;0;0.23,1532.06,105.48,1818.73
3361;0.4;0;2468.3,1.12,2939.74,308.37
3377;0.37;0;1.1,1302.44,85.99,1388.19
3387;0.38;0;2450.71,0.0,2843.92,495.66
3390;0.46;0;2449.17,21.57,2837.46,430.65
3390;0.43;0;992.74,0.04,1353.15,154.87
3418;0.56;0;0.2,210.09,92.39,311.76
3420;0.43;0;0.38,237.25,87.14,333.76
3452;0.39;0;3762.83,725.13,3838.85,815.46
3467;0.39;0;2957.29,1651.18,3098.62,1747.57
3518;0.39;0;0.34,1700.39,97.38,1832.53
3565;0.37;0;0.67,1802.67,108.31,1967.3
3603;0.36;0;0.0,1627.41,307.87,2145.56
3603;0.35;0;0.0,1868.11,284.96,2149.54
3621;0.35;0;0.0,1730.09,352.61,2153.8
3622;0.4;0;328.43,128.64,434.51,204.92
3628;0.48;0;313.91,176.68,412.2,254.06
3717;0.41;0;846.91,259.5,954.24,360.75
3721;0.4;0;837.59,296.53,947.26,394.62
3724;0.46;0;830.27,314.43,936.83,408.35
3725;0.5;0;824.1,315.72,933.62,414.46
3728;0.35;0;815.28,346.13,923.98,444.81
3729;0.41;0;811.01,352.89,921.94,446.63
3734;0.59;0;796.77,384.82,900.02,482.41
3735;0.41;0;788.48,393.59,900.55,498.38
3741;0.36;0;767.75,429.64,878.97,537.44
3742;0.63;0;768.08,444.52,875.98,546.61
3744;0.59;27;766.28,456.36,870.88,555.26
3745;0.36;0;366.12,481.33,489.75,568.0
3747;0.5;0;751.5,483.21,860.52,582.33
3749;0.62;0;746.31,499.31,852.28,596.81
3777;0.36;0;253.01,733.7,358.66,822.19
3917;0.57;0;3511.29,1028.74,3568.73,1078.2
3936;0.4;0;550.95,0.24,992.09,171.99
3987;0.36;0;3338.95,0.85,3470.02,69.12
4018;0.57;0;555.65,0.0,946.15,166.76
4027;0.5;0;307.37,1264.23,417.22,1347.09
4030;0.39;0;1308.04,0.0,1637.22,155.55
4044;0.38;0;3136.93,271.89,3238.4,345.16
4052;0.41;0;601.82,0.1,1045.58,156.38
4054;0.38;0;477.77,498.68,594.09,600.41
4054;0.36;0;543.94,0.0,1049.99,156.05
4057;0.56;0;598.6,0.01,1051.6,171.04
4058;0.39;0;578.19,0.0,1041.96,160.92
4059;0.49;0;632.36,0.0,1045.77,162.3
4060;0.59;0;644.87,0.0,1037.68,177.74
4065;0.46;0;610.67,0.34,1043.33,180.59
4066;0.58;0;632.75,1.97,1019.32,219.94
4073;0.37;0;432.36,637.24,541.54,733.52
4076;0.39;0;415.31,660.4,535.84,761.96
4077;0.42;0;412.04,667.66,535.52,767.67
4081;0.42;0;412.04,698.22,517.35,792.79
4089;0.37;0;388.17,752.81,496.56,851.91
4102;0.35;0;335.87,846.03,465.37,949.95
4104;0.35;0;339.16,859.77,456.03,961.5
4106;0.47;0;2722.32,157.21,2838.48,264.51
4113;0.51;0;313.89,927.15,437.35,1030.51
4128;0.37;0;424.74,1886.46,483.25,1937.29
4138;0.48;0;248.7,1104.36,371.73,1208.76
4148;0.37;0;224.05,1178.01,344.93,1276.68
4151;0.45;0;228.65,1202.12,349.27,1304.89
4152;0.46;0;209.67,1210.35,352.76,1319.9
4153;0.45;0;215.53,1216.14,344.77,1323.87
4180;0.35;0;148.79,1412.86,280.55,1516.85
4184;0.39;0;155.02,1444.75,286.11,1549.23
4185;0.45;0;138.65,1451.77,292.65,1561.58
4185;0.36;0;679.79,0.0,1165.97,169.39
4190;0.35;0;686.37,0.0,1156.03,176.71
4193;0.56;0;682.21,0.0,1172.55,193.93
4195;0.43;0;660.76,0.41,1170.09,186.21
4196;0.44;0;687.33,0.93,1165.41,207.22
4198;0.52;0;109.44,1545.21,262.1,1659.68
4201;0.57;0;101.97,1567.66,243.4,1675.73
4207;0.42;0;88.64,1609.86,226.66,1724.57
4210;0.38;0;84.84,1634.42,224.71,1747.61
4221;0.53;0;57.35,1714.02,204.21,1830.76
4242;0.44;0;1.29,1987.68,103.11,2147.84
4245;0.36;0;0.99,1859.32,201.21,2156.42
4250;0.4;0;0.04,1898.12,183.89,2158.88
4251;0.37;0;0.0,1887.51,194.15,2159.61
4304;0.37;0;0.41,1507.29,404.3,1942.84
4312;0.37;0;0.12,1626.59,393.67,1998.44
4317;0.47;0;2299.08,1215.15,2429.8,1311.78
4318;0.38;0;0.0,1681.49,387.97,2037.77
4322;0.51;0;0.0,1579.84,385.92,2079.38
4322;0.42;0;0.0,1721.38,371.47,2061.05
4329;0.39;0;0.0,1626.87,382.32,2148.25
4337;0.35;0;0.0,1817.39,357.24,2154.52
4340;0.39;0;0.0,1832.97,353.34,2154.85
4344;0.38;0;0.0,1775.23,358.03,2155.18
4345;0.41;0;0.0,1801.97,362.47,2156.15
4346;0.43;0;0.0,1765.2,371.31,2156.41
4348;0.45;0;0.0,1799.52,353.55,2156.21
4352;0.43;0;0.0,1686.33,354.98,2154.72
4466;0.37;0;771.26,0.0,1101.08,159.26
4468;0.42;0;800.99,0.0,1114.42,170.24
4469;0.39;0;707.5,0.0,1121.55,162.86
4585;0.44;0;680.68,1753.24,741.53,1812.23
4589;0.46;0;673.12,1781.25,730.31,1833.34
4605;0.41;0;543.75,0.0,1006.9,163.66
4649;0.4;0;3540.48,0.92,3765.97,59.93
4777;0.55;0;2796.5,1920.74,2882.22,1989.57
4786;0.41;0;2780.62,1977.62,2860.83,2047.57
4788;0.43;0;2777.71,1989.86,2863.86,2059.23
4828;0.39;0;2606.78,46.1,2788.08,185.04
4845;0.36;0;1474.27,1945.97,1621.49,2066.22
5025;0.36;0;1352.63,1208.98,1393.55,1250.43
5071;0.47;0;2287.94,37.05,2396.1,148.6
5094;0.55;0;1997.8,1.61,2202.84,156.4
5095;0.36;0;1989.45,0.96,2226.77,179.73
5203;0.38;0;2026.11,887.02,2120.56,981.88
5314;0.36;0;2274.97,1146.57,2440.85,1283.45
5331;0.43;0;1918.31,242.99,2022.54,362.43
5586;0.36;0;1299.57,509.01,1383.33,600.25
5623;0.37;0;2128.82,3.06,2310.93,172.06
5625;0.36;0;2116.66,12.68,2310.21,195.38
5770;0.42;0;2.35,35.15,187.6,210.4
5776;0.4;0;2.06,84.31,161.1,261.04
5779;0.51;0;1.94,109.21,156.01,282.38
5801;0.38;0;0.03,294.76,86.55,438.14
5857;0.42;0;1578.24,1453.32,1750.77,1666.21
5871;0.36;0;1974.94,237.89,2026.36,291.09
5883;0.42;0;1939.74,313.65,1992.98,368.07
5898;0.49;0;1518.39,1739.41,1696.71,1943.87
5900;0.36;0;2279.49,183.93,2396.43,297.84
5901;0.42;0;2274.15,193.51,2383.56,303.48
5904;0.46;0;2269.26,208.19,2378.9,324.06
5910;0.42;0;2243.95,245.73,2350.42,351.11
5925;0.36;0;2193.98,334.17,2306.27,446.1
5943;0.5;0;1092.5,23.92,1184.19,118.81
5944;0.54;0;1089.05,35.35,1181.35,130.52
5945;0.43;0;1088.0,45.21,1177.7,132.54
5946;0.54;0;1086.9,52.81,1171.25,138.65
5947;0.42;0;1081.41,62.2,1164.22,146.1
5947;0.39;0;2272.9,0.0,2590.64,157.03
5949;0.49;0;1070.86,71.5,1163.88,168.39
5950;0.54;0;1068.04,81.99,1159.96,171.14
5950;0.41;0;2124.47,484.07,2228.8,598.44
5951;0.49;0;1065.56,94.79,1154.33,183.94
5953;0.39;0;955.03,532.82,1010.46,579.06
5957;0.58;0;1046.76,140.12,1132.49,230.04
5958;0.6;0;1042.1,144.81,1132.8,236.64
5960;0.52;0;1034.48,164.18,1119.6,252.47
5961;0.4;0;1033.85,166.99,1120.06,255.87
5962;0.38;0;1024.89,179.69,1115.1,268.62
5963;0.65;0;1024.2,183.9,1111.39,277.25
5964;0.67;30;1022.23,189.86,1108.3,281.99
5965;0.55;30;1021.62,198.39,1106.32,288.95
5966;0.62;30;1017.27,208.95,1100.18,297.52
5967;0.54;30;1012.81,216.77,1094.08,303.48
5968;0.38;30;1009.89,222.69,1091.22,309.15
5969;0.46;30;1004.53,234.53,1087.37,322.36
5970;0.6;30;1000.49,238.48,1086.74,329.97
5971;0.59;30;998.67,246.62,1082.82,335.42
5972;0.35;30;994.03,258.34,1077.78,346.49
5973;0.38;30;990.94,265.8,1072.53,351.46
5976;0.5;30;980.96,282.58,1066.32,372.2
5977;0.57;30;977.16,293.48,1062.86,383.13
5978;0.55;30;972.88,301.62,1060.26,392.72
5979;0.58;30;969.26,311.33,1057.66,403.88
5980;0.44;30;968.44,317.77,1053.71,407.11
5981;0.51;30;961.79,328.97,1048.57,419.89
5982;0.44;30;957.43,335.61,1045.31,427.64
5984;0.45;30;952.65,341.95,1046.46,439.93
5985;0.6;30;949.77,353.52,1042.52,450.59
5987;0.6;30;946.01,366.29,1038.44,463.19
5988;0.46;30;943.22,379.47,1031.53,472.13
5989;0.54;30;940.21,386.97,1026.72,477.79
5990;0.38;30;937.13,396.0,1021.71,484.78
5991;0.64;30;931.3,403.86,1018.23,495.27
5992;0.55;30;928.42,406.75,1019.84,502.8
5994;0.53;30;922.77,421.94,1010.57,513.84
5995;0.63;30;919.8,428.75,1012.24,525.5
5997;0.35;30;914.19,445.46,1003.27,538.34
5998;0.6;30;910.79,453.56,1001.28,548.04
5999;0.56;30;905.11,461.35,997.95,557.97
6000;0.41;30;902.52,468.42,994.8,564.22
6001;0.61;30;901.34,479.2,990.29,571.24
6002;0.58;30;898.11,487.83,988.07,580.59
6003;0.42;30;894.62,494.43,988.67,591.74
6004;0.64;30;891.98,501.74,983.46,596.7
6007;0.64;30;883.22,518.85,974.78,613.87
6009;0.47;30;875.17,534.87,969.91,633.09
6010;0.47;30;873.58,548.46,964.85,643.14
6014;0.5;0;854.07,579.77,948.56,674.94
6016;0.59;30;854.96,590.04,947.18,685.76
6017;0.38;30;846.51,604.18,942.7,703.76
6019;0.39;30;843.03,617.86,938.56,716.16
6021;0.47;30;836.64,628.88,935.9,730.42
6022;0.66;30;832.12,642.59,927.76,740.61
6024;0.59;30;826.8,659.51,921.4,756.23
6025;0.39;30;823.83,669.67,917.71,765.24
6026;0.49;0;988.74,2.75,1088.89,83.5
6027;0.51;0;987.2,3.23,1086.18,87.82
6028;0.39;0;808.1,693.4,909.58,792.43
6029;0.57;30;808.99,700.93,902.84,796.19
6031;0.66;30;804.01,719.45,895.11,811.42
6032;0.56;30;800.45,730.43,893.77,824.72
6033;0.64;30;797.01,741.99,886.83,832.54
6036;0.45;30;788.31,759.77,880.55,852.94
6037;0.6;30;784.99,770.68,876.03,862.74
6039;0.54;30;779.94,787.74,870.67,879.14
6040;0.6;30;776.94,794.13,870.24,888.29
6041;0.53;30;772.26,804.91,866.37,899.68
6042;0.4;0;795.29,0.0,1223.11,167.29
6045;0.6;30;759.72,838.13,853.25,932.4
6046;0.37;30;755.67,844.28,854.0,943.57
6047;0.46;30;753.14,857.42,848.98,954.2
6048;0.64;30;749.53,863.9,846.79,962.53
6049;0.54;30;747.52,869.33,847.13,970.37
6050;0.47;30;744.78,882.62,840.53,979.34
6051;0.45;30;741.15,888.98,839.86,988.77
6052;0.6;30;735.26,896.1,835.94,997.91
6053;0.48;30;733.69,906.05,832.51,1006.24
6054;0.61;30;733.08,913.6,828.32,1010.63
6055;0.64;30;731.42,922.15,826.69,1019.21
6056;0.58;30;726.74,928.78,824.76,1028.87
6057;0.64;30;724.5,935.31,823.37,1036.51
6058;0.57;30;719.65,945.9,819.71,1048.46
6060;0.42;30;712.22,958.63,813.5,1062.14
6061;0.42;30;709.34,967.64,811.07,1071.59
6064;0.59;30;709.36,986.08,807.29,1086.13
6065;0.4;30;705.41,1002.22,802.84,1102.52
6066;0.52;30;702.33,1010.05,800.91,1112.05
6070;0.52;30;689.76,1037.63,788.68,1140.4
6072;0.46;30;683.62,1056.47,783.69,1161.17
6073;0.57;30;680.25,1069.95,781.03,1175.81
6074;0.57;30;678.43,1077.91,778.76,1184.27
6075;0.65;30;675.61,1086.65,774.82,1192.4
6076;0.42;30;671.35,1095.45,772.35,1203.24
6077;0.44;30;664.64,1105.08,768.47,1215.22
6078;0.55;30;662.15,1114.35,766.12,1224.34
6079;0.66;30;660.48,1123.73,761.99,1231.59
6080;0.47;30;656.55,1128.86,760.05,1239.12
6081;0.61;30;655.69,1139.41,756.01,1246.51
6082;0.64;30;652.46,1148.48,753.53,1257.15
6083;0.58;30;651.4,1154.83,754.27,1265.85
6084;0.54;30;649.08,1166.02,750.07,1275.05
6085;0.57;30;646.83,1174.29,746.36,1281.83
6086;0.57;30;643.35,1183.35,743.62,1291.92
6087;0.53;30;640.27,1193.77,740.11,1301.93
6088;0.57;30;638.09,1202.37,738.27,1310.77
6089;0.57;30;635.42,1210.87,735.65,1319.63
6090;0.63;30;634.21,1219.45,733.48,1327.64
6091;0.39;0;726.97,530.41,826.34,615.33
6092;0.35;0;633.51,1239.79,724.86,1338.45
6093;0.54;30;629.39,1245.33,727.53,1352.62
6094;0.36;30;630.33,1250.21,727.88,1357.23
6095;0.43;30;626.47,1265.65,720.32,1368.5
6096;0.43;30;626.01,1272.2,717.63,1372.6
6099;0.38;30;617.23,1292.58,712.79,1397.83
6100;0.37;30;614.76,1309.45,708.24,1412.53
6101;0.61;30;612.31,1317.04,707.81,1422.86
6102;0.54;30;610.36,1325.87,704.02,1429.99
6103;0.57;30;608.45,1334.42,703.91,1441.08
6105;0.45;30;605.5,1345.01,704.87,1456.61
6106;0.47;30;603.02,1353.87,702.31,1465.54
6107;0.43;0;680.59,670.19,779.31,754.57
6108;0.48;0;597.93,1373.63,693.86,1489.04
6108;0.4;0;676.87,677.94,775.94,767.28
6109;0.57;30;597.09,1387.19,689.74,1492.01
6110;0.58;30;595.94,1396.75,685.43,1498.5
6111;0.57;30;592.4,1405.52,684.64,1510.65
6112;0.5;30;589.63,1414.87,685.31,1523.87
6113;0.56;30;589.62,1423.25,683.1,1529.56
6114;0.63;30;588.22,1432.29,681.8,1538.64
6115;0.59;30;588.3,1438.64,681.77,1545.24
6116;0.63;30;586.16,1448.54,679.48,1555.15
6117;0.43;30;583.77,1452.27,679.69,1561.96
6119;0.53;0;649.52,768.03,747.68,855.2
6120;0.57;30;577.78,1477.8,674.29,1588.62
6121;0.51;30;575.74,1486.24,672.72,1597.76
6122;0.39;30;574.7,1492.31,672.26,1604.85
6123;0.61;30;571.44,1501.45,669.43,1615.1
6124;0.41;30;568.36,1513.81,664.26,1624.56
6125;0.51;0;630.42,817.47,730.56,912.95
6126;0.41;0;625.13,824.07,729.14,920.15
6126;0.37;0;1624.14,460.92,1674.47,499.24
6127;0.42;0;624.92,835.94,726.14,924.06
6127;0.42;0;564.73,1537.67,659.7,1646.34
6128;0.65;30;561.2,1542.34,660.8,1657.54
6129;0.55;30;564.43,1553.78,658.22,1662.3
6130;0.65;30;562.11,1563.21,657.63,1674.07
6131;0.42;30;558.52,1571.46,656.25,1684.79
6132;0.43;30;559.01,1581.31,655.5,1693.3
6133;0.49;30;558.71,1595.87,649.99,1701.62
6135;0.49;30;553.67,1609.82,647.97,1719.37
6136;0.53;30;552.58,1617.9,646.48,1727.01
6137;0.55;30;552.9,1625.59,645.36,1733.0
6138;0.41;30;548.37,1635.02,643.92,1747.03
6139;0.53;30;546.66,1640.06,642.26,1752.68
6140;0.6;30;547.34,1648.99,638.69,1756.8
6143;0.54;30;543.66,1668.43,640.76,1782.81
6144;0.41;30;542.17,1681.61,636.29,1792.11
6145;0.64;30;540.54,1690.28,635.01,1801.45
6146;0.57;30;542.6,1698.67,633.51,1805.61
6147;0.46;30;540.37,1707.56,632.95,1816.42
6149;0.49;0;572.82,1017.92,677.59,1111.76
6150;0.37;0;535.3,1729.5,630.82,1844.2
6150;0.36;0;571.11,1029.08,674.35,1118.29
6151;0.44;0;682.75,783.37,820.27,878.36
6155;0.51;0;558.59,1064.98,662.24,1164.31
6155;0.47;0;529.25,1782.05,619.03,1890.43
6156;0.41;0;2516.64,124.56,2651.26,246.21
6157;0.39;0;553.93,1081.77,663.72,1181.53
6158;0.47;0;552.68,1089.14,659.68,1192.18
6159;0.41;0;551.79,1095.03,657.58,1200.07
6160;0.35;0;547.29,1104.87,658.76,1207.84
6163;0.59;0;541.1,1127.23,651.18,1229.26
6164;0.53;0;647.05,885.68,788.97,984.66
6166;0.56;0;535.08,1153.89,646.48,1260.98
6166;0.36;0;514.14,1859.06,612.13,1980.03
6167;0.47;0;535.43,1162.79,642.79,1260.18
6167;0.43;0;639.49,910.56,782.08,1008.5
6168;0.52;30;517.96,1882.97,610.87,1992.66
6169;0.63;0;532.32,1180.68,638.8,1283.45
6170;0.56;31;530.24,1186.81,635.88,1288.74
6171;0.56;0;641.18,942.02,774.93,1037.41
6172;0.57;31;529.44,1202.57,636.41,1305.59
6173;0.37;0;510.2,1925.4,608.51,2032.63
6174;0.4;0;506.84,1932.13,608.33,2045.03
6175;0.54;31;519.93,1228.79,625.01,1329.58
6176;0.4;0;508.17,1949.7,603.79,2060.05
6177;0.51;0;615.61,986.5,762.58,1086.36
6177;0.39;0;504.53,1956.19,604.87,2071.55
6178;0.42;0;510.64,1253.3,629.67,1355.4
6178;0.39;0;963.33,0.07,1078.73,43.64
6179;0.39;0;517.45,1258.95,624.82,1359.74
6180;0.48;0;950.96,0.92,1075.82,61.91
6181;0.57;0;953.86,0.88,1070.28,62.87
6182;0.46;0;504.32,2002.93,591.88,2107.83
6182;0.41;0;944.25,1.03,1080.98,71.18
6183;0.45;0;944.62,1.0,1091.71,82.57
6184;0.48;0;937.75,0.98,1095.26,93.25
6185;0.54;0;931.33,0.52,1097.49,98.44
6185;0.38;0;606.14,1052.95,746.36,1151.36
6185;0.38;0;501.12,2024.45,589.53,2133.85
6186;0.46;0;928.95,1.88,1100.03,107.84
6186;0.37;0;876.97,0.72,1120.91,106.92
6187;0.45;0;923.26,0.81,1098.97,106.79
6187;0.44;0;497.06,1320.41,612.74,1423.48
6187;0.43;0;603.88,1068.78,736.07,1161.62
6189;0.46;0;592.45,1082.93,733.49,1179.87
6190;0.38;0;599.56,1092.74,733.06,1184.29
6192;0.5;0;587.87,1104.36,732.42,1204.78
6192;0.39;0;913.48,0.97,1070.56,153.69
6193;0.45;0;609.87,1117.67,730.4,1212.32
6194;0.35;0;915.3,1.23,1077.32,163.39
6195;0.38;0;481.7,1378.1,610.76,1493.61
6196;0.47;0;898.1,17.63,1073.76,184.56
6199;0.5;0;890.82,41.99,1050.6,204.82
6199;0.37;0;585.14,1162.84,715.73,1257.24
6200;0.52;0;886.15,43.56,1050.55,216.2
6207;0.54;0;459.87,1484.91,572.34,1589.03
6207;0.39;0;862.49,88.2,1030.56,274.23
6208;0.52;0;562.02,1230.33,696.68,1328.87
6208;0.49;0;856.5,112.11,1019.23,276.4
6208;0.45;0;458.53,1491.9,566.95,1595.54
6210;0.39;0;569.6,1246.33,698.19,1350.84
6211;0.37;0;854.82,126.36,1012.2,294.48
6213;0.43;0;537.46,1266.66,693.63,1372.64
6213;0.38;0;837.85,1784.46,1016.39,1947.53
6214;0.58;0;444.81,1529.16,563.34,1639.4
6214;0.45;0;836.01,172.68,981.22,320.77
6215;0.44;0;842.29,1802.53,1006.47,1945.17
6216;0.35;0;835.99,164.48,999.45,337.4
6217;0.47;0;826.06,174.09,989.67,346.67
6219;0.58;0;437.75,1571.88,553.13,1686.17
6220;0.38;0;436.17,1582.42,547.96,1694.99
6222;0.48;0;428.31,1600.75,545.17,1711.13
6222;0.42;0;519.82,1337.56,679.74,1445.58
6224;0.48;0;518.35,1355.25,663.47,1464.71
6224;0.41;0;805.55,226.94,964.03,398.06
6225;0.35;0;519.02,1363.34,661.97,1467.83
6227;0.51;0;792.25,250.75,957.22,425.42
6229;0.39;0;790.53,262.42,952.99,446.59
6230;0.61;0;506.43,1404.68,656.28,1509.73
6231;0.46;0;414.82,1679.51,524.0,1781.25
6233;0.43;0;495.11,1431.41,644.03,1534.93
6234;0.43;0;763.04,306.12,931.72,491.83
6235;0.41;0;766.82,303.06,928.88,489.85
6240;0.53;0;746.79,351.41,906.46,535.25
6242;0.4;0;741.08,360.91,898.17,545.85
6243;0.42;0;743.01,377.23,907.92,558.09
6244;0.43;0;736.53,385.01,905.22,558.02
6247;0.46;0;387.24,1810.93,493.24,1914.15
6247;0.4;0;746.78,409.43,885.2,566.37
6250;0.42;0;378.77,1827.24,499.06,1935.77
6252;0.42;0;467.71,1581.17,611.81,1688.79
6255;0.47;0;706.38,473.7,862.02,647.43
6256;0.35;0;368.21,1883.96,472.23,1985.55
6257;0.56;0;366.44,1895.07,470.87,1996.64
6257;0.39;0;697.82,494.72,851.66,664.43
6258;0.43;0;368.33,1899.97,469.23,2001.31
6259;0.62;0;368.57,1903.12,468.45,2009.85
6260;0.51;33;366.08,1909.92,468.19,2019.0
6261;0.63;33;365.01,1917.02,464.75,2023.54
6262;0.61;33;364.15,1929.38,461.37,2032.94
6264;0.45;0;682.42,545.02,832.81,709.76
6265;0.52;33;357.36,1945.54,461.66,2056.61
6266;0.5;0;727.35,555.18,827.19,645.9
6267;0.39;0;678.53,562.94,837.3,743.53
6269;0.54;0;460.71,1726.38,576.57,1823.99
6269;0.46;0;717.77,578.39,819.88,671.97
6269;0.42;0;695.71,575.64,823.14,732.49
6271;0.46;0;664.93,596.99,815.18,774.54
6273;0.4;0;684.2,608.82,810.81,745.13
6273;0.38;0;663.49,605.33,816.77,788.42
6275;0.49;0;669.99,625.29,808.97,797.67
6276;0.37;0;339.66,2038.26,442.04,2147.93
6278;0.51;0;645.34,647.15,803.91,825.01
6281;0.39;0;648.6,671.02,790.59,840.8
6282;0.36;0;637.23,675.29,792.31,859.0
6285;0.43;0;647.12,699.22,787.72,877.92
6286;0.45;0;642.79,708.93,786.26,881.5
6287;0.52;0;656.26,714.52,783.43,865.01
6287;0.49;0;624.73,711.92,786.01,893.8
6287;0.48;0;668.21,714.9,781.17,830.66
6288;0.37;0;648.22,716.54,781.62,870.7
6288;0.36;0;623.83,709.95,783.06,905.35
6289;0.44;0;621.95,716.67,781.45,908.41
6290;0.56;0;2503.9,19.81,2670.37,146.02
6290;0.49;0;617.91,735.49,782.01,920.65
6291;0.57;0;618.48,741.06,777.53,924.27
6291;0.39;0;2497.14,21.25,2665.9,151.32
6292;0.69;0;2499.01,31.33,2670.18,150.77
6294;0.69;34;2490.22,43.29,2659.01,161.17
6295;0.66;34;2483.29,50.63,2651.73,168.45
6296;0.56;34;2476.47,54.66,2648.43,175.28
6297;0.52;34;2476.02,63.2,2650.95,186.31
6298;0.66;34;2476.23,71.47,2644.37,189.92
6299;0.49;34;2476.33,75.91,2649.54,198.0
6300;0.36;34;2477.91,87.18,2643.18,203.92
6301;0.38;34;2473.06,90.67,2652.25,217.62
6301;0.58;35;592.54,808.89,760.8,998.2
6302;0.47;34;2470.78,98.75,2639.3,218.31
6302;0.6;35;597.38,819.55,760.43,1003.19
6303;0.43;34;2470.54,105.14,2637.55,223.44
6303;0.52;35;594.06,830.51,758.31,1015.61
6304;0.38;35;590.35,835.89,757.55,1024.35
6305;0.57;35;594.91,846.05,752.83,1024.62
6306;0.57;35;588.77,854.89,745.91,1032.83
6307;0.67;35;584.6,860.42,745.26,1042.77
6308;0.55;35;591.1,867.5,748.18,1047.4
6309;0.66;35;589.56,881.26,742.52,1056.06
6309;0.57;34;2450.61,139.76,2628.65,267.34
6310;0.7;35;586.57,887.42,743.0,1066.45
6310;0.55;34;2450.71,144.96,2624.66,269.82
6311;0.69;35;584.97,894.1,741.1,1072.79
6311;0.48;34;2446.32,149.22,2619.04,274.3
6312;0.56;35;580.94,902.42,736.64,1080.16
6313;0.61;35;578.86,907.0,736.84,1087.56
6313;0.63;34;2441.23,164.1,2607.57,285.64
6314;0.64;35;574.97,911.76,736.47,1096.26
6314;0.61;34;2444.06,171.62,2604.17,288.57
6315;0.39;35;578.14,920.04,732.0,1096.89
6315;0.41;34;2441.25,176.81,2600.83,293.18
6316;0.61;35;572.02,927.08,730.45,1109.35
6316;0.6;34;2442.57,185.88,2600.57,300.85
6317;0.65;35;569.99,934.65,729.43,1118.34
6317;0.48;34;2439.69,194.55,2598.14,310.28
6318;0.48;35;571.33,943.5,726.07,1122.84
6318;0.5;34;2435.25,196.84,2599.7,316.81
6319;0.57;35;566.39,945.95,723.68,1128.7
6319;0.43;34;2431.42,204.26,2592.7,322.06
6320;0.66;35;565.24,951.86,723.89,1136.98
6321;0.58;35;560.03,958.21,719.43,1145.0
6322;0.56;35;564.39,963.99,720.83,1149.2
6323;0.66;35;564.08,977.01,718.13,1158.97
6324;0.7;35;563.21,983.46,716.8,1164.67
6325;0.66;35;562.14,988.76,717.14,1171.6
6326;0.61;35;564.06,1000.07,715.11,1177.82
6327;0.71;35;558.82,1005.86,713.56,1187.98
6328;0.74;35;557.12,1013.24,711.25,1194.42
6329;0.57;35;555.93,1020.52,710.13,1201.07
6330;0.63;35;553.45,1028.07,709.28,1210.9
6331;0.62;35;552.46,1034.22,708.05,1217.47
6332;0.59;35;551.53,1045.16,700.85,1221.28
6333;0.6;35;552.03,1051.14,699.62,1225.84
6334;0.62;35;545.92,1054.82,699.13,1237.19
6335;0.61;35;547.35,1063.69,695.57,1241.22
6336;0.55;35;545.23,1073.87,692.12,1249.94
6337;0.64;35;541.84,1077.45,693.26,1259.69
6337;0.63;34;2396.02,316.31,2548.45,428.47
6338;0.57;35;544.72,1081.22,694.19,1262.44
6338;0.51;34;2390.74,317.36,2548.69,433.94
6339;0.48;35;544.03,1089.53,692.75,1269.22
6339;0.54;34;2388.3,324.89,2544.21,440.18
6340;0.57;35;541.2,1096.99,692.31,1280.22
6341;0.64;35;540.48,1105.06,690.66,1286.43
6342;0.39;35;553.7,1112.61,683.28,1267.81
6343;0.42;35;544.43,1119.55,685.75,1287.85
6345;0.51;35;534.57,1129.58,685.35,1308.8
6346;0.5;35;531.98,1141.02,682.84,1320.09
6347;0.53;35;531.97,1147.11,685.16,1328.41
6348;0.56;35;533.64,1151.41,687.26,1333.54
6349;0.52;35;526.79,1162.36,677.62,1341.22
6350;0.47;35;539.6,1170.43,675.9,1331.34
6350;0.58;34;2367.14,387.44,2526.52,506.13
6351;0.51;35;527.95,1172.19,679.82,1351.22
6351;0.61;34;2366.02,397.0,2519.83,511.05
6352;0.42;35;527.43,1179.28,680.71,1360.72
6352;0.43;34;2363.53,403.43,2521.54,521.43
6353;0.39;35;523.53,1187.49,676.0,1368.45
6353;0.37;34;2363.49,408.38,2523.0,528.63
6354;0.37;35;531.54,1193.3,669.89,1357.63
6354;0.55;34;2363.78,414.32,2521.34,532.54
6355;0.45;35;520.28,1195.7,672.17,1377.02
6355;0.35;34;2360.21,421.84,2513.39,537.2
6356;0.48;35;518.82,1201.27,672.11,1385.97
6356;0.41;34;2359.19,426.37,2514.22,543.88
6357;0.42;35;520.62,1208.43,670.96,1391.03
6357;0.41;34;2359.33,432.68,2517.52,552.83
6358;0.51;35;522.18,1218.2,668.8,1397.46
6358;0.46;34;2360.97,439.21,2515.24,555.55
6359;0.61;35;519.3,1227.25,667.36,1407.35
6360;0.55;35;519.24,1234.58,664.98,1411.65
6361;0.53;35;515.45,1234.08,667.59,1418.87
6362;0.68;35;513.79,1243.84,664.99,1426.0
6363;0.48;35;508.94,1244.66,665.83,1433.93
6364;0.48;35;511.33,1255.02,665.66,1440.21
6365;0.57;35;517.52,1263.92,667.83,1444.26
6365;0.52;34;2344.23,479.4,2503.75,601.16
6366;0.67;35;517.32,1271.82,665.26,1448.51
6366;0.58;34;2344.81,483.7,2499.83,602.39
6367;0.51;35;517.63,1281.6,662.2,1453.31
6367;0.62;34;2345.55,487.99,2499.52,605.36
6368;0.4;34;2344.79,496.6,2496.61,611.86
6369;0.55;34;2344.08,501.82,2500.59,621.15
6370;0.68;34;2341.76,506.1,2498.17,625.46
6371;0.59;34;2340.17,509.94,2499.74,631.8
6372;0.45;34;2339.99,517.96,2495.51,636.66
6372;0.57;35;507.28,1310.9,657.59,1487.2
6373;0.51;34;2337.38,524.02,2492.28,642.68
6373;0.63;35;507.54,1316.4,658.93,1493.32
6374;0.52;34;2338.24,529.01,2493.64,647.9
6374;0.7;35;508.8,1322.09,657.23,1495.01
6375;0.55;35;500.37,1323.64,656.54,1504.53
6376;0.52;35;501.15,1331.1,656.89,1510.84
6376;0.59;34;2339.15,543.12,2489.5,657.64
6377;0.68;35;498.27,1336.72,654.92,1516.97
6377;0.49;34;2339.54,551.56,2490.07,665.16
6378;0.64;35;498.35,1341.86,657.21,1525.39
6378;0.58;34;2333.77,554.67,2487.23,670.75
6379;0.51;35;506.18,1348.78,652.76,1518.3
6380;0.69;35;532.8,1356.5,637.19,1472.59
6381;0.62;35;541.49,1363.33,628.76,1457.48
6382;0.54;35;537.97,1367.23,625.5,1459.15
6383;0.4;35;533.76,1378.15,626.56,1473.81
6384;0.37;35;535.92,1386.33,626.07,1477.32
6385;0.46;0;948.64,162.5,1044.15,244.32
6385;0.44;0;508.48,1388.03,644.57,1562.3
6386;0.58;34;2319.91,600.44,2474.67,718.22
6387;0.44;0;950.75,156.6,1044.14,254.81
6387;0.4;0;476.2,1402.08,647.7,1583.12
6388;0.56;35;528.38,1408.61,627.53,1507.4
6389;0.37;35;530.38,1413.27,626.87,1508.37
6390;0.49;35;529.01,1418.51,625.12,1512.05
6391;0.52;0;488.93,1428.95,644.85,1606.09
6392;0.54;0;491.16,1435.29,641.97,1607.57
6393;0.4;0;483.71,1432.21,636.07,1620.24
6393;0.4;0;504.54,1435.94,634.83,1558.12
6393;0.36;0;514.97,1436.83,630.05,1532.1
6393;0.36;0;2315.37,642.91,2464.04,762.31
6393;0.35;0;939.86,195.37,1037.78,291.94
6394;0.42;0;2312.83,649.89,2471.29,767.45
6394;0.4;0;478.79,1447.79,633.56,1627.27
6395;0.61;0;482.23,1454.16,630.8,1631.21
6396;0.69;38;474.38,1455.82,626.04,1636.46
6397;0.61;38;474.76,1459.22,629.5,1643.42
6398;0.51;38;480.18,1464.7,636.81,1651.29
6399;0.55;38;482.41,1477.24,630.31,1654.0
6400;0.67;38;474.07,1480.94,626.43,1662.92
6401;0.62;38;472.75,1487.06,625.66,1669.26
6402;0.36;38;470.38,1490.89,626.08,1676.69
6402;0.57;35;514.52,1497.71,611.03,1590.11
6403;0.48;38;482.19,1499.41,621.5,1665.82
6403;0.52;35;513.64,1501.79,610.54,1593.5
6404;0.58;38;468.38,1503.11,620.54,1684.71
6404;0.37;35;492.79,1507.2,622.98,1634.96
6405;0.51;38;475.51,1513.24,624.56,1692.78
6406;0.55;38;474.48,1514.93,628.49,1701.4
6406;0.53;35;487.78,1515.68,628.35,1656.29
6407;0.59;38;479.32,1523.23,626.62,1702.84
6407;0.53;35;495.34,1524.22,619.61,1648.05
6408;0.65;38;472.77,1528.1,624.34,1713.41
6408;0.46;35;483.91,1532.14,626.6,1679.02
6409;0.64;38;479.05,1534.87,623.01,1712.26
6409;0.53;35;494.27,1537.71,617.02,1663.37
6410;0.58;38;472.06,1544.05,619.09,1723.73
6410;0.39;35;487.02,1545.16,623.22,1687.65
6411;0.7;38;468.63,1551.0,618.01,1732.45
6412;0.67;38;472.18,1559.4,618.82,1736.77
6413;0.45;38;462.11,1558.05,618.04,1746.86
6414;0.4;38;461.45,1565.61,618.81,1755.19
6415;0.43;38;473.17,1574.5,615.95,1747.21
6416;0.51;38;460.77,1580.13,614.69,1765.17
6417;0.45;0;916.53,381.14,995.81,449.11
6418;0.63;38;459.99,1599.6,611.13,1780.12
6419;0.59;38;461.25,1606.98,611.04,1786.26
6420;0.55;38;456.02,1612.79,610.22,1797.27
6421;0.69;38;454.84,1623.47,605.72,1804.07
6422;0.59;38;449.54,1626.91,605.11,1812.87
6423;0.53;38;454.63,1636.27,602.67,1813.68
6424;0.48;38;450.22,1639.66,601.49,1821.94
6425;0.53;38;451.14,1649.44,600.25,1829.9
6426;0.52;38;452.15,1654.88,599.52,1834.73
6427;0.42;38;446.61,1660.77,596.87,1843.73
6428;0.43;38;447.1,1666.89,599.29,1853.35
6429;0.6;38;445.72,1674.01,597.78,1859.59
6430;0.61;38;446.79,1680.86,596.49,1864.14
6431;0.62;38;445.35,1686.48,596.22,1869.98
6432;0.59;38;437.93,1692.54,593.04,1878.4
6433;0.6;38;444.4,1699.92,599.49,1886.51
6434;0.56;38;436.82,1702.88,596.28,1893.99
6435;0.51;38;439.98,1715.66,595.26,1901.67
6436;0.6;38;440.63,1722.18,594.39,1905.93
6437;0.41;38;435.9,1725.4,591.19,1911.19
6438;0.48;38;437.4,1735.51,593.28,1920.8
6439;0.66;38;437.51,1744.96,590.18,1925.44
6440;0.54;38;433.76,1747.06,593.16,1935.63
6441;0.67;38;432.02,1751.46,592.67,1942.0
6442;0.63;38;433.71,1757.97,595.3,1949.52
6443;0.65;38;432.77,1768.98,590.86,1956.11
6444;0.52;38;436.34,1774.11,591.74,1958.61
6445;0.46;38;433.23,1782.89,588.85,1967.62
6446;0.45;38;429.71,1792.29,583.22,1974.1
6447;0.47;38;433.59,1799.66,580.79,1974.44
6448;0.47;38;425.47,1806.04,575.91,1984.03
6449;0.45;38;428.14,1813.52,573.39,1985.69
6450;0.42;38;426.7,1818.3,576.05,1995.7
6451;0.49;38;429.9,1825.64,575.72,2000.22
6452;0.6;38;423.19,1830.7,574.5,2011.59
6453;0.68;38;423.21,1842.77,571.01,2018.91
6454;0.47;38;423.25,1847.8,572.72,2025.8
6455;0.44;0;860.76,619.45,948.0,713.0
6456;0.36;0;859.51,629.53,947.42,718.74
6456;0.36;0;425.1,1859.63,573.47,2030.53
6457;0.48;0;408.67,1859.3,570.01,2048.86
6458;0.6;38;419.13,1868.55,573.3,2051.97
6459;0.64;38;416.53,1876.0,572.14,2060.72
6460;0.56;38;417.84,1885.79,568.56,2063.59
6461;0.44;38;416.79,1891.66,568.49,2070.1
6462;0.37;38;418.61,1893.26,569.73,2070.42
6463;0.58;38;420.43,1906.79,565.54,2076.11
6464;0.4;38;413.14,1915.07,564.76,2091.62
6465;0.51;38;414.6,1923.25,559.62,2092.34
6465;0.62;40;849.37,683.07,939.87,777.59
6466;0.4;38;414.28,1935.45,553.38,2097.63
6466;0.68;40;848.03,689.22,939.51,784.77
6467;0.59;40;845.73,700.23,936.92,795.36
6468;0.61;40;846.1,713.03,931.88,802.29
6469;0.52;40;844.75,717.32,933.49,809.54
6470;0.63;40;843.83,725.15,930.38,814.9
6471;0.58;40;841.61,728.89,931.39,821.84
6472;0.42;40;842.65,740.74,926.61,827.4
6474;0.35;40;844.35,759.79,921.42,838.49
6474;0.53;38;421.84,1979.26,544.16,2121.57
6475;0.45;38;406.92,1985.96,542.77,2144.07
6477;0.5;38;424.06,1998.88,536.55,2128.67
6478;0.56;38;430.48,2003.34,534.77,2121.76
6479;0.38;38;421.95,2008.52,537.98,2139.57
6479;0.61;40;831.35,782.18,920.7,873.07
6480;0.54;38;416.14,2014.71,540.24,2152.54
6480;0.41;40;829.98,790.69,919.99,881.83
6481;0.48;38;410.72,2018.03,538.07,2158.37
6482;0.57;38;414.26,2027.48,536.11,2159.12
6482;0.53;40;827.94,802.81,919.96,895.49
6483;0.52;38;413.03,2034.15,532.7,2159.66
6483;0.6;40;827.19,810.2,918.33,902.81
6484;0.55;38;413.7,2041.62,529.58,2159.77
6484;0.63;40;824.56,815.24,917.11,909.7
6485;0.53;38;414.71,2045.0,528.86,2159.34
6485;0.59;40;823.64,819.46,919.28,917.41
6486;0.49;38;418.91,2050.52,528.6,2159.16
6486;0.65;40;822.99,827.71,917.45,923.95
6487;0.4;38;422.68,2055.02,529.22,2158.98
6488;0.6;38;422.98,2062.74,525.5,2160.0
6489;0.52;38;422.99,2067.15,524.03,2160.0
6490;0.61;40;819.88,864.13,905.5,950.81
6491;0.68;40;820.37,866.22,909.86,956.65
6492;0.48;40;819.18,874.12,907.23,962.67
6493;0.65;40;815.46,880.57,905.57,970.57
6494;0.45;40;814.72,887.97,903.96,976.97
6495;0.65;40;812.61,892.02,904.84,984.16
6496;0.55;40;809.43,898.94,903.02,992.36
6499;0.48;40;807.58,921.86,897.38,1010.27
6500;0.36;40;808.23,927.7,899.54,1017.4
6504;0.49;0;745.26,1190.05,853.68,1300.46
6507;0.46;0;801.5,980.48,898.49,1068.73
6509;0.52;0;791.4,997.03,898.68,1082.47
6521;0.5;0;744.43,1314.05,828.62,1415.34
6526;0.35;0;774.24,1112.67,872.38,1202.01
6531;0.45;0;772.41,1140.27,874.23,1240.8
6533;0.48;0;771.09,1153.1,871.21,1247.91
6534;0.42;0;768.67,1157.26,871.87,1261.34
6536;0.55;0;761.66,1177.19,871.75,1268.22
6538;0.39;0;760.31,1190.97,856.98,1284.58
6540;0.48;0;761.52,1203.06,855.95,1296.87
6545;0.36;0;757.87,1238.87,855.15,1333.35
6546;0.6;0;757.39,1244.45,857.61,1338.35
6547;0.6;0;754.59,1255.01,855.63,1345.39
6548;0.5;41;755.57,1264.2,852.73,1351.1
6549;0.56;41;750.34,1262.74,855.81,1357.17
6550;0.54;41;750.04,1270.13,856.11,1365.03
6551;0.37;41;744.17,1275.91,858.75,1378.76
6552;0.55;41;745.82,1283.4,855.84,1382.45
6553;0.5;41;748.08,1293.33,851.15,1386.31
6554;0.63;41;748.55,1297.39,851.28,1390.23
6555;0.51;41;747.01,1303.12,850.96,1397.25
6556;0.57;41;747.62,1309.13,851.07,1402.89
6557;0.57;41;748.43,1317.4,849.84,1408.89
6558;0.52;41;746.98,1324.16,847.76,1414.74
6559;0.41;41;740.53,1327.43,849.19,1425.71
6560;0.53;41;741.96,1333.75,849.2,1430.56
6561;0.64;41;741.54,1341.75,845.68,1435.52
6562;0.57;41;742.53,1345.07,846.35,1438.53
6571;0.37;0;731.47,1401.98,836.08,1498.24
6574;0.49;0;733.92,1415.78,826.8,1511.36
6575;0.59;0;729.14,1415.6,826.4,1516.58
6576;0.58;0;726.8,1426.45,827.24,1525.41
6577;0.59;0;729.93,1433.99,825.47,1531.46
6578;0.57;0;730.54,1452.36,824.97,1535.8
6579;0.56;0;726.84,1461.46,826.15,1544.01
6580;0.53;0;724.41,1463.2,824.54,1548.95
6581;0.5;0;726.94,1463.56,825.23,1549.11
6584;0.68;0;714.33,1465.14,827.76,1572.9
6585;0.6;42;719.46,1469.89,829.1,1574.11
6588;0.55;42;708.92,1490.04,817.45,1593.22
6589;0.55;42;708.99,1498.23,815.65,1599.83
6590;0.5;42;714.37,1516.17,807.06,1604.15
6591;0.56;42;706.97,1507.96,815.27,1610.83
6592;0.41;42;708.06,1517.11,812.85,1616.43
6593;0.53;42;706.18,1529.0,805.62,1623.24
6594;0.49;42;705.59,1533.36,805.29,1627.94
6596;0.59;42;701.06,1538.68,805.9,1638.63
6597;0.59;42;696.0,1540.68,806.05,1645.97
6598;0.61;42;694.68,1547.37,803.31,1651.43
6599;0.45;42;696.71,1555.28,802.64,1656.76
6600;0.43;42;697.31,1563.49,800.84,1662.23
6603;0.37;42;701.99,1586.59,795.12,1674.17
6605;0.52;42;696.92,1592.27,798.81,1687.93
6609;0.53;42;692.45,1620.88,785.59,1707.64
6610;0.39;42;689.65,1623.87,790.77,1717.85
6611;0.54;42;693.14,1639.24,785.01,1723.85
6612;0.42;42;694.42,1651.0,779.69,1728.96
6613;0.39;42;683.63,1650.55,783.84,1741.71
6614;0.35;42;681.13,1657.01,779.25,1745.73
6615;0.52;42;677.66,1660.03,779.07,1751.7
6616;0.38;42;677.64,1658.95,783.95,1756.02
6617;0.4;42;676.39,1662.65,787.99,1765.21
6618;0.55;42;675.33,1669.21,784.1,1769.68
6619;0.48;42;678.13,1677.78,781.06,1772.8
6620;0.6;42;678.91,1688.56,777.07,1777.61
6621;0.51;42;676.45,1695.25,777.15,1786.47
6622;0.53;42;676.27,1699.58,775.7,1789.6
6623;0.52;42;679.69,1706.39,776.6,1794.44
6624;0.6;42;682.18,1714.23,775.16,1798.25
6625;0.69;42;676.43,1713.74,778.62,1806.8
6626;0.64;42;669.54,1715.8,778.92,1814.81
6627;0.57;42;670.0,1729.96,771.86,1820.94
6628;0.52;42;672.24,1741.7,765.88,1824.72
6629;0.5;42;670.32,1749.32,764.88,1832.1
6633;0.44;42;665.38,1760.28,771.88,1852.44
6634;0.53;42;660.66,1769.7,767.22,1861.34
6635;0.48;42;662.48,1777.79,763.43,1865.08
6636;0.64;42;662.71,1785.11,760.52,1869.91
6637;0.56;42;661.73,1788.15,761.9,1876.3
6638;0.65;42;659.34,1795.91,759.9,1884.62
6639;0.53;42;658.32,1804.55,756.82,1891.27
6640;0.65;42;657.08,1811.5,754.94,1896.93
6641;0.6;42;651.92,1817.22,757.4,1909.0
6642;0.64;42;650.01,1821.93,755.16,1913.53
6643;0.59;42;650.19,1821.44,759.2,1916.81
6644;0.6;42;654.27,1830.19,756.66,1919.76
6645;0.39;42;650.91,1834.24,761.3,1931.03
6646;0.52;42;654.32,1841.11,757.69,1931.91
6647;0.67;42;652.64,1849.51,751.32,1936.53
6648;0.65;42;651.4,1847.28,755.51,1939.98
6649;0.41;42;653.22,1855.77,756.26,1947.15
6650;0.4;42;640.55,1849.96,760.21,1956.77
6651;0.35;42;639.62,1859.66,754.28,1960.99
6652;0.55;42;637.98,1864.45,752.78,1965.17
6653;0.57;42;640.74,1873.98,751.41,1970.23
6654;0.53;42;639.49,1871.02,757.43,1974.39
6656;0.52;42;638.56,1881.32,753.79,1983.17
6659;0.49;42;637.45,1903.93,742.47,1996.58
6660;0.39;42;633.97,1910.86,741.53,2006.03
6664;0.37;0;622.15,1950.8,736.0,2035.48
6676;0.35;0;632.13,1999.63,738.3,2098.09
6685;0.4;0;628.22,2047.27,731.62,2154.63
6732;0.4;0;1253.77,357.48,1411.75,488.39
6733;0.36;0;1256.19,359.13,1421.64,491.41
6805;0.36;0;660.81,1444.44,790.91,1516.53
6812;0.39;0;649.36,1484.01,786.76,1565.28
6848;0.38;0;607.66,1725.9,744.9,1806.03
6852;0.45;0;608.67,1754.94,735.04,1830.54
6868;0.45;0;585.5,1859.98,718.54,1934.38
6870;0.4;0;585.4,1871.78,713.86,1950.92
7136;0.51;0;767.72,1825.81,878.84,1916.24
7137;0.41;0;766.26,1826.99,879.09,1922.3
7199;0.48;0;3709.08,0.09,3837.45,100.65
7200;0.39;0;3710.68,1.04,3838.03,109.92
7276;0.41;0;2962.18,742.81,3109.83,832.71
7458;0.42;0;2891.48,0.36,3008.95,52.91
7463;0.56;0;2895.84,5.01,3004.8,91.36
7470;0.49;0;2894.43,53.02,3006.22,138.29
7479;0.36;0;2902.69,118.89,3005.43,205.83
7480;0.52;0;2902.15,125.96,3004.44,208.69
7484;0.65;0;2902.49,153.02,3007.1,237.24
7499;0.39;0;2903.98,265.16,3012.01,350.9
7501;0.4;0;2905.73,276.14,3015.74,368.54
7506;0.52;0;2909.09,314.34,3019.33,404.4
7509;0.51;0;2906.93,340.32,3014.56,425.68
7522;0.61;0;2914.92,434.25,3026.29,524.81
7523;0.56;44;2919.06,439.78,3021.71,523.22
7524;0.55;44;2916.63,445.77,3025.08,533.98
7525;0.56;44;2919.02,455.47,3028.59,544.63
7529;0.47;44;2918.59,480.38,3023.98,566.07
7550;0.47;0;2926.08,646.89,3033.38,735.75
7551;0.59;0;2927.4,653.7,3034.78,738.84
7552;0.37;0;2926.81,661.01,3032.97,745.41
7555;0.5;0;2931.3,683.57,3036.58,771.15
7557;0.6;0;2936.81,701.71,3035.25,784.43
7560;0.6;45;2936.37,719.42,3034.45,801.82
7561;0.69;45;2935.33,727.71,3034.1,810.63
7563;0.49;45;2932.21,743.01,3034.08,828.42
7564;0.51;45;2934.24,753.6,3033.52,836.72
7566;0.64;45;2930.61,765.97,3035.85,854.11
7567;0.49;45;2930.65,775.8,3036.26,864.23
7568;0.63;45;2929.35,784.47,3036.51,874.5
7569;0.52;45;2932.64,793.26,3038.79,882.57
7570;0.64;45;2932.18,801.18,3035.76,888.17
7571;0.38;45;2933.11,808.53,3034.3,893.35
7573;0.46;45;2934.23,821.66,3035.36,906.45
7574;0.35;0;847.44,741.23,908.61,798.97
7575;0.49;0;2931.76,838.56,3037.51,927.64
7576;0.6;45;2935.91,848.44,3034.05,930.46
7579;0.53;45;2934.3,866.69,3033.19,949.2
7587;0.7;0;2930.89,931.82,3035.91,1021.45
7590;0.37;0;2933.04,952.72,3038.57,1045.73
7592;0.59;0;2933.07,969.63,3038.41,1055.2
7600;0.51;0;2931.46,1034.76,3034.19,1118.6
7602;0.38;0;2930.57,1048.46,3038.3,1143.05
7603;0.35;0;2927.81,1057.19,3038.68,1145.38
7605;0.69;0;2929.08,1072.63,3035.97,1164.77
7606;0.55;47;2932.95,1080.2,3034.28,1167.47
7608;0.46;47;2929.35,1091.49,3035.48,1182.78
7609;0.64;47;2927.63,1101.98,3033.85,1193.19
7610;0.59;47;2929.15,1110.92,3032.38,1199.36
7611;0.5;47;2927.46,1118.91,3033.54,1209.69
7612;0.72;47;2927.92,1128.01,3032.31,1216.96
7613;0.65;47;2931.1,1136.57,3031.54,1222.05
7614;0.49;47;2931.14,1142.88,3033.72,1230.03
7615;0.71;47;2925.46,1148.21,3034.48,1240.88
7616;0.67;47;2926.25,1158.64,3030.7,1246.99
7617;0.55;47;2926.26,1166.58,3029.29,1253.33
7618;0.49;47;2924.19,1171.93,3032.59,1263.02
7619;0.68;47;2923.76,1181.36,3028.66,1269.43
7621;0.57;47;2920.95,1194.04,3029.84,1284.86
7622;0.64;47;2920.37,1203.97,3026.75,1292.3
7623;0.39;47;2919.73,1212.07,3027.24,1301.96
7631;0.39;0;2917.4,1273.99,3025.58,1361.98
7632;0.72;0;2913.91,1280.37,3025.79,1370.37
7634;0.56;48;2913.27,1291.02,3025.15,1381.02
7636;0.53;48;2912.43,1304.5,3026.3,1396.24
7641;0.58;48;2911.37,1339.66,3020.69,1427.8
7645;0.47;48;2908.93,1372.51,3017.33,1459.99
7652;0.49;0;2902.28,1428.08,3010.1,1517.79
7653;0.51;48;2900.81,1433.84,3014.03,1525.49
7654;0.5;48;2899.77,1448.75,3012.02,1539.78
7655;0.53;0;0.43,1734.12,94.74,1850.99
7656;0.7;48;2897.27,1463.64,3014.07,1558.99
7657;0.46;48;2897.4,1472.47,3010.38,1564.7
7659;0.49;48;2896.52,1482.71,3010.95,1576.82
7670;0.41;0;2889.79,1560.2,2999.62,1649.42
7671;0.45;0;2891.57,1568.23,2997.22,1651.73
7674;0.47;0;2889.9,1588.8,2996.01,1675.62
7675;0.54;0;2890.28,1596.64,2995.85,1691.26
7681;0.39;0;2884.97,1640.07,2989.45,1727.16
7685;0.45;0;2885.49,1667.5,2990.66,1758.48
7687;0.63;0;2880.48,1683.61,2988.99,1774.95
7688;0.67;49;2877.28,1688.69,2988.59,1782.4
7695;0.77;49;2873.05,1728.68,2986.71,1824.45
7696;0.36;49;2871.32,1747.33,2984.81,1842.9
7697;0.66;49;2873.04,1759.91,2979.1,1849.03
7700;0.53;49;2869.66,1775.27,2978.48,1866.81
7703;0.43;49;2868.31,1797.38,2977.18,1888.82
7704;0.52;49;2867.02,1809.11,2975.04,1899.88
7717;0.67;0;2853.06,1899.35,2964.98,1993.77
7718;0.53;50;2853.88,1904.15,2969.12,2001.43
7719;0.41;0;2490.87,1.06,2641.42,54.97
7725;0.56;0;2852.56,1956.84,2959.5,2053.47
7727;0.66;0;2849.27,1971.42,2960.73,2067.8
7728;0.62;51;2845.27,1976.13,2960.66,2075.98
7733;0.53;51;2845.91,2004.64,2959.47,2102.98
7734;0.48;51;2845.31,2020.99,2951.65,2113.05
7759;0.44;0;730.99,2110.91,768.77,2141.8
7880;0.4;0;3295.16,1.44,3506.17,131.57
7881;0.48;0;3296.42,1.62,3499.21,142.44
8119;0.37;0;3729.54,1317.99,3838.94,1490.46
8121;0.38;0;3726.47,1303.64,3839.24,1511.35
8207;0.44;0;1164.55,0.23,1256.03,47.79
8215;0.57;0;1138.57,44.07,1212.9,105.94
8224;0.67;0;1110.08,114.71,1183.39,176.79
8228;0.62;0;1096.89,144.86,1171.49,208.04
8242;0.41;0;1051.98,254.57,1124.3,316.1
8244;0.7;0;1047.75,270.59,1117.49,332.03
8247;0.54;0;1037.24,296.46,1108.59,354.46
8250;0.47;0;1027.83,319.54,1100.29,381.75
8251;0.52;0;1022.97,326.86,1097.35,388.27
8254;0.36;0;1017.24,352.47,1087.43,411.37
8258;0.58;0;1006.87,380.25,1075.22,442.55
8259;0.43;0;1005.95,393.9,1076.0,451.81
8263;0.72;0;991.14,422.15,1061.26,482.69
8264;0.61;55;989.5,430.02,1056.54,487.85
8273;0.61;0;960.44,506.49,1028.5,565.29
8277;0.48;0;943.71,543.88,1014.41,601.16
8286;0.44;0;922.76,617.7,992.72,680.62
8296;0.54;0;893.69,710.13,956.3,769.8
8297;0.6;0;888.22,718.35,958.64,782.16
8314;0.45;0;848.1,875.67,909.41,933.57
8315;0.36;0;844.44,882.82,911.68,947.81
8316;0.37;0;839.52,894.46,907.57,958.61
8317;0.45;0;836.2,902.06,904.0,966.8
8320;0.54;0;828.54,931.76,896.51,991.78
8324;0.46;0;820.41,966.14,890.29,1023.79
8325;0.67;0;823.34,978.25,886.06,1038.11
8326;0.5;57;817.87,982.89,883.84,1045.82
8329;0.41;0;811.02,1012.28,876.81,1075.45
8331;0.43;0;804.38,1035.09,875.48,1096.33
8338;0.61;0;795.38,1102.31,860.11,1162.27
8339;0.57;58;792.89,1111.82,857.58,1171.74
8340;0.71;58;790.24,1119.6,856.29,1180.74
8343;0.48;0;782.24,1152.07,851.87,1213.17
8345;0.49;0;781.54,1173.34,851.32,1235.85
8346;0.52;0;777.76,1179.09,847.86,1242.02
8347;0.49;0;775.17,1195.66,843.98,1252.04
8349;0.48;0;773.13,1212.0,837.59,1268.94
8350;0.62;0;771.08,1217.08,840.12,1280.55
8351;0.61;59;768.38,1225.44,837.47,1288.99
8354;0.52;0;763.62,1253.87,830.86,1315.01
8355;0.67;0;762.27,1262.59,835.49,1325.8
8357;0.76;60;759.04,1278.58,830.89,1340.62
8358;0.71;60;755.52,1288.5,825.96,1349.36
8359;0.42;60;753.16,1298.5,825.51,1361.05
8363;0.41;0;744.49,1338.84,818.46,1400.76
8365;0.43;0;740.22,1358.51,812.1,1421.16
8367;0.58;0;737.13,1377.15,809.89,1440.27
8368;0.53;0;735.45,1387.18,808.77,1450.3
8369;0.65;0;736.52,1395.62,807.95,1459.33
8371;0.47;0;732.28,1415.45,802.24,1478.87
8372;0.5;0;731.48,1422.76,803.12,1488.97
8373;0.46;0;729.37,1434.97,803.94,1502.06
8377;0.43;0;726.03,1471.1,792.77,1534.84
8378;0.44;0;724.21,1480.09,792.71,1544.79
8379;0.52;0;722.32,1490.5,792.15,1556.07
8381;0.56;0;718.63,1510.07,792.3,1577.42
8383;0.66;0;717.68,1527.63,786.33,1590.08
8384;0.57;62;715.61,1535.0,786.02,1599.05
8385;0.66;62;715.17,1542.91,784.83,1606.36
8386;0.57;62;711.99,1549.86,784.72,1616.39
8387;0.37;62;710.51,1560.39,782.72,1626.58
8395;0.46;0;706.19,1634.77,774.14,1700.06
8399;0.39;0;702.61,1670.09,768.6,1734.48
8401;0.65;0;703.64,1689.12,767.23,1754.53
8402;0.46;0;703.24,1699.85,765.2,1759.28
8403;0.54;0;700.42,1707.71,764.73,1770.63
8404;0.67;0;699.56,1717.58,764.56,1779.35
8405;0.7;64;700.6,1724.94,765.78,1786.9
8408;0.64;64;697.24,1745.77,763.86,1809.1
8409;0.6;64;696.51,1759.95,763.73,1823.75
8410;0.58;64;695.46,1771.28,760.53,1832.89
8411;0.66;64;694.83,1780.65,760.46,1842.81
8412;0.63;64;694.3,1788.38,762.14,1852.98
8413;0.4;64;693.14,1797.04,759.71,1860.57
8414;0.43;64;692.14,1805.75,758.09,1868.51
8415;0.71;64;691.71,1815.45,758.33,1878.71
8416;0.5;64;691.4,1823.71,756.74,1885.3
8417;0.66;64;689.96,1831.37,754.9,1892.72
8418;0.66;64;688.22,1838.51,756.56,1903.02
8419;0.69;64;688.06,1847.17,756.89,1912.29
8420;0.47;64;689.0,1855.97,755.39,1918.17
8421;0.54;64;687.03,1864.75,754.67,1927.8
8422;0.69;64;685.65,1873.04,754.91,1937.91
8423;0.52;64;684.14,1881.57,753.02,1946.2
8424;0.62;64;686.51,1889.66,752.59,1951.69
8425;0.61;64;684.26,1897.92,751.74,1961.53
8426;0.58;64;684.31,1907.33,749.37,1968.58
8427;0.66;64;683.69,1915.37,747.88,1975.65
8428;0.57;64;682.09,1923.12,747.72,1984.85
8429;0.4;64;680.71,1929.92,746.27,1991.52
8430;0.38;64;682.09,1939.49,745.08,1998.63
8431;0.58;64;679.68,1943.94,747.75,2008.15
8432;0.66;64;679.82,1952.83,747.0,2016.4
8433;0.66;64;678.92,1962.34,746.08,2025.74
8434;0.69;64;676.99,1967.97,747.87,2035.17
8435;0.43;64;678.6,1979.15,746.08,2042.95
8436;0.65;64;677.77,1988.56,745.66,2052.82
8437;0.56;64;678.8,1997.94,745.21,2061.08
8438;0.51;64;677.77,2005.48,744.65,2068.94
8440;0.36;0;3687.25,1181.49,3839.11,1439.16
8441;0.5;0;676.82,2032.67,748.57,2097.16
8442;0.36;0;678.81,2040.69,744.25,2104.76
8443;0.72;64;678.33,2048.96,744.78,2112.45
8444;0.64;64;679.09,2059.08,746.54,2123.5
8445;0.59;64;678.24,2068.38,745.45,2132.96
8446;0.6;64;678.34,2076.67,744.52,2140.5
8447;0.55;64;677.22,2084.93,746.0,2151.69
8448;0.44;64;678.6,2093.98,746.43,2160.0
8508;0.41;0;563.76,212.34,620.55,270.31
8511;0.37;0;3767.23,802.96,3839.65,976.44
8516;0.44;0;3755.12,832.2,3839.6,999.8
8517;0.46;0;3746.72,828.59,3839.44,1003.64
8519;0.43;0;3751.28,829.33,3839.72,1004.65
8571;0.46;0;3754.6,58.89,3839.46,184.2
8576;0.37;0;3737.63,70.35,3838.91,212.0
8581;0.37;0;3730.0,96.44,3838.76,241.41
8582;0.47;0;3726.52,100.16,3839.51,248.63
8593;0.52;0;702.5,304.26,834.72,418.02
8611;0.42;0;673.55,451.74,787.97,534.56
8646;0.38;0;625.14,714.99,726.93,793.98
8689;0.52;0;566.5,1024.05,682.61,1111.69
8690;0.57;0;558.73,1031.37,679.47,1142.96
8692;0.44;0;557.59,1044.98,676.32,1159.68
8693;0.45;0;551.13,1056.78,672.57,1164.87
8694;0.52;0;552.42,1062.92,665.8,1165.67
8703;0.68;0;541.7,1126.48,657.26,1220.38
8704;0.56;65;543.67,1134.6,651.5,1222.13
8709;0.65;65;532.21,1159.8,659.19,1263.11
8710;0.6;65;532.0,1173.57,658.19,1276.37
8722;0.53;0;529.47,1262.95,639.69,1366.86
8727;0.5;0;0.03,1903.63,73.75,1994.82
8741;0.53;0;508.42,1407.53,622.5,1509.31
8744;0.57;0;505.97,1432.83,621.23,1533.53
8763;0.43;0;498.06,1571.17,611.69,1673.71
8893;0.41;0;3226.32,1.63,3382.3,48.56
8894;0.38;0;3223.94,1.45,3383.6,52.58
8971;0.42;0;340.04,59.53,437.5,142.37
8976;0.35;0;345.0,96.77,438.98,184.96
8979;0.51;0;331.66,118.9,440.95,217.0
8979;0.38;0;3018.57,0.82,3156.04,54.58
8990;0.39;0;327.73,199.73,429.3,283.42
9004;0.36;0;328.82,297.95,425.63,379.37
9106;0.56;0;302.66,985.22,401.14,1070.97
9157;0.53;0;3010.5,668.08,3132.86,748.17
9258;0.4;0;300.84,1882.26,395.86,1970.72
9426;0.37;0;705.14,141.51,804.45,229.06
9426;0.36;0;3147.22,1671.83,3305.32,1778.15
9457;0.47;0;781.48,284.18,878.62,371.65
9632;0.39;0;926.45,1273.66,1019.01,1363.66
9702;0.37;0;0.0,1577.34,55.86,1666.31
9704;0.51;0;3717.85,820.69,3839.08,934.23
9707;0.54;0;3715.18,843.76,3838.97,959.93
9710;0.62;0;3716.15,868.66,3839.25,982.2
9718;0.53;0;3716.91,929.23,3838.84,1041.43
9721;0.48;0;3715.92,952.01,3838.94,1066.75
9766;0.36;0;1280.51,0.0,1358.12,40.17
9781;0.37;0;3700.58,1422.54,3836.52,1531.75
9785;0.46;0;3698.94,1448.37,3836.07,1562.05
9788;0.51;0;3699.11,1473.07,3836.45,1586.22
9791;0.36;0;3697.41,1495.7,3836.48,1610.35
9793;0.37;0;1815.16,98.53,1882.15,168.23
