original_size = 3840, 2160;
13;0.45;0;185.71,1533.44,251.19,1594.09
36;0.39;0;190.96,1533.0,250.1,1589.45
80;0.45;0;186.57,1583.23,258.81,1649.59
117;0.38;0;199.76,1473.89,268.6,1532.53
118;0.36;0;196.29,1466.64,268.95,1530.64
130;0.45;0;200.98,1400.92,262.29,1460.45
137;0.36;0;204.13,1363.92,274.03,1423.97
138;0.51;0;205.12,1354.54,277.81,1416.39
153;0.4;0;210.99,1257.08,279.89,1323.46
158;0.46;0;206.06,1229.29,282.93,1296.98
170;0.38;0;3024.2,2033.96,3086.8,2090.15
179;0.41;0;2398.61,1497.59,2435.27,1533.96
187;0.39;0;225.28,1130.68,290.63,1192.65
189;0.35;0;223.0,1130.04,291.45,1198.22
190;0.39;0;225.75,1128.86,295.33,1195.28
191;0.47;0;223.93,1130.93,290.2,1200.28
193;0.42;0;219.86,1138.01,289.49,1204.47
244;0.43;0;223.87,1482.83,291.37,1553.2
254;0.5;0;218.63,1595.97,292.92,1660.26
277;0.37;0;229.15,1856.67,292.46,1918.0
278;0.54;0;224.1,1864.16,291.9,1927.4
2843;0.39;0;959.98,784.21,982.52,807.25
2871;0.36;0;972.85,952.85,994.93,975.07
2901;0.42;0;2094.46,0.19,2203.03,43.08
2902;0.4;0;2093.43,0.62,2202.13,55.21
2903;0.39;0;2097.62,0.73,2215.74,60.28
2904;0.39;0;2105.85,0.74,2204.65,66.81
2905;0.64;0;2112.97,3.4,2199.59,78.87
2906;0.65;1;2113.8,6.51,2200.93,82.45
2907;0.59;1;2114.28,8.16,2206.05,88.3
2908;0.65;1;2117.34,15.71,2208.59,95.5
2909;0.68;1;2118.16,24.71,2207.85,103.36
2910;0.7;1;2121.15,32.35,2209.68,110.11
2911;0.68;1;2122.64,37.95,2211.17,115.96
2912;0.69;1;2121.54,43.96,2213.27,125.35
2913;0.68;1;2123.7,52.0,2212.19,130.84
2914;0.68;1;2126.02,59.0,2214.11,137.6
2915;0.72;1;2128.83,65.17,2217.46,144.42
2916;0.69;1;2128.56,73.03,2216.98,152.33
2917;0.69;1;2130.24,80.34,2218.66,159.78
2918;0.67;1;2131.11,85.58,2222.3,168.03
2919;0.67;1;2131.02,93.06,2222.46,176.11
2920;0.68;1;2133.53,99.6,2222.42,180.79
2921;0.61;1;2135.13,106.09,2225.6,188.7
2922;0.67;1;2137.52,112.7,2228.41,195.69
2923;0.67;1;2139.04,121.36,2228.19,202.93
2924;0.63;1;2143.34,129.72,2231.51,210.37
2925;0.59;1;2144.21,136.61,2232.99,218.04
2926;0.72;1;2143.97,141.26,2234.37,224.48
2927;0.69;1;2146.27,150.08,2233.99,230.74
2928;0.7;1;2148.08,158.35,2235.36,238.13
2929;0.75;1;2152.74,164.04,2238.55,242.52
2930;0.7;1;2155.88,171.74,2240.24,248.79
2931;0.68;1;2157.1,177.53,2242.85,256.02
2932;0.67;1;2159.24,186.53,2243.34,263.34
2933;0.62;1;2160.18,193.55,2244.75,270.99
2934;0.63;1;2162.06,202.15,2244.32,277.25
2935;0.67;1;2164.93,210.4,2245.39,283.71
2936;0.66;1;2166.63,215.3,2248.78,289.92
2937;0.67;1;2166.53,223.4,2248.64,298.0
2938;0.69;1;2169.13,229.85,2252.6,305.72
2939;0.72;1;2171.35,237.14,2253.92,312.05
2940;0.69;1;2172.04,245.27,2254.72,320.41
2941;0.68;1;2174.51,251.51,2256.43,325.66
2942;0.68;1;2176.48,259.63,2258.74,333.85
2943;0.67;1;2180.07,268.03,2262.33,341.84
2944;0.64;1;2181.27,275.36,2262.9,348.12
2945;0.69;1;2182.87,282.89,2264.19,355.03
2946;0.69;1;2182.7,288.4,2267.43,363.5
2947;0.67;1;2181.84,295.66,2267.46,371.49
2948;0.62;1;2184.16,302.22,2271.44,379.54
2949;0.66;1;2185.54,308.02,2273.42,385.83
2950;0.69;1;2186.71,316.95,2273.54,393.74
2951;0.68;1;2186.39,323.41,2275.36,402.15
2952;0.71;1;2188.5,329.79,2277.43,408.28
2953;0.71;1;2189.69,337.38,2279.65,416.89
2954;0.71;1;2190.05,342.03,2280.95,422.4
2955;0.66;1;2192.62,349.4,2283.11,429.39
2956;0.74;1;2193.82,355.37,2284.59,435.78
2957;0.69;1;2196.24,364.47,2283.6,442.02
2958;0.69;1;2197.24,371.48,2285.31,449.76
2959;0.72;1;2198.71,378.47,2287.66,457.36
2960;0.69;1;2198.61,385.57,2288.23,465.49
2961;0.72;1;2201.03,392.36,2290.58,472.33
2962;0.73;1;2203.11,399.67,2292.41,479.37
2963;0.7;1;2202.9,407.87,2293.12,488.71
2964;0.7;1;2206.11,415.41,2293.99,493.95
2965;0.72;1;2208.07,422.29,2297.76,502.49
2966;0.71;1;2207.05,427.99,2299.37,510.84
2967;0.71;1;2209.58,436.44,2299.35,516.9
2968;0.71;1;2209.71,444.14,2299.0,523.87
2969;0.73;1;2214.43,450.8,2302.21,528.95
2970;0.71;1;2216.76,459.03,2304.52,536.97
2971;0.62;1;2219.56,467.71,2305.86,544.02
2972;0.73;1;2220.26,473.76,2306.76,549.99
2973;0.71;1;2221.99,482.5,2308.01,557.87
2974;0.72;1;2222.74,488.12,2310.4,564.43
2975;0.72;1;2225.53,496.13,2311.8,570.89
2976;0.75;1;2224.94,501.86,2314.78,579.62
2977;0.75;1;2226.8,509.89,2315.96,586.75
2978;0.67;1;2229.48,518.64,2317.58,594.59
2979;0.7;1;2231.18,524.91,2319.81,601.24
2980;0.7;1;2232.46,533.2,2319.77,608.42
2981;0.64;1;2233.99,540.76,2320.79,615.3
2982;0.74;1;2236.16,548.43,2322.57,622.03
2983;0.72;1;2236.74,554.67,2325.56,630.2
2984;0.71;1;2238.05,561.26,2326.84,636.41
2985;0.68;1;2240.42,569.05,2328.99,644.02
2986;0.69;1;2240.76,575.44,2331.76,652.67
2987;0.7;1;2243.1,583.73,2329.99,657.54
2988;0.66;1;2246.07,592.9,2329.22,663.38
2989;0.72;1;2245.65,598.62,2330.06,670.1
2990;0.69;1;2248.18,606.15,2332.47,677.24
2991;0.73;1;2249.58,612.65,2334.17,683.68
2992;0.68;1;2251.77,620.91,2336.45,691.98
2993;0.55;1;2250.96,628.81,2337.2,701.31
2994;0.67;1;2252.63,634.63,2338.05,706.47
2995;0.63;1;2253.94,641.86,2339.96,714.18
2996;0.53;1;2255.64,649.19,2340.95,720.85
2997;0.68;1;2256.26,656.03,2341.97,727.9
2998;0.69;1;2257.4,664.02,2342.91,735.73
2999;0.75;1;2257.86,669.94,2345.29,743.09
3000;0.67;1;2256.54,676.76,2346.31,752.25
3001;0.63;1;2259.7,684.95,2346.72,757.92
3002;0.76;1;2260.19,691.5,2349.26,766.23
3003;0.71;1;2260.47,698.77,2349.75,773.71
3004;0.69;1;2260.97,706.16,2349.76,780.56
3005;0.69;1;2260.58,712.48,2350.58,788.08
3006;0.67;1;2262.08,720.2,2351.24,794.96
3007;0.69;1;2262.36,727.47,2353.17,803.77
3008;0.67;1;2265.01,735.81,2351.8,808.26
3009;0.75;1;2265.0,741.88,2353.36,815.6
3010;0.71;1;2265.71,747.75,2356.23,823.39
3011;0.68;1;2267.8,755.25,2357.46,829.73
3012;0.73;1;2267.26,761.91,2359.41,838.75
3013;0.72;1;2268.35,769.0,2360.64,845.95
3014;0.67;1;2269.46,777.8,2359.65,852.9
3015;0.68;1;2270.21,785.81,2359.53,859.96
3016;0.68;1;2269.01,790.0,2361.39,867.0
3017;0.59;1;2269.38,796.65,2362.28,874.2
3018;0.63;1;2270.46,803.36,2363.52,881.27
3019;0.7;1;2272.69,810.71,2364.89,887.88
3020;0.67;1;2271.25,816.23,2367.0,896.97
3021;0.62;1;2278.08,826.67,2366.29,900.82
3022;0.66;1;2280.56,835.16,2367.61,908.26
3023;0.68;1;2281.23,842.33,2368.44,915.28
3024;0.65;1;2280.48,847.91,2372.53,925.08
3025;0.64;1;2282.32,855.31,2371.05,929.37
3026;0.67;1;2281.98,861.42,2374.33,938.99
3027;0.69;1;2282.69,869.03,2375.15,946.77
3028;0.62;1;2282.5,873.82,2377.12,953.61
3029;0.66;1;2284.3,881.08,2378.35,960.67
3030;0.68;1;2285.52,889.48,2378.4,968.14
3031;0.62;1;2289.08,898.92,2375.91,972.02
3032;0.71;1;2290.51,906.24,2375.48,977.34
3033;0.68;1;2289.77,912.78,2378.14,986.77
3034;0.66;1;2290.39,920.87,2377.54,993.7
3035;0.66;1;2291.76,928.57,2378.09,1000.52
3036;0.69;1;2290.6,931.81,2383.04,1009.17
3037;0.71;1;2291.76,940.89,2382.16,1016.59
3038;0.68;1;2292.97,948.3,2381.56,1022.25
3039;0.68;1;2293.49,954.56,2383.53,1029.86
3040;0.69;1;2293.1,961.39,2384.79,1038.63
3041;0.7;1;2295.32,969.42,2384.11,1044.15
3042;0.67;1;2296.4,977.3,2384.64,1051.47
3043;0.63;1;2297.58,984.77,2385.27,1058.47
3044;0.7;1;2298.53,993.04,2384.61,1065.23
3045;0.7;1;2300.07,999.92,2386.41,1072.43
3046;0.67;1;2299.03,1006.9,2386.3,1080.19
3047;0.66;1;2296.86,1013.56,2386.7,1089.44
3048;0.68;1;2298.57,1021.22,2387.11,1095.99
3049;0.75;1;2299.33,1028.11,2387.77,1102.79
3050;0.67;1;2299.09,1034.16,2389.24,1110.72
3051;0.75;1;2299.55,1040.78,2389.24,1117.26
3052;0.7;1;2300.47,1047.91,2389.98,1124.41
3053;0.69;1;2300.42,1055.25,2388.98,1131.04
3054;0.7;1;2298.99,1061.33,2388.41,1137.77
3055;0.66;1;2299.4,1068.85,2388.14,1144.6
3056;0.76;1;2298.98,1075.99,2387.27,1151.1
3057;0.69;1;2298.09,1085.18,2386.02,1159.88
3058;0.69;1;2299.78,1092.36,2386.53,1165.61
3059;0.69;1;2299.89,1099.68,2387.01,1172.86
3060;0.69;1;2301.01,1106.9,2388.57,1180.47
3061;0.66;1;2302.87,1114.34,2389.32,1186.98
3062;0.69;1;2303.35,1121.23,2390.5,1194.58
3063;0.66;1;2304.15,1127.66,2391.58,1201.06
3064;0.63;1;2303.3,1135.45,2391.39,1209.65
3065;0.71;1;2304.76,1143.33,2391.65,1216.65
3066;0.73;1;2304.65,1149.83,2392.76,1224.2
3067;0.67;1;2305.06,1158.01,2392.2,1231.73
3068;0.62;1;2306.65,1164.73,2393.88,1238.38
3069;0.68;1;2307.85,1172.91,2393.65,1245.01
3070;0.67;1;2307.71,1180.65,2393.75,1253.14
3071;0.68;1;2308.21,1186.37,2395.12,1259.46
3072;0.66;1;2309.37,1193.57,2395.37,1265.64
3073;0.66;1;2308.69,1199.63,2396.86,1273.42
3074;0.69;1;2307.2,1207.14,2395.63,1281.37
3075;0.61;1;2308.97,1214.35,2395.39,1286.4
3076;0.62;1;2307.93,1219.89,2398.44,1295.68
3077;0.66;1;2307.95,1228.27,2396.44,1302.49
3078;0.62;1;2308.12,1234.96,2397.82,1310.53
3079;0.65;1;2308.59,1241.61,2398.14,1317.09
3080;0.59;1;2308.38,1249.25,2397.42,1324.52
3081;0.62;1;2307.13,1256.09,2397.78,1333.0
3082;0.66;1;2308.95,1262.94,2399.69,1339.94
3083;0.69;1;2308.52,1268.32,2402.28,1348.11
3084;0.63;1;2309.18,1276.75,2400.15,1354.2
3085;0.65;1;2309.88,1283.75,2400.57,1361.18
3086;0.69;1;2310.69,1292.46,2398.3,1366.87
3087;0.68;1;2311.4,1298.63,2399.64,1373.67
3088;0.64;1;2309.4,1304.14,2400.44,1382.11
3089;0.65;1;2310.14,1311.15,2399.25,1387.7
3090;0.68;1;2310.55,1318.17,2400.06,1395.35
3091;0.67;1;2311.01,1327.02,2398.0,1402.05
3092;0.71;1;2313.97,1334.6,2398.5,1407.31
3093;0.75;1;2312.56,1340.79,2399.36,1415.54
3094;0.71;1;2311.96,1348.28,2398.91,1423.33
3095;0.71;1;2313.27,1354.86,2399.83,1429.88
3096;0.7;1;2313.52,1362.82,2400.2,1437.97
3097;0.7;1;2312.97,1369.04,2401.86,1446.76
3098;0.67;1;2314.68,1376.39,2401.82,1452.76
3099;0.67;1;2317.23,1384.27,2400.89,1457.5
3100;0.66;1;2315.89,1390.47,2402.28,1466.43
3101;0.69;1;2317.49,1398.76,2400.4,1471.39
3102;0.67;1;2317.07,1404.7,2400.34,1477.6
3103;0.65;1;2316.48,1412.65,2398.85,1484.75
3104;0.59;1;2315.46,1420.16,2398.82,1493.51
3105;0.7;1;2316.41,1426.35,2398.38,1498.76
3106;0.7;1;2316.95,1432.34,2399.68,1505.71
3107;0.74;1;2316.2,1438.42,2399.82,1513.01
3108;0.68;1;2317.6,1447.02,2398.92,1519.61
3109;0.64;1;2318.13,1455.27,2398.46,1526.9
3110;0.63;1;2318.74,1464.24,2397.02,1533.63
3111;0.65;1;2319.9,1472.87,2396.69,1540.59
3112;0.72;1;2318.5,1478.3,2396.64,1547.12
3113;0.62;1;2318.63,1485.43,2397.27,1554.53
3114;0.65;1;2317.39,1491.85,2397.8,1562.56
3115;0.63;1;2317.02,1498.34,2397.55,1569.21
3116;0.66;1;2318.85,1507.39,2398.04,1576.81
3117;0.63;1;2317.3,1513.41,2397.81,1584.03
3118;0.67;1;2318.36,1520.26,2399.15,1590.99
3119;0.67;1;2319.44,1528.43,2399.34,1598.11
3120;0.64;1;2319.81,1535.9,2398.51,1604.35
3121;0.66;1;2319.84,1544.32,2399.11,1613.13
3122;0.65;1;2317.34,1549.02,2399.09,1620.04
3123;0.64;1;2316.85,1555.78,2399.6,1627.75
3124;0.63;1;2316.29,1562.34,2400.45,1635.71
3125;0.68;1;2315.62,1569.84,2400.45,1643.87
3126;0.69;1;2318.26,1579.2,2400.28,1650.55
3127;0.63;1;2318.4,1585.69,2399.19,1655.82
3128;0.63;1;2316.11,1593.49,2399.99,1666.32
3129;0.61;1;2314.03,1599.11,2401.26,1674.95
3130;0.62;1;2312.14,1604.58,2400.11,1680.96
3131;0.68;1;2309.81,1610.79,2399.22,1688.57
3132;0.71;1;2309.94,1617.57,2400.81,1696.68
3133;0.67;1;2312.0,1625.82,2399.57,1701.73
3134;0.68;1;2310.22,1632.03,2401.04,1711.22
3135;0.68;1;2311.32,1639.6,2402.96,1719.84
3136;0.66;1;2313.97,1647.85,2405.27,1727.51
3137;0.7;1;2313.18,1655.37,2406.51,1736.92
3138;0.66;1;2312.47,1663.85,2403.02,1743.09
3139;0.67;1;2312.54,1669.6,2403.29,1749.0
3140;0.71;1;2311.26,1675.65,2404.13,1756.98
3141;0.69;1;2312.35,1684.02,2403.09,1763.49
3142;0.66;1;2312.07,1690.48,2404.48,1771.56
3143;0.7;1;2313.22,1698.18,2403.85,1777.79
3144;0.68;1;2313.31,1706.15,2403.05,1785.52
3145;0.62;1;2312.61,1714.91,2402.46,1794.83
3146;0.63;1;2311.54,1722.39,2403.51,1804.9
3147;0.69;1;2310.58,1729.19,2403.3,1813.26
3148;0.67;1;2311.44,1736.71,2401.93,1819.1
3149;0.71;1;2311.58,1743.79,2400.79,1824.9
3150;0.69;1;2310.17,1750.72,2400.67,1833.72
3151;0.66;1;2311.89,1758.73,2399.6,1839.33
3152;0.63;1;2312.46,1766.13,2400.24,1847.0
3153;0.68;1;2310.23,1772.14,2400.87,1856.45
3154;0.65;1;2310.03,1781.57,2397.79,1863.9
3155;0.61;1;2310.72,1788.62,2397.25,1870.14
3156;0.65;1;2308.73,1798.14,2395.0,1879.88
3157;0.68;1;2307.66,1804.66,2393.4,1886.26
3158;0.69;1;2307.93,1811.84,2394.07,1894.01
3159;0.68;1;2305.76,1818.32,2393.36,1902.65
3160;0.65;1;2306.77,1827.71,2390.37,1908.38
3161;0.62;1;2307.7,1835.5,2389.72,1914.6
3162;0.73;1;2308.56,1841.22,2393.07,1922.71
3163;0.67;1;2306.95,1849.6,2390.03,1929.91
3164;0.64;1;2305.19,1856.48,2389.69,1938.55
3165;0.61;1;2304.65,1863.55,2390.0,1946.84
3166;0.66;1;2303.24,1870.94,2389.49,1955.88
3167;0.66;1;2303.28,1878.11,2388.8,1962.81
3168;0.62;1;2303.04,1885.51,2387.02,1968.59
3169;0.65;1;2304.04,1894.46,2386.64,1976.34
3170;0.66;1;2304.55,1902.13,2387.36,1984.5
3171;0.62;1;2304.04,1908.12,2386.97,1990.61
3172;0.67;1;2303.82,1915.62,2388.08,1999.43
3173;0.65;1;2303.84,1924.6,2386.0,2006.65
3174;0.63;1;2302.76,1931.63,2385.42,2014.01
3175;0.69;1;2302.52,1939.3,2386.02,2022.61
3176;0.68;1;2301.96,1948.17,2383.19,2029.19
3177;0.71;1;2300.49,1954.53,2383.14,2036.64
3178;0.7;1;2300.17,1961.65,2384.67,2045.85
3179;0.69;1;2299.01,1970.75,2381.74,2053.43
3180;0.69;1;2298.51,1977.43,2381.42,2060.22
3181;0.72;1;2295.55,1984.9,2381.01,2070.16
3182;0.71;1;2295.75,1992.88,2379.66,2076.12
3183;0.7;1;2294.24,1999.37,2378.29,2082.55
3184;0.73;1;2292.97,2008.18,2378.11,2091.64
3185;0.73;1;2291.93,2013.55,2379.09,2099.21
3186;0.7;1;2293.22,2022.28,2378.71,2105.99
3187;0.7;1;2292.38,2028.71,2378.3,2112.99
3188;0.72;1;2292.34,2036.77,2377.37,2120.79
3189;0.67;1;2293.47,2046.59,2375.83,2127.91
3190;0.64;1;2293.35,2054.35,2375.55,2135.96
3191;0.64;1;2292.94,2061.79,2375.9,2144.68
3192;0.68;1;2293.04,2069.93,2373.81,2150.79
3193;0.64;1;2293.16,2075.74,2373.19,2155.69
3194;0.68;1;2294.41,2081.89,2373.47,2160.0
3195;0.6;1;2295.69,2089.12,2369.61,2160.0
3196;0.54;1;2296.96,2095.62,2365.98,2160.0
3197;0.64;1;2299.61,2104.63,2361.77,2160.0
3198;0.59;1;2299.44,2110.8,2356.88,2160.0
3199;0.6;1;2306.7,2121.58,2354.93,2160.0
3552;0.4;0;1293.83,246.06,1348.14,295.1
3956;0.46;0;3083.66,1274.45,3138.63,1333.77
3957;0.43;0;3083.12,1278.72,3140.73,1338.56
3972;0.4;0;3070.64,1375.99,3123.59,1433.52
4015;0.38;0;100.0,1235.61,128.78,1262.66
4485;0.38;0;1816.62,11.49,1844.7,39.72
5485;0.4;0;1804.32,0.04,1913.42,37.98
5489;0.39;0;1818.72,0.0,1900.68,61.39
5496;0.38;0;1819.87,42.05,1900.72,104.19
5497;0.55;0;1819.22,47.69,1900.45,112.14
5499;0.51;0;1820.0,58.85,1901.89,122.35
5500;0.54;0;1819.82,65.91,1899.63,128.0
5501;0.54;0;1822.09,72.11,1899.91,136.62
5502;0.44;0;1816.88,77.36,1903.25,144.4
5503;0.72;0;1816.79,85.27,1900.03,150.6
5504;0.59;2;1817.79,91.55,1897.82,154.37
5505;0.69;2;1816.45,96.53,1898.15,160.7
5506;0.39;2;1819.1,104.03,1897.1,165.25
5507;0.5;2;1818.91,110.39,1896.32,171.13
5509;0.42;2;1817.13,119.31,1897.46,182.42
5510;0.51;2;1816.12,127.21,1894.03,188.22
5513;0.72;2;1813.87,142.82,1893.8,205.44
5514;0.68;2;1812.34,151.08,1894.36,215.38
5515;0.66;2;1812.47,160.49,1892.36,223.15
5516;0.62;2;1812.03,166.88,1891.17,228.92
5517;0.57;2;1812.22,173.5,1892.43,236.36
5518;0.59;2;1811.22,178.16,1895.33,244.36
5519;0.44;2;1812.21,186.6,1892.88,250.13
5520;0.61;2;1810.61,192.41,1893.41,257.96
5521;0.64;2;1811.49,199.78,1889.99,262.02
5522;0.46;2;1810.34,206.55,1888.96,268.97
5523;0.66;2;1810.31,212.77,1886.28,273.24
5524;0.53;2;1809.12,218.44,1885.89,279.74
5525;0.36;2;1810.42,225.87,1884.9,285.16
5527;0.54;2;1811.33,236.36,1885.88,295.56
5528;0.55;2;1811.12,244.4,1887.62,305.12
5529;0.42;2;1810.35,250.71,1887.58,311.98
5531;0.55;2;1809.26,261.62,1888.29,324.48
5533;0.5;2;1807.95,273.34,1886.38,336.12
5534;0.38;2;1807.91,282.22,1886.79,345.52
5535;0.55;2;1806.4,289.01,1886.88,353.43
5536;0.5;2;1807.6,296.79,1885.52,358.88
5537;0.46;2;1804.53,302.13,1886.28,367.42
5538;0.65;2;1802.73,307.46,1886.39,374.2
5539;0.74;2;1803.01,314.46,1886.16,380.7
5540;0.6;2;1803.61,320.67,1885.31,385.5
5541;0.51;2;1804.29,329.6,1883.37,392.25
5542;0.7;2;1803.35,334.26,1881.9,396.46
5543;0.57;2;1803.61,341.64,1881.7,403.69
5544;0.54;2;1803.91,348.87,1882.78,411.31
5545;0.43;2;1803.97,355.02,1884.21,417.98
5546;0.7;2;1802.57,359.87,1886.14,425.67
5547;0.44;2;1801.12,366.57,1884.41,431.99
5548;0.68;2;1800.94,373.65,1883.06,438.19
5549;0.65;2;1800.62,380.1,1881.28,443.18
5550;0.58;2;1799.75,386.14,1881.05,449.67
5551;0.43;2;1799.46,393.02,1879.01,455.1
5553;0.52;2;1798.22,402.81,1881.83,468.49
5554;0.47;2;1797.48,410.57,1880.78,476.27
5556;0.63;2;1798.49,423.41,1878.82,486.83
5557;0.58;2;1797.89,429.96,1879.04,494.51
5558;0.61;2;1796.69,436.28,1879.25,502.11
5559;0.66;2;1795.79,445.42,1876.49,509.78
5560;0.61;2;1796.03,452.67,1873.94,514.63
5561;0.66;2;1795.56,460.53,1872.92,521.83
5562;0.7;2;1792.96,465.43,1871.81,528.09
5563;0.63;2;1793.22,475.59,1867.59,534.44
5564;0.54;2;1792.59,481.58,1867.45,540.59
5565;0.61;2;1792.43,488.74,1867.46,547.68
5566;0.58;2;1791.71,496.38,1866.77,555.16
5567;0.4;2;1791.49,501.48,1868.09,561.14
5568;0.39;2;1790.33,507.29,1869.32,568.77
5569;0.53;2;1789.96,513.12,1869.1,574.47
5573;0.35;0;1787.57,543.33,1867.09,604.46
5574;0.54;2;1789.05,543.79,1866.43,603.69
5575;0.49;2;1788.39,556.47,1864.98,615.59
5579;0.39;2;1786.39,576.98,1864.97,637.85
5582;0.64;2;1782.04,595.76,1865.73,660.79
5583;0.4;2;1779.21,607.67,1860.87,671.44
5593;0.42;0;1774.76,678.6,1857.17,739.22
5595;0.5;0;1775.36,691.55,1855.04,754.19
5600;0.49;0;1768.99,725.72,1848.14,786.45
5601;0.42;0;1767.18,727.85,1852.93,789.51
5604;0.46;0;1764.06,751.48,1843.62,810.14
5607;0.42;0;1763.36,765.83,1846.11,836.48
5614;0.36;0;1761.83,817.6,1840.01,882.7
5618;0.41;0;1759.91,847.13,1844.17,912.27
5619;0.54;0;1759.62,853.34,1841.97,918.78
5621;0.41;0;1755.73,866.75,1831.91,934.73
5622;0.44;0;1755.71,872.67,1835.31,942.48
5624;0.68;0;1753.04,886.07,1834.44,954.58
5625;0.59;3;1755.85,893.83,1833.15,958.88
5626;0.58;3;1753.96,897.95,1833.58,964.92
5627;0.45;3;1753.79,905.26,1831.28,970.41
5628;0.69;3;1754.02,911.8,1833.61,978.66
5630;0.54;3;1753.7,923.54,1832.67,989.68
5631;0.71;3;1753.54,931.47,1834.55,999.16
5632;0.67;3;1752.85,939.84,1835.34,1008.62
5633;0.55;3;1751.59,944.62,1836.84,1015.69
5634;0.64;3;1750.49,952.86,1835.56,1023.78
5635;0.51;3;1749.21,958.41,1834.5,1029.43
5636;0.38;3;1749.97,965.85,1834.43,1035.94
5640;0.58;3;1749.95,986.39,1828.98,1051.94
5642;0.61;3;1749.11,1002.4,1828.85,1068.62
5644;0.35;3;1751.3,1019.12,1828.33,1082.74
5645;0.54;3;1751.5,1029.22,1827.85,1091.87
5647;0.54;3;1750.11,1039.81,1827.56,1103.04
5649;0.49;3;1749.71,1052.76,1828.72,1117.2
5658;0.5;0;1742.15,1112.54,1828.84,1179.7
5659;0.54;0;1741.0,1121.4,1828.98,1187.77
5660;0.52;0;1740.33,1126.69,1827.93,1195.19
5661;0.55;0;1744.33,1137.96,1827.61,1200.79
5663;0.37;0;1742.55,1147.78,1827.94,1213.65
5664;0.45;0;1743.75,1155.99,1822.99,1218.61
5666;0.45;0;1741.78,1171.81,1822.9,1234.2
5667;0.4;0;1740.1,1175.85,1824.85,1240.69
5671;0.47;0;1738.99,1205.87,1820.85,1266.61
5677;0.51;0;1738.09,1242.82,1820.77,1307.38
5678;0.51;0;1736.03,1250.53,1821.28,1315.34
5679;0.43;0;1735.75,1255.41,1818.83,1320.8
5682;0.38;0;1732.43,1278.25,1815.22,1341.23
5683;0.47;0;1734.03,1284.88,1813.29,1349.88
5684;0.53;0;1733.0,1290.1,1815.2,1355.39
5685;0.45;0;1732.56,1296.57,1819.84,1362.54
5686;0.6;0;1733.07,1302.39,1820.22,1368.12
5688;0.6;4;1731.64,1314.34,1816.93,1378.62
5689;0.51;4;1729.92,1323.66,1816.03,1388.55
5691;0.6;4;1729.32,1335.12,1814.14,1399.09
5692;0.42;4;1729.84,1343.02,1811.14,1404.28
5698;0.61;0;1730.64,1386.01,1810.02,1447.79
5702;0.58;0;1728.19,1412.65,1806.62,1472.23
5706;0.42;0;1727.06,1438.15,1806.28,1498.91
5711;0.51;0;1724.44,1472.46,1800.84,1532.43
5712;0.63;0;1723.13,1483.75,1803.24,1542.5
5713;0.42;0;1723.14,1488.27,1801.88,1547.25
5714;0.38;0;1723.49,1495.63,1803.37,1555.48
5715;0.36;0;1720.52,1499.22,1804.1,1562.75
5716;0.45;0;1722.22,1506.2,1799.86,1567.94
5720;0.43;0;1717.54,1532.4,1797.73,1595.69
5735;0.42;0;1715.41,1638.85,1792.02,1701.01
5743;0.47;0;1706.08,1689.48,1789.61,1751.47
5744;0.41;0;1708.66,1698.75,1789.14,1759.45
5746;0.53;0;1704.21,1709.59,1788.2,1773.05
5755;0.53;0;1697.68,1771.15,1782.02,1833.13
5757;0.62;0;1692.79,1781.23,1778.35,1851.35
5758;0.37;0;1692.42,1794.14,1775.98,1854.7
5760;0.56;0;1692.34,1805.15,1776.58,1869.15
5766;0.35;0;1684.68,1846.73,1771.76,1913.83
5768;0.38;0;1679.37,1858.74,1763.92,1926.98
5778;0.54;0;1669.66,1926.24,1754.61,1991.19
5787;0.39;0;1663.32,1996.09,1741.42,2057.02
5789;0.49;0;1656.2,2003.86,1742.13,2072.07
5794;0.4;0;1655.0,2041.93,1735.66,2105.78
5796;0.41;0;1650.03,2056.5,1733.3,2119.92
5797;0.55;0;1651.14,2059.76,1732.37,2124.96
6016;0.38;0;2819.59,1671.71,2858.89,1708.57
6249;0.53;0;312.71,0.88,468.44,49.95
6456;0.37;0;3259.32,1029.2,3314.49,1082.15
7063;0.4;0;2559.67,0.68,2717.54,66.54
7186;0.5;0;805.86,383.27,880.46,445.96
7318;0.38;0;3015.82,147.17,3042.84,173.17
7460;0.36;0;1833.65,753.78,1924.46,828.0
7463;0.39;0;1827.41,766.09,1928.29,849.67
7560;0.4;0;1776.47,1877.96,1873.43,1964.21
7731;0.36;0;4.51,0.0,104.01,60.79
7811;0.4;0;1488.08,0.0,1551.71,54.27
7813;0.55;0;1483.99,5.99,1543.31,67.74
7814;0.61;0;1485.13,18.09,1541.03,70.73
7816;0.36;0;1482.25,35.19,1535.28,80.03
7823;0.48;0;1468.84,76.78,1526.08,130.15
7833;0.36;0;1446.77,148.33,1502.11,194.79
7836;0.57;0;1440.74,167.91,1493.97,229.28
7837;0.46;0;1433.97,174.54,1492.39,230.14
7844;0.55;0;1427.27,219.71,1484.09,274.59
7845;0.36;0;1423.35,226.05,1479.51,276.18
7847;0.43;0;1416.86,240.6,1474.74,304.51
7859;0.55;0;1388.22,314.94,1443.17,365.74
7861;0.6;0;1383.68,327.33,1438.27,383.83
7863;0.47;0;1376.86,341.64,1431.19,393.1
7866;0.48;0;1367.02,361.1,1433.94,418.76
7906;0.41;0;1283.99,623.66,1341.47,675.48
7914;0.36;0;1269.03,679.12,1323.89,731.65
7926;0.46;0;1239.61,754.54,1305.07,814.63
7927;0.44;0;1238.87,766.19,1297.91,819.06
7931;0.35;0;1238.17,793.64,1293.51,840.66
7932;0.44;0;1236.56,797.43,1289.1,849.61
7934;0.55;0;1229.03,810.0,1284.58,863.49
7952;0.44;0;2984.99,1.05,3115.0,50.32
8041;0.35;0;3108.58,1555.8,3168.05,1601.44
8042;0.47;0;3105.54,1561.69,3165.25,1608.8
8046;0.38;0;1047.21,1588.49,1105.91,1640.62
8092;0.44;0;983.59,1920.51,1046.53,1973.46
8174;0.4;0;915.99,1608.24,972.43,1662.07
8184;0.36;0;2798.78,931.52,2857.85,978.4
8206;0.42;0;1440.92,0.0,1496.24,40.79
8244;0.42;0;3414.21,1303.6,3461.14,1345.35
8311;0.49;0;2381.79,1993.95,2466.0,2076.31
8407;0.36;0;2347.18,1472.2,2425.75,1530.07
9144;0.37;0;2575.24,1148.13,2623.88,1191.17
9164;0.36;0;0.12,479.63,86.23,602.37
9171;0.54;0;2542.95,1308.83,2595.56,1357.37
9206;0.35;0;2551.17,454.01,2617.66,504.86
9220;0.36;0;2480.48,1618.65,2534.49,1659.43
9249;0.37;0;2455.43,1801.35,2502.14,1840.47
9260;0.42;0;2443.37,1867.11,2493.54,1909.51
9261;0.47;0;2443.44,1876.02,2491.98,1914.12
9266;0.39;0;2452.71,822.82,2513.57,886.17
9391;0.46;0;2253.8,1601.07,2324.82,1662.55
9395;0.42;0;2261.2,1630.84,2319.71,1682.12
