original_size = 3840, 2160;
60;0.46;0;560.73,1167.35,607.22,1211.06
61;0.43;0;559.46,1174.98,606.62,1218.25
85;0.36;0;1921.89,353.58,2021.13,445.62
85;0.36;0;66.66,1223.1,190.27,1331.59
86;0.37;0;69.41,1206.04,190.67,1336.16
87;0.38;0;1924.77,371.08,2021.52,455.69
114;0.54;0;1936.68,566.17,2030.27,648.2
126;0.42;0;1941.34,654.08,2040.43,739.37
153;0.5;0;1978.87,853.55,2077.76,951.97
161;0.51;0;1985.93,917.83,2079.02,1004.44
179;0.67;0;33.81,813.66,131.08,911.19
179;0.64;0;2001.8,1043.15,2101.85,1136.08
225;0.53;0;2031.17,1339.07,2128.18,1438.39
226;0.36;0;2030.23,1344.5,2127.87,1438.88
248;0.35;0;309.24,1683.74,400.34,1768.94
289;0.51;0;585.28,617.28,727.59,712.36
335;0.42;0;2438.27,1.99,2532.75,89.06
351;0.5;0;2460.6,127.18,2556.93,216.14
354;0.4;0;2467.42,143.16,2568.02,234.88
360;0.52;0;1278.91,32.1,1373.54,112.54
361;0.52;0;1282.05,36.91,1380.43,118.04
364;0.69;0;1276.15,59.03,1378.91,147.87
365;0.43;0;1277.58,66.1,1377.93,153.91
373;0.41;0;1285.26,126.53,1380.84,205.51
374;0.47;0;1287.62,130.52,1376.65,205.2
387;0.66;0;1299.93,211.31,1394.29,294.1
388;0.57;4;1303.13,218.76,1394.35,298.81
389;0.42;4;1305.83,226.44,1393.99,303.69
391;0.55;0;2497.33,396.75,2594.28,494.42
395;0.49;0;1302.42,264.34,1405.54,353.6
399;0.53;0;2509.95,453.66,2605.06,544.09
400;0.42;0;1312.92,296.51,1402.89,372.12
401;0.43;0;1311.92,305.96,1405.54,386.19
408;0.51;0;1322.46,343.59,1419.39,434.33
409;0.35;0;1321.93,353.44,1421.49,437.46
411;0.36;0;659.5,0.55,822.79,58.88
417;0.48;0;2534.17,569.42,2631.62,663.73
421;0.4;0;1338.99,420.8,1435.28,505.76
421;0.36;0;579.42,0.0,670.8,60.56
422;0.59;0;1344.07,425.23,1429.53,509.49
424;0.4;0;583.19,1.45,671.73,74.82
425;0.55;0;586.92,4.98,669.69,79.62
426;0.59;0;590.17,6.66,673.32,85.41
427;0.54;0;589.41,11.48,676.41,98.63
428;0.55;0;590.3,16.87,678.38,103.52
429;0.55;0;592.37,25.79,680.92,108.41
432;0.48;0;599.52,43.0,685.55,133.53
433;0.44;0;602.17,50.42,683.38,131.92
438;0.37;0;610.19,79.08,694.81,154.31
440;0.39;0;1361.48,541.82,1464.52,629.45
441;0.61;0;613.44,93.54,696.6,177.83
441;0.41;0;2569.56,735.38,2666.84,831.84
442;0.36;0;1367.31,555.81,1466.19,642.74
443;0.49;0;1365.59,560.13,1470.42,669.8
456;0.38;0;1383.56,641.86,1487.37,726.52
457;0.64;0;1383.83,648.99,1487.4,735.77
458;0.57;0;636.08,197.25,720.3,278.12
459;0.42;0;637.67,202.2,719.15,281.87
460;0.55;0;638.44,208.01,723.44,291.15
460;0.51;0;1384.16,670.03,1491.54,765.29
461;0.63;0;639.02,213.65,723.06,298.79
469;0.35;0;650.46,270.01,730.49,344.91
472;0.52;0;654.45,282.45,737.36,366.77
473;0.45;0;656.48,291.1,737.72,369.61
474;0.42;0;658.52,295.25,738.82,376.08
475;0.4;0;656.53,301.94,743.53,385.75
476;0.51;0;657.71,309.51,741.74,390.42
481;0.57;0;1417.01,810.27,1513.22,891.9
482;0.62;0;1418.05,818.38,1511.52,898.39
484;0.62;0;666.84,357.87,757.2,445.3
485;0.63;9;670.39,365.2,755.13,447.18
487;0.49;0;2616.98,1060.97,2719.58,1160.0
487;0.39;0;1418.69,857.72,1518.65,948.32
490;0.48;0;2621.78,1088.31,2717.3,1173.77
499;0.58;0;686.06,462.88,770.89,541.79
500;0.4;0;686.48,468.5,773.5,549.34
500;0.37;0;1433.65,944.69,1534.51,1029.05
501;0.44;0;687.58,474.99,773.28,559.68
502;0.46;0;689.23,482.22,772.34,565.26
503;0.36;0;690.15,488.38,773.41,571.2
507;0.43;0;1448.6,995.07,1537.8,1073.2
509;0.56;0;1450.03,1001.86,1542.33,1091.94
511;0.44;0;1446.19,1022.69,1539.77,1100.96
512;0.56;0;1439.36,1028.07,1540.21,1114.4
515;0.53;0;699.8,571.24,787.8,655.22
515;0.4;0;2648.26,1278.03,2744.54,1362.85
516;0.69;0;700.32,571.75,788.69,662.6
516;0.4;0;2649.81,1290.8,2749.23,1375.28
517;0.54;10;701.78,577.74,784.94,663.23
518;0.4;0;1448.35,1072.69,1546.39,1155.08
519;0.4;0;737.17,0.48,901.5,61.85
523;0.55;0;1452.02,1107.12,1549.66,1192.79
524;0.6;0;1452.52,1114.64,1552.73,1200.18
524;0.47;0;711.99,632.97,794.99,712.68
525;0.55;11;1449.61,1120.05,1555.02,1210.11
526;0.44;11;1448.58,1126.54,1549.36,1212.62
527;0.55;0;2386.69,0.54,2514.26,60.36
528;0.55;0;711.25,660.18,797.24,738.01
528;0.49;0;2385.65,0.67,2517.16,71.1
529;0.38;0;1453.43,1147.6,1550.13,1232.61
530;0.63;0;2385.18,1.33,2520.15,90.77
531;0.64;12;2381.88,3.42,2521.86,96.27
532;0.66;12;2379.73,8.14,2523.8,104.13
535;0.53;0;1461.48,1192.35,1555.89,1280.71
536;0.43;0;3177.55,0.0,3247.35,58.04
538;0.46;0;2396.02,55.91,2515.74,147.28
539;0.61;0;2401.29,68.23,2515.82,156.44
540;0.39;0;2400.03,68.99,2517.92,164.57
540;0.35;0;0.13,1460.59,90.96,1583.88
541;0.66;0;2397.0,74.39,2519.12,172.46
541;0.49;0;0.0,1464.63,95.85,1601.46
541;0.44;0;723.78,754.38,806.16,833.05
542;0.58;14;2397.47,81.98,2520.71,180.92
544;0.57;14;2398.92,93.63,2522.43,192.89
545;0.43;14;2406.41,107.06,2524.25,201.65
546;0.62;14;2409.02,116.3,2524.42,208.89
547;0.54;14;2412.72,125.56,2523.69,214.08
548;0.71;14;2415.97,134.64,2524.2,220.72
549;0.72;14;2414.25,141.5,2525.94,230.15
550;0.45;14;2413.48,149.0,2526.45,238.54
551;0.62;14;2414.69,158.73,2525.13,246.06
552;0.66;14;2411.05,162.14,2527.46,254.33
553;0.71;14;2409.55,166.87,2528.75,261.31
554;0.63;14;2411.64,176.04,2528.52,268.87
555;0.53;14;2412.82,184.9,2527.1,275.59
556;0.53;0;725.45,856.75,810.75,940.16
557;0.53;14;2413.52,202.72,2527.74,293.12
558;0.46;14;2413.94,209.56,2530.07,301.58
559;0.66;14;2412.91,213.2,2531.63,307.41
560;0.44;14;2412.56,219.86,2531.3,314.42
561;0.59;14;2412.5,229.75,2532.41,326.06
563;0.46;14;2412.98,243.93,2531.24,339.1
564;0.56;0;1471.43,1404.53,1566.44,1490.5
564;0.56;0;729.53,914.32,815.41,990.11
565;0.5;0;2412.32,262.98,2529.98,351.72
565;0.35;0;1469.12,1410.02,1559.62,1497.0
566;0.69;14;2416.08,271.96,2527.3,360.71
567;0.46;14;2419.62,282.29,2527.91,368.35
568;0.54;14;2423.32,290.8,2529.76,375.48
569;0.66;14;2422.27,299.39,2527.67,382.75
570;0.71;14;2416.37,303.1,2528.79,391.98
571;0.7;14;2411.88,304.43,2532.69,399.73
572;0.53;14;2410.47,311.29,2529.49,405.03
572;0.61;16;731.02,967.88,815.18,1054.17
573;0.67;14;2407.87,318.31,2532.87,417.05
573;0.39;16;731.39,974.17,816.42,1061.23
574;0.53;14;2407.65,326.2,2532.58,425.1
574;0.62;16;730.04,981.69,815.54,1069.22
575;0.54;14;2409.55,333.19,2533.17,431.4
575;0.64;16;733.73,989.81,816.67,1074.66
576;0.61;16;733.91,996.25,815.58,1079.62
577;0.58;16;732.55,1003.02,815.07,1087.32
578;0.66;16;733.65,1011.04,813.01,1091.76
578;0.61;14;2416.2,361.12,2531.66,452.7
579;0.49;16;733.48,1019.25,811.63,1098.15
579;0.42;14;2415.08,366.43,2534.73,461.75
580;0.44;16;730.39,1024.11,813.95,1108.48
580;0.61;14;2415.97,375.99,2534.0,470.14
581;0.63;16;732.16,1033.87,813.79,1115.83
581;0.44;14;2422.15,390.99,2530.97,477.25
582;0.57;14;2421.11,399.25,2529.56,485.14
583;0.55;14;2421.96,406.42,2531.51,493.41
584;0.55;16;733.25,1059.05,813.57,1139.43
585;0.52;14;2419.81,417.54,2535.17,509.38
586;0.56;16;732.43,1073.41,814.88,1155.41
587;0.48;16;733.39,1078.93,817.58,1162.73
587;0.66;14;2414.78,428.21,2536.66,525.13
588;0.48;16;733.7,1084.78,817.24,1167.68
588;0.51;14;2416.05,436.26,2538.58,533.96
589;0.47;14;2419.15,446.62,2537.28,541.09
591;0.4;0;734.86,1104.92,814.84,1187.21
592;0.39;0;2419.22,469.13,2532.06,556.35
593;0.55;16;731.09,1118.68,815.27,1202.06
594;0.52;16;732.55,1130.45,812.0,1208.3
594;0.5;14;2423.75,489.37,2533.93,577.37
595;0.66;14;2422.24,496.3,2534.3,585.62
596;0.69;14;2423.8,502.2,2536.16,592.18
597;0.69;14;2425.08,508.44,2536.81,598.25
598;0.59;14;2423.49,516.31,2538.23,608.0
599;0.7;14;2421.3,522.76,2537.39,615.23
599;0.62;16;733.09,1164.67,818.48,1248.42
600;0.68;14;2419.7,528.21,2537.73,622.56
600;0.65;16;731.9,1170.31,819.89,1257.24
601;0.55;14;2420.45,534.55,2539.18,629.64
601;0.65;16;730.56,1175.45,819.18,1263.34
602;0.55;14;2419.55,542.81,2539.43,639.0
603;0.46;0;1465.2,1695.02,1564.17,1779.26
603;0.39;0;299.84,311.96,400.39,401.8
604;0.45;0;1465.27,1701.65,1559.86,1781.12
604;0.41;0;2203.16,3.34,2317.38,88.02
604;0.37;0;2424.59,562.93,2540.74,654.92
605;0.49;0;735.26,1202.71,818.46,1287.03
607;0.53;14;2420.51,581.84,2535.0,673.48
608;0.66;14;2422.18,591.62,2537.62,683.75
609;0.56;14;2425.62,599.76,2539.85,690.47
610;0.55;14;2426.52,608.82,2541.87,700.32
611;0.37;14;2426.09,616.06,2544.5,710.22
612;0.42;14;2426.43,622.98,2544.23,716.73
613;0.57;14;2428.74,628.55,2546.6,722.42
614;0.51;14;2429.59,638.06,2544.97,729.71
614;0.64;16;736.15,1270.01,819.33,1351.39
615;0.53;14;2428.34,644.18,2544.34,736.33
615;0.64;16;736.25,1276.97,820.16,1358.87
617;0.38;0;1876.34,1556.73,2009.92,1683.72
618;0.42;0;738.21,1295.01,822.36,1382.16
620;0.46;0;738.73,1308.79,826.08,1394.71
620;0.36;0;2430.62,687.53,2549.89,766.29
621;0.46;0;2428.88,694.05,2549.59,774.82
622;0.61;14;2436.11,697.91,2543.85,782.21
622;0.61;16;738.97,1319.9,827.41,1406.69
623;0.39;14;2437.09,707.01,2544.67,789.64
623;0.38;16;741.93,1331.63,824.54,1411.45
624;0.68;14;2434.66,715.04,2550.6,803.9
625;0.57;14;2434.0,720.41,2550.44,809.38
626;0.67;14;2434.1,729.51,2552.83,820.2
627;0.63;14;2437.37,738.2,2555.22,828.77
628;0.65;14;2435.32,743.74,2554.67,835.14
629;0.39;0;739.77,1380.72,827.62,1458.88
631;0.71;16;740.38,1389.16,833.5,1478.86
632;0.6;16;742.37,1395.98,831.41,1481.91
632;0.56;14;2435.27,766.64,2553.67,857.18
634;0.63;14;2440.03,782.68,2553.74,869.6
635;0.65;14;2443.56,792.38,2556.46,879.22
636;0.56;14;2445.53,801.91,2555.28,886.58
637;0.54;14;2448.82,812.58,2557.56,897.18
638;0.38;14;2446.34,818.52,2557.86,905.75
638;0.57;16;745.21,1440.38,828.99,1521.27
639;0.46;14;2443.54,825.99,2555.55,913.04
639;0.52;16;745.75,1447.44,826.96,1525.72
640;0.59;14;2443.58,834.39,2557.1,923.02
642;0.37;0;743.77,1470.71,829.36,1548.45
643;0.54;14;2437.28,848.28,2559.8,944.23
644;0.58;14;2437.96,856.9,2557.92,950.94
644;0.54;16;742.97,1485.05,829.76,1568.67
645;0.6;14;2440.3,865.66,2558.53,958.29
645;0.43;16;745.29,1493.57,829.41,1574.07
646;0.39;14;2441.43,873.58,2554.69,962.05
646;0.44;16;746.01,1500.19,832.25,1582.64
647;0.6;14;2439.45,880.7,2556.08,972.32
648;0.51;14;2445.19,888.43,2557.14,976.79
649;0.59;14;2443.46,897.5,2554.72,984.81
649;0.5;16;745.75,1520.2,830.12,1601.1
651;0.47;16;746.02,1531.82,831.4,1614.48
654;0.41;16;747.91,1548.56,830.75,1628.56
656;0.48;0;2440.36,940.81,2556.96,1032.48
657;0.7;14;2440.99,950.27,2558.2,1042.16
658;0.5;14;2436.1,954.17,2558.64,1050.59
659;0.68;14;2434.6,961.87,2555.2,1056.62
660;0.71;14;2437.17,972.93,2555.83,1066.37
661;0.47;14;2442.75,981.31,2559.22,1073.36
662;0.57;14;2441.22,991.06,2556.3,1081.75
662;0.54;16;745.03,1611.59,828.91,1692.68
663;0.63;14;2440.36,1000.54,2553.82,1089.73
669;0.36;0;745.02,1664.08,828.02,1740.86
670;0.69;14;2442.31,1046.73,2551.36,1132.3
671;0.51;14;2443.39,1062.56,2550.31,1145.88
672;0.7;14;2439.93,1070.69,2549.82,1156.22
673;0.66;14;2436.68,1076.21,2551.84,1165.63
674;0.55;14;2436.46,1084.52,2551.25,1173.3
675;0.38;0;742.06,1705.61,826.4,1786.41
676;0.41;0;2429.31,1096.75,2551.51,1183.84
678;0.42;0;2441.48,1114.31,2553.55,1199.82
678;0.38;0;740.59,1726.24,825.33,1807.31
679;0.54;14;2437.89,1123.04,2552.42,1212.11
680;0.56;14;2437.48,1128.41,2553.42,1219.11
683;0.66;14;2435.38,1143.1,2552.07,1234.24
684;0.55;14;2435.99,1154.07,2551.99,1244.38
685;0.7;14;2433.91,1165.01,2547.57,1252.95
686;0.36;14;2437.26,1174.5,2550.39,1261.87
689;0.51;16;739.02,1797.35,825.18,1881.58
690;0.4;16;740.89,1807.42,826.05,1890.61
691;0.57;0;2228.68,642.39,2333.63,718.37
692;0.5;0;2228.61,650.82,2328.55,731.2
693;0.41;0;2436.43,1223.46,2553.88,1311.83
695;0.71;14;2439.29,1243.07,2551.62,1329.57
696;0.6;14;2435.34,1244.11,2551.77,1334.22
696;0.61;16;740.73,1849.99,829.71,1937.86
697;0.46;16;742.05,1858.7,828.22,1943.9
699;0.39;0;2230.42,698.61,2333.15,788.32
700;0.53;14;2437.12,1275.36,2551.64,1363.29
702;0.57;14;2441.67,1292.28,2553.94,1378.56
702;0.65;16;747.96,1898.19,828.98,1977.24
705;0.55;16;748.49,1912.57,832.01,1994.54
706;0.65;16;749.28,1923.31,830.59,2002.95
706;0.55;14;2445.4,1317.53,2560.3,1406.09
707;0.63;16;748.71,1930.66,832.34,2012.8
707;0.67;14;2446.39,1323.95,2566.59,1416.32
708;0.55;16;749.31,1937.79,834.22,2021.75
708;0.71;14;2449.43,1333.78,2565.82,1423.51
709;0.51;16;751.25,1947.09,832.61,2027.53
709;0.5;14;2446.45,1341.87,2565.15,1433.75
710;0.51;14;2447.14,1348.98,2564.94,1440.26
711;0.55;14;2449.23,1356.87,2565.42,1447.42
712;0.63;14;2448.64,1364.5,2563.11,1453.44
714;0.59;14;2446.83,1372.09,2564.21,1463.66
715;0.7;14;2445.59,1378.28,2566.88,1473.58
716;0.65;14;2448.5,1385.44,2568.65,1480.32
717;0.51;14;2450.3,1393.27,2570.19,1488.21
718;0.39;14;2452.27,1400.28,2570.43,1493.86
719;0.71;14;2454.95,1409.67,2569.83,1500.61
720;0.41;14;2458.13,1416.24,2571.09,1505.47
720;0.59;16;761.23,2022.57,844.3,2105.0
723;0.5;14;2461.02,1433.39,2574.07,1522.58
724;0.43;14;2461.75,1442.19,2574.31,1530.49
726;0.67;14;2463.11,1456.51,2574.38,1543.71
727;0.71;14;2459.45,1459.84,2576.64,1551.48
728;0.44;14;2464.31,1468.85,2576.02,1555.94
735;0.38;0;2253.79,951.52,2355.95,1031.94
736;0.43;0;2252.83,954.3,2356.37,1044.54
737;0.47;0;2255.2,961.22,2358.98,1047.01
738;0.4;0;2254.48,967.93,2358.61,1054.28
740;0.56;14;2472.64,1546.33,2577.86,1628.1
741;0.57;14;2470.3,1553.58,2579.02,1638.22
743;0.68;14;2471.45,1568.05,2581.94,1654.62
747;0.56;14;2467.62,1588.54,2586.08,1681.55
748;0.6;14;2467.12,1599.57,2586.27,1694.13
749;0.54;14;2462.21,1605.03,2585.15,1702.86
752;0.48;14;2464.73,1621.63,2579.56,1712.84
755;0.37;0;2109.66,1784.19,2221.96,1873.38
760;0.48;0;2254.77,1115.47,2354.62,1198.86
761;0.66;0;2254.98,1120.8,2354.06,1202.72
762;0.44;0;2253.01,1126.84,2352.05,1217.4
764;0.52;0;3425.38,1905.35,3546.1,1981.75
765;0.42;0;3420.26,1905.69,3550.38,1991.7
768;0.52;14;2464.62,1735.03,2574.02,1820.78
770;0.36;14;2463.67,1747.55,2577.5,1836.57
773;0.62;14;2463.77,1765.46,2576.77,1853.75
774;0.63;14;2467.31,1779.63,2578.56,1866.89
775;0.48;14;2467.57,1789.14,2576.85,1874.63
776;0.63;18;356.95,1510.64,461.93,1605.25
777;0.56;14;2465.24,1801.5,2578.21,1890.15
779;0.42;0;2253.64,1245.98,2364.14,1325.51
780;0.65;14;2463.88,1817.11,2578.37,1907.78
781;0.66;14;2460.0,1821.68,2577.1,1914.44
783;0.64;14;2463.76,1836.74,2574.53,1924.15
784;0.53;0;2250.28,1276.75,2367.32,1365.0
784;0.46;0;2537.9,560.94,2598.81,624.5
786;0.53;14;2467.56,1862.52,2573.19,1945.24
789;0.7;14;2462.57,1882.21,2571.92,1968.16
790;0.74;14;2457.27,1891.16,2571.98,1981.63
791;0.6;14;2453.01,1895.73,2570.43,1988.8
792;0.48;14;2453.42,1904.59,2569.42,1996.8
793;0.45;14;2451.1,1910.4,2569.93,2005.29
794;0.58;14;2452.92,1918.55,2569.66,2011.66
796;0.51;14;2451.49,1932.4,2567.62,2024.97
797;0.51;14;2449.77,1941.77,2566.35,2034.59
798;0.64;14;2443.32,1944.94,2564.14,2041.54
800;0.54;14;2444.94,1959.58,2565.09,2055.9
801;0.49;14;2447.87,1969.7,2564.04,2063.07
802;0.66;14;2448.42,1980.25,2563.09,2072.59
803;0.61;14;2448.99,1989.09,2562.43,2080.44
804;0.4;0;350.73,1713.79,448.2,1798.29
805;0.5;0;2526.79,719.61,2586.26,783.19
805;0.37;0;2443.45,1995.67,2566.67,2095.65
806;0.74;14;2447.09,2009.43,2564.88,2104.24
807;0.42;14;2446.1,2013.03,2567.26,2110.79
808;0.6;14;2445.66,2017.91,2568.26,2117.53
809;0.62;14;2443.42,2025.0,2565.33,2124.38
810;0.67;14;2445.58,2034.68,2564.06,2131.66
814;0.45;0;2524.37,789.54,2583.76,849.49
825;0.44;0;351.6,1870.72,455.79,1961.86
843;0.36;0;2530.96,1005.27,2587.99,1063.01
844;0.37;0;2529.53,1012.78,2587.73,1071.79
845;0.38;0;2530.71,1021.59,2587.4,1078.24
846;0.5;0;2531.92,1028.26,2589.5,1087.49
849;0.37;0;2527.75,1052.3,2590.76,1113.95
865;0.43;0;2248.62,1884.24,2347.61,1968.81
867;0.47;0;2246.72,1899.32,2349.76,1989.08
868;0.57;0;2246.98,1908.66,2348.46,1992.48
869;0.46;0;2537.78,1200.57,2596.43,1260.39
870;0.37;0;2536.5,1208.24,2596.11,1270.43
871;0.44;0;2537.18,1214.41,2594.36,1274.44
872;0.58;0;2539.05,1221.76,2595.54,1282.04
873;0.41;0;2538.6,1227.92,2595.39,1291.26
874;0.41;0;2540.03,1237.14,2604.8,1298.05
892;0.59;0;2559.87,1368.05,2614.58,1428.08
893;0.36;0;2559.97,1376.15,2618.9,1434.1
894;0.6;0;2557.55,1382.26,2619.81,1444.92
895;0.51;0;2557.8,1388.25,2619.57,1451.55
896;0.39;0;2559.7,1393.65,2625.01,1459.46
903;0.44;0;2573.95,1438.53,2633.99,1502.97
920;0.41;0;2595.1,1550.55,2653.65,1617.59
921;0.53;0;2596.01,1559.32,2656.4,1623.69
922;0.56;0;2596.11,1567.61,2656.94,1631.94
929;0.57;0;2608.73,1611.16,2666.99,1675.68
934;0.39;0;2619.04,1649.15,2681.05,1715.6
961;0.38;0;2656.92,1847.44,2714.47,1908.58
968;0.42;0;2666.63,1900.04,2726.58,1964.34
969;0.57;0;2667.03,1909.76,2728.48,1973.75
970;0.55;0;2668.12,1920.02,2733.48,1984.09
976;0.43;0;2675.85,1960.93,2733.36,2022.69
977;0.53;0;2673.25,1968.79,2738.04,2033.41
978;0.53;0;2678.65,1977.77,2738.67,2041.17
979;0.57;0;2676.2,1985.98,2739.5,2047.57
980;0.62;0;2675.98,1995.41,2737.25,2058.41
981;0.37;0;2678.57,2004.48,2737.44,2066.52
982;0.54;0;2680.14,2013.77,2735.92,2073.25
983;0.51;0;2678.75,2021.67,2739.37,2087.12
987;0.49;0;2672.23,2053.35,2737.02,2116.32
990;0.42;0;2674.5,2077.88,2736.73,2140.68
991;0.35;0;2676.69,2084.27,2734.26,2149.46
992;0.44;0;2673.51,2088.81,2741.45,2158.36
994;0.45;0;2665.51,2105.03,2743.54,2159.89
1020;0.52;0;2215.28,949.67,2273.94,1004.19
1225;0.54;0;63.8,1942.15,151.9,2034.09
1231;0.39;0;0.0,1357.57,51.41,1424.07
1244;0.38;0;0.33,1428.18,58.98,1486.22
1245;0.44;0;0.0,1432.11,61.78,1496.72
1246;0.57;0;0.17,1436.93,64.97,1502.6
1252;0.36;0;2.26,1468.26,67.04,1538.85
1327;0.4;0;7.45,1821.85,77.61,1883.07
1338;0.44;0;18.59,1880.81,88.79,1943.74
2005;0.43;0;3138.96,15.61,3250.94,111.05
2006;0.42;0;3136.05,20.48,3253.32,119.89
2058;0.66;0;3185.92,399.8,3291.42,495.38
2059;0.45;0;3183.94,402.69,3305.55,500.8
2083;0.44;0;3206.77,577.94,3325.61,673.53
2084;0.47;0;3206.78,590.71,3321.3,685.52
2088;0.4;0;3209.28,605.34,3319.49,709.85
2106;0.45;0;3216.8,747.34,3329.52,839.29
2143;0.5;0;3230.73,1026.37,3341.26,1117.77
2150;0.49;0;2739.82,1652.27,2843.83,1741.57
2163;0.54;0;3223.21,1179.25,3339.73,1272.9
2658;0.51;0;1203.98,28.91,1297.51,120.57
2660;0.43;0;1206.18,41.69,1303.38,139.16
2661;0.6;0;1209.85,50.38,1301.15,141.49
2662;0.69;21;1209.23,56.0,1305.6,152.2
2663;0.52;21;1209.99,63.44,1304.99,158.26
2664;0.43;21;1212.14,70.02,1305.78,163.44
2665;0.37;21;1212.74,75.93,1310.0,173.17
2666;0.4;21;1211.12,80.61,1313.8,183.56
2667;0.51;21;1211.12,86.06,1315.41,190.97
2668;0.48;21;1211.74,92.3,1318.7,200.18
2669;0.58;21;1214.93,98.75,1320.01,204.92
2670;0.45;21;1217.43,103.52,1322.83,209.92
2671;0.51;21;1220.51,112.32,1320.9,213.19
2672;0.63;21;1226.64,120.11,1322.44,215.87
2673;0.61;21;1230.06,128.28,1323.46,221.58
2674;0.55;21;1229.55,134.83,1327.37,232.74
2675;0.51;21;1232.83,140.58,1328.78,237.05
2677;0.41;21;1233.92,150.3,1335.02,252.36
2678;0.65;21;1237.58,160.74,1334.11,258.19
2679;0.53;21;1237.97,166.0,1336.35,265.51
2680;0.57;21;1239.4,174.31,1339.48,276.35
2681;0.41;21;1240.85,179.2,1342.88,283.95
2689;0.54;0;1263.15,237.88,1355.66,335.68
2690;0.43;0;1258.67,241.68,1361.25,344.21
2691;0.61;0;1261.52,247.23,1363.18,353.47
2692;0.36;0;1266.29,254.44,1362.22,355.88
2695;0.37;0;1270.04,273.12,1370.78,380.11
2696;0.39;0;1270.57,284.26,1371.09,381.5
2697;0.6;0;1264.69,288.71,1374.99,393.06
2699;0.44;0;1280.76,305.96,1377.91,403.01
2700;0.54;0;1283.21,316.37,1377.75,412.98
2701;0.57;0;1283.17,320.54,1381.25,421.87
2702;0.45;0;1278.04,326.87,1384.21,442.63
2703;0.53;0;1288.46,337.65,1380.13,429.77
2706;0.44;0;1290.05,350.43,1393.16,452.35
2707;0.5;0;1293.21,354.93,1398.12,456.26
2711;0.6;0;1304.99,390.31,1400.4,487.38
2712;0.38;0;1302.26,396.09,1405.43,500.25
2713;0.55;0;1311.61,406.59,1402.79,499.31
2714;0.43;0;1308.03,408.65,1406.3,505.76
2715;0.49;0;1306.94,416.18,1407.99,521.17
2716;0.43;0;1310.97,425.68,1408.8,526.79
2717;0.38;0;1313.72,428.6,1413.37,533.45
2719;0.59;0;1318.36,446.41,1417.33,547.09
2720;0.63;0;1322.36,454.53,1418.58,549.88
2721;0.42;0;1319.69,459.26,1421.48,562.2
2723;0.5;0;1325.13,474.09,1425.6,575.88
2724;0.53;0;1328.89,480.6,1431.5,581.01
2725;0.49;0;1330.74,485.76,1433.62,593.13
2726;0.61;0;1332.75,492.71,1433.26,595.81
2727;0.4;0;1334.54,502.34,1433.58,601.54
2728;0.54;0;1335.29,508.71,1435.37,608.29
2731;0.45;0;1341.7,533.1,1441.46,630.52
2734;0.39;0;1344.68,551.11,1446.09,647.37
2735;0.64;0;1347.7,557.69,1447.53,658.04
2738;0.37;0;1351.54,580.51,1451.86,682.13
2739;0.59;0;1352.2,584.81,1454.7,689.25
2741;0.51;0;1357.63,601.57,1460.12,704.8
2742;0.6;0;1361.08,606.5,1460.63,710.55
2743;0.44;0;1365.35,617.82,1465.18,716.79
2744;0.4;0;1369.32,625.43,1465.77,717.23
2747;0.35;0;1379.59,644.59,1467.74,739.09
2749;0.49;0;1376.82,662.16,1471.17,758.48
2750;0.47;0;1381.68,670.2,1472.64,762.31
2755;0.37;0;1382.14,697.26,1481.43,801.43
2757;0.4;0;1389.18,714.98,1487.0,813.4
2758;0.4;0;1389.54,719.34,1490.03,820.96
2759;0.63;0;1393.1,729.99,1490.63,827.67
2760;0.52;29;1393.31,735.06,1492.46,834.33
2762;0.61;29;1397.08,749.93,1491.33,844.27
2764;0.49;29;1402.23,766.26,1494.17,858.2
2765;0.37;29;1401.92,774.64,1496.66,869.23
2768;0.38;29;1407.72,794.62,1502.15,888.92
2769;0.56;29;1409.53,808.38,1503.71,902.48
2774;0.37;29;1415.94,835.19,1508.08,926.84
2776;0.39;29;1417.84,853.83,1514.14,949.63
2777;0.4;29;1420.86,864.88,1516.42,959.82
2785;0.56;0;1426.23,921.72,1525.96,1024.7
2796;0.49;0;1445.52,1004.79,1542.46,1098.05
2797;0.44;0;1446.15,1007.86,1545.6,1101.68
2803;0.56;0;1454.9,1052.02,1550.69,1149.02
2808;0.35;0;1464.27,1084.47,1564.08,1185.23
2810;0.49;0;1464.22,1105.03,1565.96,1197.01
2811;0.65;0;1465.65,1110.4,1565.67,1207.56
2812;0.68;30;1466.97,1116.81,1567.73,1214.7
2813;0.43;30;1469.65,1124.19,1568.07,1219.71
2820;0.37;0;1479.27,1168.21,1576.91,1270.63
2821;0.45;0;1477.07,1180.77,1578.22,1285.55
2822;0.47;0;1485.15,1192.38,1577.95,1285.05
2825;0.44;0;1488.39,1204.49,1588.25,1306.75
2826;0.44;0;1487.96,1212.1,1588.39,1315.65
2827;0.6;0;1490.51,1225.45,1589.89,1317.66
2828;0.39;0;1491.5,1230.32,1591.43,1329.67
2831;0.38;0;1496.66,1249.73,1596.59,1347.95
2832;0.54;0;1497.4,1256.62,1595.77,1359.19
2833;0.55;0;1498.76,1264.14,1596.19,1362.52
2835;0.37;0;1503.7,1278.23,1599.88,1372.24
2836;0.54;0;1502.93,1288.82,1600.72,1384.97
2837;0.58;0;1505.5,1293.84,1599.85,1387.98
2838;0.64;0;1506.41,1298.95,1604.5,1399.84
2839;0.53;31;1506.02,1303.81,1604.21,1404.75
2840;0.56;31;1510.77,1313.08,1603.63,1408.41
2844;0.57;31;1513.61,1333.85,1608.99,1431.67
2847;0.55;31;1522.31,1357.85,1615.22,1452.91
2853;0.48;0;1525.5,1405.84,1622.71,1498.66
2859;0.49;0;1539.87,1449.01,1634.2,1543.05
2865;0.43;0;1539.81,1485.49,1643.0,1580.13
2874;0.45;0;1551.83,1555.76,1644.31,1650.45
2878;0.48;0;1551.84,1579.0,1658.78,1682.02
2880;0.55;0;1559.75,1595.3,1656.7,1693.87
2881;0.4;0;1555.63,1594.95,1656.25,1697.67
2885;0.53;0;1563.2,1631.05,1661.76,1724.73
2886;0.35;0;1564.11,1634.81,1662.28,1727.66
2887;0.46;0;1563.01,1639.6,1665.64,1739.06
2888;0.46;0;1560.94,1650.4,1664.79,1750.66
2889;0.42;0;1560.93,1652.55,1667.09,1751.35
2892;0.47;0;1563.88,1678.35,1668.7,1774.95
2894;0.38;0;1572.15,1692.58,1664.81,1786.93
2895;0.51;0;1569.69,1700.99,1665.63,1794.69
2896;0.42;0;1572.23,1706.49,1666.91,1796.48
2897;0.46;0;1571.63,1715.08,1669.22,1809.21
2900;0.47;0;1571.7,1736.12,1666.29,1830.99
2902;0.4;0;1578.06,1746.45,1669.67,1842.66
2904;0.53;0;1576.5,1759.9,1674.38,1851.66
2905;0.42;0;1578.39,1773.39,1679.78,1860.66
2907;0.54;0;1577.04,1784.22,1677.36,1875.16
2908;0.57;0;1572.63,1790.8,1678.27,1886.44
2911;0.42;0;1579.69,1817.32,1674.52,1906.97
2912;0.42;0;1584.0,1827.58,1673.39,1911.44
2913;0.49;0;1583.86,1831.96,1677.42,1915.69
2914;0.47;0;1588.07,1844.63,1682.6,1923.19
2916;0.42;0;1586.28,1850.01,1681.45,1938.67
2917;0.44;0;1587.45,1855.48,1681.64,1944.04
2918;0.54;0;1586.89,1860.32,1680.87,1955.03
2922;0.39;0;1583.59,1893.27,1681.39,1983.48
2928;0.46;0;1595.28,1941.39,1682.32,2023.44
2931;0.36;0;1594.97,1953.32,1683.73,2040.48
3070;0.62;0;3275.62,70.17,3391.14,157.43
3073;0.68;32;3283.8,91.74,3390.99,172.73
3074;0.44;32;3282.87,100.86,3390.4,182.11
3076;0.55;32;3282.43,115.81,3396.38,202.04
3077;0.6;32;3285.3,127.34,3396.74,211.85
3082;0.55;32;3292.51,160.15,3401.51,242.63
3085;0.69;32;3300.0,188.12,3407.91,269.75
3088;0.51;32;3304.23,214.49,3411.88,295.73
3096;0.4;0;3316.71,276.55,3429.21,365.58
3102;0.6;0;3330.94,325.9,3439.16,409.65
3103;0.66;33;3327.11,331.48,3440.24,419.05
3120;0.46;0;3363.59,465.58,3465.21,547.6
3147;0.61;0;3393.86,666.09,3506.59,753.88
3148;0.61;34;3398.89,672.73,3507.16,756.99
3149;0.47;34;3399.83,679.83,3509.04,764.8
3150;0.58;34;3400.25,688.65,3514.92,777.97
3157;0.58;0;3404.05,744.53,3508.53,828.61
3163;0.42;0;3411.72,790.98,3514.95,874.76
3180;0.55;0;3437.07,922.69,3538.67,1003.69
3422;0.41;0;253.78,0.54,364.72,49.79
3925;0.4;0;2979.92,884.96,3015.77,917.28
4010;0.42;0;0.32,1750.17,63.79,1872.39
4012;0.36;0;0.0,1770.23,56.16,1869.38
4039;0.56;0;0.0,1991.32,82.28,2108.17
4161;0.43;0;2278.62,102.38,2348.8,165.63
4162;0.46;0;2277.23,108.61,2346.61,176.26
4165;0.38;0;2286.12,125.59,2351.18,196.56
4171;0.45;0;2291.84,174.91,2363.72,243.52
4175;0.43;0;2294.11,204.04,2367.6,277.62
4177;0.58;0;2303.02,221.83,2372.13,291.06
4178;0.36;0;2301.79,230.5,2371.0,301.71
4180;0.51;0;2304.74,242.27,2375.42,315.68
4181;0.6;0;2305.24,251.31,2376.78,323.1
4185;0.52;0;2314.73,283.29,2385.81,352.19
4194;0.6;0;2326.73,351.87,2401.88,423.54
4199;0.55;0;2337.31,389.59,2404.35,463.23
4200;0.56;0;2336.98,397.94,2406.21,468.72
4201;0.45;0;2339.01,401.92,2411.57,477.08
4205;0.64;0;2347.02,436.38,2421.07,507.3
4206;0.51;36;2348.04,443.13,2419.79,511.9
4210;0.67;36;2351.69,467.74,2424.58,537.63
4217;0.44;0;2362.19,533.45,2431.68,596.86
4218;0.46;0;2362.87,538.44,2427.19,605.92
4219;0.65;0;2363.67,545.53,2434.09,616.87
4220;0.44;0;2368.12,552.17,2436.93,623.82
4221;0.44;0;2365.95,557.54,2436.56,626.14
4222;0.56;36;2368.84,568.57,2441.26,637.79
4223;0.55;36;2369.97,577.96,2442.22,647.17
4224;0.47;36;2373.65,586.83,2442.09,652.22
4226;0.51;36;2374.43,598.98,2445.21,666.71
4227;0.62;36;2376.12,608.71,2449.82,679.25
4228;0.64;36;2376.41,616.05,2449.31,686.53
4231;0.53;36;2382.83,634.94,2454.28,704.02
4232;0.55;36;2387.2,645.48,2459.84,716.08
4233;0.36;36;2391.24,655.1,2461.43,723.42
4240;0.56;0;2398.29,702.71,2471.96,774.92
4241;0.38;0;2409.11,713.11,2477.23,778.81
4246;0.51;0;2416.4,749.27,2490.19,818.91
4247;0.48;0;2418.03,758.18,2491.23,824.99
4250;0.37;0;2423.36,779.32,2497.46,850.22
4252;0.41;0;2431.03,795.83,2502.3,863.91
4253;0.47;0;2432.24,804.03,2505.95,870.81
4256;0.35;0;2434.37,828.42,2511.58,894.59
4257;0.41;0;2438.99,835.65,2511.95,902.46
4258;0.48;0;2441.86,843.13,2513.58,912.28
4259;0.36;0;2445.25,848.46,2517.83,918.64
4260;0.36;0;2449.79,853.86,2518.74,926.23
4261;0.46;0;2447.44,869.09,2517.23,935.73
4262;0.38;0;2451.0,872.89,2517.75,942.28
4266;0.44;0;2459.99,907.65,2530.45,969.95
4267;0.54;0;2465.46,911.44,2532.19,977.23
4280;0.51;0;2490.62,1007.09,2553.78,1073.15
4284;0.37;0;2492.36,1034.75,2562.05,1100.64
4285;0.37;0;2493.26,1042.0,2563.78,1109.72
4288;0.36;0;2504.71,1067.39,2572.01,1132.53
4296;0.68;0;2512.12,1123.76,2583.5,1187.34
4297;0.55;38;2513.13,1127.84,2585.07,1191.96
4301;0.53;0;2520.26,1152.15,2593.18,1220.95
4302;0.35;0;2521.34,1162.71,2595.45,1226.37
4307;0.41;0;2525.64,1204.86,2586.12,1266.55
4318;0.42;0;2535.48,1279.87,2603.52,1348.92
4326;0.48;0;2541.88,1340.25,2612.34,1405.75
4332;0.44;0;2531.94,1373.31,2614.77,1450.77
4336;0.44;0;2549.05,1409.02,2618.28,1478.78
4338;0.7;0;2546.39,1424.99,2612.13,1493.14
4339;0.7;39;2550.65,1432.87,2615.9,1500.5
4351;0.47;0;2554.84,1520.7,2623.75,1590.61
4519;0.53;0;3669.83,436.05,3738.9,493.49
4548;0.37;0;3688.32,622.08,3751.26,680.59
4557;0.6;0;3697.7,675.97,3752.36,732.66
4561;0.49;0;3689.87,700.22,3750.6,756.39
4783;0.47;0;812.43,1769.6,896.82,1851.32
4938;0.36;0;2871.69,0.99,2998.86,55.62
4981;0.41;0;742.48,1000.54,788.22,1047.69
5133;0.36;0;1222.18,1541.71,1301.18,1608.17
5787;0.43;0;2834.44,792.99,2891.95,852.8
5838;0.42;0;2840.37,1112.75,2887.93,1163.62
5848;0.51;0;2834.34,1172.04,2892.12,1228.94
5859;0.44;0;2836.47,1238.35,2896.31,1294.8
5912;0.59;0;2867.13,1525.51,2922.59,1580.19
5942;0.35;0;2885.08,1656.0,2958.85,1716.0
6456;0.39;0;2075.33,0.78,2197.28,55.26
6458;0.49;0;2075.7,0.87,2186.61,67.67
6481;0.53;0;2099.93,133.6,2182.42,208.32
6483;0.48;0;2107.0,149.74,2185.51,225.49
6508;0.38;0;2135.86,301.71,2213.75,370.66
6509;0.48;0;2139.3,294.68,2227.93,379.19
6510;0.52;0;2139.49,300.03,2233.61,387.23
6511;0.44;0;2140.84,313.05,2227.12,393.53
6512;0.61;0;2141.6,321.17,2231.19,400.36
6525;0.36;0;2166.75,395.6,2262.28,482.86
6555;0.41;0;2226.97,590.29,2301.81,664.16
6585;0.43;0;2284.92,776.17,2355.82,849.73
6716;0.48;0;3729.18,599.52,3839.02,786.52
6718;0.39;0;3733.25,643.16,3839.04,805.85
6719;0.48;0;3738.03,643.68,3839.57,814.27
6721;0.42;0;3744.24,665.04,3839.45,796.5
6725;0.36;0;3687.82,153.63,3837.61,342.77
6726;0.39;0;3691.16,181.04,3838.28,348.13
6778;0.46;0;3703.41,26.8,3836.65,163.65
6779;0.62;0;3705.82,35.86,3836.4,164.22
6780;0.38;0;3706.03,41.16,3837.56,209.79
6781;0.51;0;3712.18,63.75,3836.76,187.91
6782;0.57;0;3711.89,72.28,3837.52,205.13
6783;0.7;0;3725.76,92.28,3838.36,217.88
6784;0.67;43;3722.81,98.6,3840.0,234.63
6785;0.64;43;3728.7,111.44,3840.0,238.59
6786;0.64;43;3734.83,126.0,3840.0,243.92
6787;0.63;43;3735.94,134.42,3840.0,253.61
6788;0.54;43;3736.78,143.08,3840.0,267.8
6789;0.48;43;3739.33,158.26,3840.0,283.44
6790;0.38;43;3744.05,171.09,3840.0,293.57
6791;0.45;43;3746.48,183.83,3840.0,305.3
6819;0.36;0;3747.28,287.93,3839.51,406.77
6853;0.51;0;2.41,788.14,77.6,855.48
6857;0.41;0;19.52,795.36,85.56,858.07
6866;0.47;0;42.73,817.88,116.97,886.95
6874;0.42;0;71.69,840.12,140.44,900.44
6875;0.49;0;78.15,847.0,140.55,906.83
6876;0.42;0;80.59,847.51,141.51,907.36
6876;0.38;0;1644.32,630.39,1774.71,732.54
6878;0.5;0;82.54,855.95,150.19,920.67
6879;0.44;0;85.87,861.51,153.19,924.59
6887;0.46;0;113.28,886.79,175.71,948.36
6892;0.49;0;126.77,908.38,193.6,970.45
6893;0.35;0;131.08,915.51,189.7,968.85
6894;0.49;0;130.07,915.07,196.51,975.38
6974;0.59;0;280.56,1344.96,348.25,1403.6
6975;0.36;0;281.18,1351.6,346.25,1410.24
6978;0.49;0;281.07,1367.21,355.55,1433.65
7004;0.42;0;316.14,1532.86,383.43,1595.71
7045;0.66;0;359.58,1790.99,430.29,1856.68
7046;0.42;0;361.66,1795.9,432.58,1863.34
7047;0.37;0;358.14,1803.63,431.27,1870.97
