3754 258 73 283 101
3755 257 76 282 104
3756 255 79 280 107
3757 255 84 280 112
3758 251 85 276 113
3759 252 90 277 118
3760 251 92 276 120
3761 249 96 274 124
3762 248 99 273 127
3763 246 102 271 130
3764 245 105 270 133
3765 244 109 269 137
3766 243 112 268 140
3767 242 116 267 144
3768 241 120 266 148
3769 241 123 266 151
3770 239 126 264 154
3771 239 129 264 157
3772 238 133 263 161
3773 236 136 261 164
3774 235 140 260 168
3775 234 143 259 171
3776 233 146 258 174
3777 232 149 257 177
3778 231 154 256 182
3779 229 157 254 185
3780 229 160 254 188
3781 228 163 253 191
3782 227 166 252 194
3783 225 169 250 197
3784 224 172 249 200
3785 223 176 248 204
3786 222 180 247 208
3787 221 184 246 212
3788 221 187 246 215
3789 218 190 243 218
3790 218 194 243 222
3791 217 197 242 225
3792 216 200 241 228
3793 215 204 240 232
3794 213 207 238 235
3795 213 211 238 239
3796 212 214 237 242
3797 211 217 236 245
3798 210 222 235 250
3799 209 225 234 253
3800 208 229 233 257
3801 208 233 233 261
3802 207 236 232 264
3803 206 239 231 267
3804 205 242 230 270
3805 204 246 229 274
3806 203 249 228 277
3807 203 253 228 281
3808 202 256 227 284
3809 201 260 226 288
3810 200 263 225 291
3811 200 266 225 294
3812 198 269 223 297
3813 197 272 222 300
3814 196 276 221 304
3815 197 278 222 306
3816 196 281 221 309
3817 195 284 220 312
3818 195 287 220 315
3819 194 290 219 318
3820 193 293 218 321
3821 193 300 218 328
3822 194 304 219 332
3823 191 306 216 334
3824 191 309 216 337
3825 190 313 215 341
3826 189 316 214 344
3827 188 319 213 347
3828 188 322 213 350
3829 190 330 215 358
3830 190 333 215 361
3831 189 336 214 364
3832 187 339 212 367
3833 187 342 212 370
3834 186 345 211 373
3835 186 348 211 376
3836 185 352 210 380
3837 185 356 210 384
3838 184 359 209 387
3839 184 362 209 390
3840 183 365 208 393
3841 182 368 207 396
3842 183 373 208 401
3843 182 376 207 404
3844 180 379 205 407
3845 181 383 206 411
3846 180 387 205 415
3847 180 390 205 418
3848 179 394 204 422
3849 179 397 204 425
3850 179 400 204 428
3851 179 403 204 431
3852 178 406 203 434
3853 177 411 202 439
3854 177 413 202 441
3855 177 417 202 445
3856 176 418 201 446
3857 175 422 200 450
3858 175 426 200 454
3859 175 429 200 457
3860 174 431 199 459
3861 175 438 200 466
3862 174 438 199 466
3863 173 441 198 469
3864 174 447 199 475
3865 173 451 198 479
3866 173 454 198 482
3867 173 457 198 485
3868 173 461 198 489
3869 173 464 198 492
3870 172 467 197 495
3871 173 471 198 499
3872 172 475 197 503
3873 172 477 197 505
3874 171 480 196 508
3875 170 483 195 511
3876 171 487 196 515
3877 171 490 196 518
3878 170 494 195 522
3879 170 496 195 524
3880 171 500 196 528
3881 170 504 195 532
3882 169 508 194 536
3883 168 510 193 538
3884 171 514 196 542
3885 170 518 195 546
3886 169 521 194 549
3887 169 524 194 552
3888 170 528 195 556
3889 169 531 194 559
3890 170 534 195 562
3891 170 537 195 565
3892 169 541 194 569
3893 168 543 193 571
3894 168 546 193 574
3895 168 549 193 577
3896 167 552 192 580
3897 168 556 193 584
3898 166 558 191 586
3899 165 562 190 590
3900 165 564 190 592
3901 166 571 191 599
3902 166 573 191 601
3903 165 576 190 604
3904 165 580 190 608
3905 164 582 189 610
3906 164 585 189 613
3907 164 588 189 616
3908 166 593 191 621
3909 169 597 194 625
3910 169 601 194 629
3911 168 604 193 632
3912 168 610 193 638
3913 169 610 194 638
3914 169 613 194 641
3915 168 616 193 644
3916 169 619 194 647
3917 168 621 193 649
3918 169 626 194 654
3919 169 628 194 656
3920 167 633 192 661
3921 169 636 194 664
3922 167 639 192 667
3923 168 642 193 670
3924 168 646 193 674
3925 168 649 193 677
3926 169 651 194 679
3927 170 655 195 683
3928 170 658 195 686
3929 170 661 195 689
3930 169 664 194 692
3931 169 667 194 695
3932 170 670 195 698
3933 169 673 194 701
3934 169 675 194 703
3935 169 679 194 707
3936 169 682 194 710
3937 169 685 194 713
3938 169 689 194 717