3923 646 131 678 160
3924 645 133 677 162
3925 645 134 677 163
3926 643 136 675 165
3927 642 138 674 167
3928 642 142 674 171
3929 640 144 672 173
3930 640 146 672 175
3931 639 148 671 177
3932 637 150 669 179
3933 637 151 669 180
3934 636 154 668 183
3935 635 156 667 185
3936 634 159 666 188
3937 632 160 664 189
3938 632 162 664 191
3939 631 165 663 194
3940 631 167 663 196
3941 630 169 662 198
3942 630 171 662 200
3943 629 173 661 202
3944 626 175 658 204
3945 626 176 658 205
3946 624 180 656 209
3947 624 181 656 210
3948 623 182 655 211
3949 623 186 655 215
3950 622 187 654 216
3951 621 190 653 219
3952 620 191 652 220
3953 619 194 651 223
3954 618 195 650 224
3955 617 198 649 227
3956 617 200 649 229
3957 616 203 648 232
3958 615 206 647 235
3959 614 208 646 237
3960 614 211 646 240
3961 613 213 645 242
3962 613 214 645 243
3963 612 216 644 245
3964 611 218 643 247
3965 610 220 642 249
3966 609 222 641 251
3967 609 224 641 253
3968 608 225 640 254
3969 607 228 639 257
3970 606 230 638 259
3971 606 232 638 261
3972 605 236 637 265
3973 604 238 636 267
3974 603 240 635 269
3975 603 242 635 271
3976 602 244 634 273
3977 601 246 633 275
3978 601 252 633 281
3979 600 251 632 280
3980 600 255 632 284
3981 599 255 631 284
3982 598 257 630 286
3983 598 262 630 291
3984 597 262 629 291
3985 596 264 628 293
3986 595 266 627 295
3987 595 269 627 298
3988 594 271 626 300
3989 593 273 625 302
3990 593 275 625 304
3991 592 277 624 306
3992 591 279 623 308
3993 592 281 624 310
3994 590 283 622 312
3995 589 285 621 314
3996 589 288 621 317
3997 589 291 621 320
3998 588 293 620 322
3999 588 297 620 326
4000 587 299 619 328
4001 587 302 619 331
4002 586 304 618 333
4003 586 309 618 338
4004 586 310 618 339
4005 585 312 617 341
4006 585 315 617 344
4007 584 317 616 346
4008 584 319 616 348
4009 583 321 615 350
4010 583 324 615 353
4011 583 326 615 355
4012 582 327 614 356
4013 580 330 612 359
4014 581 332 613 361
4015 581 336 613 365
4016 581 338 613 367
4017 580 341 612 370
4018 579 343 611 372
4019 579 345 611 374
4020 579 349 611 378
4021 578 351 610 380
4022 577 354 609 383
4023 577 356 609 385
4024 577 358 609 387
4025 577 360 609 389
4026 576 363 608 392
4027 576 365 608 394
4028 575 367 607 396
4029 574 369 606 398
4030 574 371 606 400
4031 574 374 606 403
4032 573 376 605 405
4033 573 378 605 407
4034 572 380 604 409
4035 572 383 604 412
4036 572 386 604 415
4037 571 389 603 418
4038 571 391 603 420
4039 570 393 602 422
4040 570 395 602 424
4041 569 397 601 426
4042 568 400 600 429
4043 568 401 600 430
4044 567 404 599 433
4045 568 407 600 436
4046 567 409 599 438
4047 566 412 598 441
4048 566 414 598 443
4049 566 416 598 445
4050 565 418 597 447
4051 565 421 597 450
4052 564 425 596 454
4053 564 427 596 456
4054 564 428 596 457
4055 564 431 596 460
4056 563 434 595 463
4057 563 436 595 465
4058 562 438 594 467
4059 561 440 593 469
4060 561 443 593 472
4061 561 446 593 475
4062 560 449 592 478
4063 560 451 592 480
4064 560 453 592 482
4065 560 455 592 484
4066 559 457 591 486
4067 559 459 591 488
4068 558 461 590 490
4069 558 464 590 493
4070 557 467 589 496
4071 557 469 589 498
4072 556 472 588 501
4073 556 475 588 504
4074 556 477 588 506
4075 556 479 588 508
4076 555 482 587 511
4077 555 484 587 513
4078 554 487 586 516
4079 554 489 586 518
4080 554 492 586 521
4081 551 494 583 523
4082 553 496 585 525
4083 552 498 584 527
4084 552 501 584 530
4085 552 503 584 532
4086 551 506 583 535
4087 551 508 583 537
4088 551 510 583 539
4089 550 514 582 543
4090 550 515 582 544
4091 549 518 581 547
4092 549 521 581 550
4093 549 523 581 552
4094 548 526 580 555
4095 548 528 580 557
4096 546 530 578 559
4097 547 532 579 561
4098 547 535 579 564
4099 546 537 578 566
4100 546 540 578 569
4101 546 543 578 572
4102 545 545 577 574
4103 545 548 577 577
4104 544 550 576 579
4105 544 553 576 582
4106 544 555 576 584
4107 543 558 575 587
4108 543 560 575 589
4109 542 562 574 591
4110 542 565 574 594
4111 541 567 573 596
4112 541 570 573 599
4113 541 573 573 602
4114 541 575 573 604
4115 541 578 573 607
4116 541 581 573 610
4117 540 584 572 613
4118 539 585 571 614
4119 539 587 571 616
4120 539 590 571 619
4121 538 593 570 622
4122 536 596 568 625
4123 537 598 569 627
4124 537 600 569 629
4125 537 603 569 632
4126 536 605 568 634
4127 536 608 568 637
4128 536 611 568 640
4129 535 613 567 642
4130 535 615 567 644
4131 534 619 566 648
4132 534 621 566 650
4133 534 623 566 652
4134 533 626 565 655
4135 532 628 564 657
4136 532 631 564 660
4137 532 633 564 662
4138 531 636 563 665
4139 531 638 563 667
4140 532 639 564 668
4141 530 642 562 671
4142 530 645 562 674
4143 531 647 563 676
4144 529 650 561 679
4145 529 652 561 681
4146 528 655 560 684
4147 528 658 560 687
4148 528 660 560 689
4149 528 662 560 691
4150 527 665 559 694
4151 527 668 559 697
4152 527 670 559 699
4153 526 673 558 702
4154 527 675 559 704
4155 525 678 557 707
4156 526 680 558 709
4157 525 683 557 712
4158 525 686 557 715
4159 524 689 556 718
4160 523 690 555 719
4161 523 690 555 719
4162 522 690 554 719
4163 523 690 555 719
4164 523 690 555 719
