4347 1197 17 1224 45
4348 1197 19 1224 47
4349 1196 21 1223 49
4350 1196 23 1223 51
4351 1195 25 1222 53
4352 1195 28 1222 56
4353 1195 30 1222 58
4354 1194 32 1221 60
4355 1194 34 1221 62
4356 1192 36 1219 64
4357 1192 38 1219 66
4358 1191 40 1218 68
4359 1190 42 1217 70
4360 1190 44 1217 72
4361 1190 46 1217 74
4362 1190 48 1217 76
4363 1189 50 1216 78
4364 1189 53 1216 81
4365 1188 55 1215 83
4366 1188 57 1215 85
4367 1187 59 1214 87
4368 1187 61 1214 89
4369 1186 63 1213 91
4370 1186 65 1213 93
4371 1186 67 1213 95
4372 1185 70 1212 98
4373 1185 72 1212 100
4374 1185 73 1212 101
4375 1184 75 1211 103
4376 1183 78 1210 106
4377 1184 80 1211 108
4378 1183 82 1210 110
4379 1183 84 1210 112
4380 1183 86 1210 114
4381 1182 87 1209 115
4382 1181 91 1208 119
4383 1181 92 1208 120
4384 1181 94 1208 122
4385 1181 96 1208 124
4386 1180 98 1207 126
4387 1180 100 1207 128
4388 1179 102 1206 130
4389 1178 104 1205 132
4390 1179 106 1206 134
4391 1178 109 1205 137
4392 1177 111 1204 139
4393 1177 113 1204 141
4394 1177 115 1204 143
4395 1176 117 1203 145
4396 1176 119 1203 147
4397 1175 121 1202 149
4398 1175 123 1202 151
4399 1174 125 1201 153
4400 1174 127 1201 155
4401 1174 129 1201 157
4402 1173 131 1200 159
4403 1173 133 1200 161
4404 1173 135 1200 163
4405 1173 137 1200 165
4406 1172 139 1199 167
4407 1172 141 1199 169
4408 1171 143 1198 171
4409 1170 145 1197 173
4410 1171 147 1198 175
4411 1170 149 1197 177
4412 1169 151 1196 179
4413 1169 153 1196 181
4414 1168 155 1195 183
4415 1168 157 1195 185
4416 1167 159 1194 187
4417 1167 161 1194 189
4418 1167 164 1194 192
4419 1166 166 1193 194
4420 1166 167 1193 195
4421 1166 170 1193 198
4422 1165 172 1192 200
4423 1164 174 1191 202
4424 1164 176 1191 204
4425 1164 178 1191 206
4426 1163 179 1190 207
4427 1163 181 1190 209
4428 1162 184 1189 212
4429 1162 185 1189 213
4430 1162 188 1189 216
4431 1161 190 1188 218
4432 1161 192 1188 220
4433 1160 193 1187 221
4434 1160 195 1187 223
4435 1160 197 1187 225
4436 1159 200 1186 228
4437 1159 202 1186 230
4438 1158 204 1185 232
4439 1158 206 1185 234
4440 1157 208 1184 236
4441 1157 210 1184 238
4442 1157 212 1184 240
4443 1156 214 1183 242
4444 1156 216 1183 244
4445 1155 218 1182 246
4446 1155 220 1182 248
4447 1155 222 1182 250
4448 1154 224 1181 252
4449 1154 226 1181 254
4450 1153 228 1180 256
4451 1153 230 1180 258
4452 1153 232 1180 260
4453 1152 234 1179 262
4454 1152 236 1179 264
4455 1151 238 1178 266
4456 1151 240 1178 268
4457 1151 242 1178 270
4458 1150 244 1177 272
4459 1150 246 1177 274
4460 1149 248 1176 276
4461 1148 251 1175 279
4462 1148 252 1175 280
4463 1148 254 1175 282
4464 1147 256 1174 284
4465 1147 258 1174 286
4466 1147 261 1174 289
4467 1146 263 1173 291
4468 1146 265 1173 293
4469 1146 267 1173 295
4470 1145 268 1172 296
4471 1145 271 1172 299
4472 1145 272 1172 300
4473 1144 275 1171 303
4474 1144 277 1171 305
4475 1144 279 1171 307
4476 1143 281 1170 309
4477 1143 283 1170 311
4478 1142 285 1169 313
4479 1142 287 1169 315
4480 1141 289 1168 317
4481 1141 291 1168 319
4482 1140 294 1167 322
4483 1140 295 1167 323
4484 1139 297 1166 325
4485 1139 299 1166 327
4486 1138 300 1165 328
4487 1138 303 1165 331
4488 1137 305 1164 333
4489 1137 306 1164 334
4490 1136 308 1163 336
4491 1136 310 1163 338
4492 1135 313 1162 341
4493 1135 314 1162 342
4494 1134 316 1161 344
4495 1134 317 1161 345
4496 1133 320 1160 348
4497 1133 321 1160 349
4498 1133 324 1160 352
4499 1132 326 1159 354
4500 1132 327 1159 355
4501 1131 330 1158 358
4502 1131 331 1158 359
4503 1131 333 1158 361
4504 1130 335 1157 363
4505 1130 337 1157 365
4506 1130 339 1157 367
4507 1129 341 1156 369
4508 1129 343 1156 371
4509 1128 345 1155 373
4510 1128 346 1155 374
4511 1127 348 1154 376
4512 1127 350 1154 378
4513 1126 353 1153 381
4514 1126 354 1153 382
4515 1125 357 1152 385
4516 1125 359 1152 387
4517 1124 361 1151 389
4518 1124 363 1151 391
4519 1124 364 1151 392
4520 1123 367 1150 395
4521 1123 369 1150 397
4522 1122 371 1149 399
4523 1122 373 1149 401
4524 1122 375 1149 403
4525 1121 377 1148 405
4526 1121 378 1148 406
4527 1120 380 1147 408
4528 1120 382 1147 410
4529 1119 384 1146 412
4530 1119 386 1146 414
4531 1118 388 1145 416
4532 1118 389 1145 417
4533 1118 392 1145 420
4534 1118 394 1145 422
4535 1117 395 1144 423
4536 1117 397 1144 425
4537 1116 399 1143 427
4538 1116 401 1143 429
4539 1116 403 1143 431
4540 1115 405 1142 433
4541 1115 407 1142 435
4542 1114 409 1141 437
4543 1114 411 1141 439
4544 1113 413 1140 441
4545 1113 415 1140 443
4546 1113 416 1140 444
4547 1113 419 1140 447
4548 1112 420 1139 448
4549 1112 423 1139 451
4550 1111 425 1138 453
4551 1111 426 1138 454
4552 1111 428 1138 456
4553 1110 430 1137 458
4554 1110 432 1137 460
4555 1109 435 1136 463
4556 1108 435 1135 463
4557 1107 437 1134 465
4558 1107 439 1134 467
4559 1107 441 1134 469
4560 1106 443 1133 471
4561 1106 444 1133 472
4562 1106 446 1133 474
4563 1105 448 1132 476
4564 1104 450 1131 478
4565 1103 451 1130 479
4566 1104 454 1131 482
4567 1104 456 1131 484
4568 1103 457 1130 485
4569 1102 460 1129 488
4570 1102 462 1129 490
4571 1103 462 1130 490
4572 1101 465 1128 493
4573 1101 467 1128 495
4574 1100 469 1127 497
4575 1100 471 1127 499
4576 1099 473 1126 501
4577 1099 475 1126 503
4578 1100 477 1127 505
4579 1099 479 1126 507
4580 1098 481 1125 509
4581 1098 483 1125 511
4582 1098 486 1125 514
4583 1098 487 1125 515
4584 1097 488 1124 516
4585 1097 490 1124 518
4586 1096 493 1123 521
4587 1096 495 1123 523
4588 1096 497 1123 525
4589 1095 499 1122 527
4590 1104 491 1139 522
4591 1102 493 1137 524
4592 1102 496 1137 527
4593 1102 498 1137 529
4594 1099 502 1134 533
4595 1099 505 1134 536
4596 1097 505 1132 536
4597 1099 508 1134 539
4598 1098 510 1133 541
4599 1097 512 1132 543
4600 1096 513 1131 544
4601 1096 516 1131 547
4602 1096 517 1131 548
4603 1094 519 1129 550
4604 1094 523 1129 554
4605 1094 523 1129 554
4606 1093 525 1128 556
4607 1093 527 1128 558
4608 1093 530 1128 561
4609 1092 530 1127 561
4610 1092 533 1127 564
4611 1092 534 1127 565
4612 1091 536 1126 567
4613 1092 538 1127 569
4614 1090 539 1125 570
4615 1090 541 1125 572
4616 1089 542 1124 573
4617 1089 544 1124 575
4618 1088 545 1123 576
4619 1089 548 1124 579
4620 1088 550 1123 581
4621 1088 552 1123 583
4622 1087 553 1122 584
4623 1086 555 1121 586
4624 1086 557 1121 588
4625 1086 559 1121 590
4626 1086 561 1121 592
4627 1085 563 1120 594
4628 1086 565 1121 596
4629 1085 567 1120 598
4630 1085 569 1120 600
4631 1085 571 1120 602
4632 1084 572 1119 603
4633 1084 575 1119 606
4634 1083 576 1118 607
4635 1083 578 1118 609
4636 1082 580 1117 611
4637 1082 582 1117 613
4638 1082 584 1117 615
4639 1082 586 1117 617
4640 1082 588 1117 619
4641 1081 590 1116 621
4642 1081 592 1116 623
4643 1080 594 1115 625
4644 1080 595 1115 626
4645 1079 597 1114 628
4646 1079 600 1114 631
4647 1079 602 1114 633
4648 1079 604 1114 635
4649 1078 606 1113 637
4650 1077 607 1112 638
4651 1077 608 1112 639
4652 1076 610 1111 641
4653 1076 612 1111 643
4654 1076 615 1111 646
4655 1075 617 1110 648
4656 1076 619 1111 650
4657 1075 621 1110 652
4658 1075 623 1110 654
4659 1074 624 1109 655
4660 1074 625 1109 656
4661 1072 627 1107 658
4662 1073 629 1108 660
4663 1073 631 1108 662
4664 1072 634 1107 665
4665 1072 635 1107 666
4666 1072 638 1107 669
4667 1071 640 1106 671
4668 1071 641 1106 672
4669 1071 643 1106 674
4670 1070 645 1105 676
4671 1070 647 1105 678
4672 1069 648 1104 679
4673 1069 650 1104 681
4674 1069 653 1104 684
4675 1068 655 1103 686
4676 1067 656 1102 687
4677 1066 658 1101 689
4678 1068 660 1103 691
4679 1068 662 1103 693
4680 1067 663 1102 694
4681 1067 665 1102 696
4682 1066 667 1101 698
4683 1066 671 1101 702
4684 1065 673 1100 704
4685 1065 674 1100 705
4686 1065 676 1100 707
4687 1064 678 1099 709
4688 1063 679 1098 710
4689 1063 681 1098 712
4690 1063 683 1098 714
4691 1063 683 1098 714
4692 1063 685 1098 716
4693 1063 687 1098 718
4694 1063 688 1098 719
4695 1062 688 1097 719
4696 1061 688 1096 719
4697 1060 688 1095 719
4698 1060 688 1095 719
4699 1059 688 1094 719