4339 653 11 683 40
4340 653 13 683 42
4341 651 16 681 45
4342 652 18 682 47
4343 652 19 682 48
4344 651 22 681 51
4345 651 24 681 53
4346 650 26 680 55
4347 650 28 680 57
4348 649 30 679 59
4349 649 32 679 61
4350 649 35 679 64
4351 648 36 678 65
4352 648 39 678 68
4353 648 41 678 70
4354 647 43 677 72
4355 647 45 677 74
4356 647 47 677 76
4357 646 50 676 79
4358 646 52 676 81
4359 645 55 675 84
4360 645 57 675 86
4361 644 59 674 88
4362 645 62 675 91
4363 644 64 674 93
4364 644 66 674 95
4365 643 68 673 97
4366 642 70 672 99
4367 642 72 672 101
4368 642 74 672 103
4369 641 77 671 106
4370 641 79 671 108
4371 640 81 670 110
4372 640 83 670 112
4373 640 86 670 115
4374 639 88 669 117
4375 639 90 669 119
4376 639 93 669 122
4377 639 95 669 124
4378 638 97 668 126
4379 638 99 668 128
4380 638 101 668 130
4381 637 103 667 132
4382 637 105 667 134
4383 636 107 666 136
4384 636 111 666 140
4385 635 112 665 141
4386 635 114 665 143
4387 635 117 665 146
4388 635 119 665 148
4389 634 122 664 151
4390 633 124 663 153
4391 633 125 663 154
4392 633 127 663 156
4393 632 129 662 158
4394 632 131 662 160
4395 631 134 661 163
4396 631 137 661 166
4397 631 139 661 168
4398 631 142 661 171
4399 630 144 660 173
4400 630 146 660 175
4401 629 148 659 177
4402 629 150 659 179
4403 629 152 659 181
4404 628 154 658 183
4405 628 156 658 185
4406 627 159 657 188
4407 628 160 658 189
4408 626 163 656 192
4409 626 165 656 194
4410 625 167 655 196
4411 625 170 655 199
4412 624 171 654 200
4413 624 174 654 203
4414 623 176 653 205
4415 623 178 653 207
4416 622 180 652 209
4417 623 183 653 212
4418 622 185 652 214
4419 622 187 652 216
4420 622 189 652 218
4421 621 191 651 220
4422 621 193 651 222
4423 619 195 649 224
4424 620 198 650 227
4425 620 200 650 229
4426 618 202 648 231
4427 619 204 649 233
4428 618 206 648 235
4429 618 209 648 238
4430 617 211 647 240
4431 617 213 647 242
4432 616 215 646 244
4433 616 217 646 246
4434 615 219 645 248
4435 615 222 645 251
4436 614 224 644 253
4437 613 226 643 255
4438 612 229 642 258
4439 612 231 642 260
4440 611 233 641 262
4441 611 235 641 264
4442 611 237 641 266
4443 611 240 641 269
4444 610 242 640 271
4445 609 244 639 273
4446 610 246 640 275
4447 608 248 638 277
4448 609 252 639 281
4449 607 255 637 284
4450 608 256 638 285
4451 608 257 638 286
4452 609 260 639 289
4453 607 262 637 291
4454 605 264 635 293
4455 605 266 635 295
4456 605 269 635 298
4457 604 270 634 299
4458 604 272 634 301
4459 603 275 633 304
4460 603 277 633 306
4461 601 280 631 309
4462 602 281 632 310
4463 601 284 631 313
4464 600 287 630 316
4465 600 290 630 319
4466 601 291 631 320
4467 600 293 630 322
4468 599 295 629 324
4469 599 297 629 326
4470 599 299 629 328
4471 597 301 627 330
4472 598 303 628 332
4473 598 306 628 335
4474 597 308 627 337
4475 596 310 626 339
4476 595 312 625 341
4477 595 314 625 343
4478 595 315 625 344
4479 594 318 624 347
4480 593 321 623 350
4481 593 323 623 352
4482 593 326 623 355
4483 592 328 622 357
4484 592 330 622 359
4485 591 333 621 362
4486 591 335 621 364
4487 591 337 621 366
4488 591 339 621 368
4489 591 341 621 370
4490 590 343 620 372
4491 590 346 620 375
4492 589 348 619 377
4493 588 349 618 378
4494 587 351 617 380
4495 587 354 617 383
4496 587 356 617 385
4497 587 357 617 386
4498 587 360 617 389
4499 586 364 616 393
4500 586 365 616 394
4501 585 368 615 397
4502 586 369 616 398
4503 585 372 615 401
4504 584 374 614 403
4505 584 376 614 405
4506 583 379 613 408
4507 583 380 613 409
4508 582 383 612 412
4509 582 385 612 414
4510 582 386 612 415
4511 582 388 612 417
4512 581 390 611 419
4513 581 392 611 421
4514 580 395 610 424
4515 580 397 610 426
4516 580 399 610 428
4517 579 402 609 431
4518 579 404 609 433
4519 579 406 609 435
4520 578 408 608 437
4521 578 410 608 439
4522 577 412 607 441
4523 577 414 607 443
4524 577 416 607 445
4525 577 419 607 448
4526 576 421 606 450
4527 576 423 606 452
4528 576 425 606 454
4529 576 427 606 456
4530 575 429 605 458
4531 574 431 604 460
4532 575 433 605 462
4533 574 436 604 465
4534 573 438 603 467
4535 573 440 603 469
4536 573 442 603 471
4537 573 444 603 473
4538 572 447 602 476
4539 572 449 602 478
4540 572 451 602 480
4541 571 453 601 482
4542 571 455 601 484
4543 571 458 601 487
4544 570 460 600 489
4545 570 462 600 491
4546 570 464 600 493
4547 569 466 599 495
4548 569 468 599 497
4549 569 470 599 499
4550 568 472 598 501
4551 568 475 598 504
4552 568 477 598 506
4553 567 479 597 508
4554 567 482 597 511
4555 567 483 597 512
4556 566 485 596 514
4557 566 488 596 517
4558 565 490 595 519
4559 565 492 595 521
4560 565 494 595 523
4561 564 497 594 526
4562 564 499 594 528
4563 564 501 594 530
4564 562 504 592 533
4565 562 506 592 535
4566 563 508 593 537
4567 562 510 592 539
4568 562 512 592 541
4569 563 514 593 543
4570 561 517 591 546
4571 561 519 591 548
4572 561 521 591 550
4573 561 523 591 552
4574 560 525 590 554
4575 562 526 592 555
4576 559 530 589 559
4577 559 532 589 561
4578 559 534 589 563
4579 559 536 589 565
4580 558 539 588 568
4581 558 540 588 569
4582 558 543 588 572
4583 557 546 587 575
4584 557 548 587 577
4585 557 550 587 579
4586 557 552 587 581
4587 557 554 587 583
4588 556 556 586 585
4589 556 558 586 587
4590 555 561 585 590
4591 555 563 585 592
4592 554 566 584 595
4593 554 568 584 597
4594 554 570 584 599
4595 553 572 583 601
4596 553 574 583 603
4597 553 576 583 605
4598 553 579 583 608
4599 552 581 582 610
4600 552 583 582 612
4601 552 585 582 614
4602 551 588 581 617
4603 551 590 581 619
4604 550 592 580 621
4605 550 594 580 623
4606 550 597 580 626
4607 550 599 580 628
4608 550 601 580 630
4609 550 603 580 632
4610 549 606 579 635
4611 549 608 579 637
4612 548 610 578 639
4613 548 613 578 642
4614 548 615 578 644
4615 547 617 577 646
4616 548 619 578 648
4617 547 622 577 651
4618 547 624 577 653
4619 547 626 577 655
4620 547 628 577 657
4621 546 631 576 660
4622 546 633 576 662
4623 546 635 576 664
4624 546 637 576 666
4625 545 640 575 669
4626 545 642 575 671
4627 544 644 574 673
4628 544 646 574 675
4629 544 649 574 678
4630 544 650 574 679
4631 544 653 574 682
4632 544 655 574 684
4633 543 657 573 686
4634 543 659 573 688
4635 542 662 572 691
4636 542 664 572 693
4637 542 666 572 695
4638 542 669 572 698
4639 541 671 571 700
4640 541 673 571 702
4641 541 675 571 704
4642 541 677 571 706
4643 541 679 571 708
4644 540 683 570 712
4645 540 684 570 713
4646 539 686 569 715
4647 539 689 569 718
4648 538 690 568 719
4649 539 690 569 719
4650 539 690 569 719
4651 538 690 568 719
4652 537 690 567 719
4653 537 690 567 719
4654 536 690 566 719
4655 536 690 566 719
4656 535 690 565 719
