4377 972 388 1046 481
4378 972 391 1046 484
4379 972 391 1046 484
4398 940 6 973 31
4399 940 8 973 33
4400 940 12 973 37
4401 940 13 973 38
4402 940 15 973 40
4403 939 19 972 44
4404 939 21 972 46
4405 939 23 972 48
4406 939 25 972 50
4407 938 27 971 52
4408 938 29 971 54
4409 937 32 970 57
4410 937 33 970 58
4411 937 35 970 60
4412 936 37 969 62
4413 936 40 969 65
4414 935 42 968 67
4415 935 44 968 69
4416 934 46 967 71
4417 934 48 967 73
4418 933 50 966 75
4419 933 52 966 77
4420 932 54 965 79
4421 932 57 965 82
4422 931 59 964 84
4423 931 61 964 86
4424 930 63 963 88
4425 929 65 962 90
4426 929 68 962 93
4427 930 71 963 96
4428 928 73 961 98
4429 927 74 960 99
4430 927 76 960 101
4431 927 79 960 104
4432 926 81 959 106
4433 926 83 959 108
4434 925 86 958 111
4435 926 88 959 113
4436 926 89 959 114
4437 925 91 958 116
4438 925 94 958 119
4439 924 97 957 122
4440 925 98 958 123
4441 924 100 957 125
4442 923 102 956 127
4443 924 104 957 129
4444 924 107 957 132
4445 924 109 957 134
4446 924 111 957 136
4447 924 114 957 139
4448 922 115 955 140
4449 923 118 956 143
4450 923 120 956 145
4451 923 124 956 149
4452 922 124 955 149
4453 921 127 954 152
4454 922 130 955 155
4455 921 131 954 156
4456 921 134 954 159
4457 921 137 954 162
4458 920 139 953 164
4459 920 141 953 166
4460 919 143 952 168
4461 919 145 952 170
4462 918 147 951 172
4463 918 149 951 174
4464 918 151 951 176
4465 917 153 950 178
4466 917 155 950 180
4467 916 157 949 182
4468 916 160 949 185
4469 915 161 948 186
4470 915 163 948 188
4471 915 166 948 191
4472 914 167 947 192
4473 914 170 947 195
4474 914 173 947 198
4475 913 173 946 198
4476 912 175 945 200
4477 912 179 945 204
4478 911 181 944 206
4479 911 183 944 208
4480 911 185 944 210
4481 910 187 943 212
4482 910 189 943 214
4483 909 191 942 216
4484 909 193 942 218
4485 908 195 941 220
4486 908 197 941 222
4487 907 199 940 224
4488 907 202 940 227
4489 906 204 939 229
4490 905 206 938 231
4491 905 208 938 233
4492 904 210 937 235
4493 904 212 937 237
4494 904 214 937 239
4495 903 217 936 242
4496 903 219 936 244
4497 903 221 936 246
4498 902 223 935 248
4499 902 225 935 250
4500 901 227 934 252
4501 901 229 934 254
4502 900 230 933 255
4503 900 232 933 257
4504 899 234 932 259
4505 900 237 933 262
4506 900 239 933 264
4507 899 241 932 266
4508 898 243 931 268
4509 898 245 931 270
4510 898 247 931 272
4511 897 249 930 274
4512 896 251 929 276
4513 897 255 930 280
4514 896 257 929 282
4515 895 258 928 283
4516 895 260 928 285
4517 894 262 927 287
4518 893 264 926 289
4519 892 266 925 291
4520 892 268 925 293
4521 892 270 925 295
4522 892 273 925 298
4523 893 276 926 301
4524 892 278 925 303
4525 891 280 924 305
4526 891 282 924 307
4527 890 284 923 309
4528 889 285 922 310
4529 889 288 922 313
4530 888 289 921 314
4531 887 291 920 316
4532 887 293 920 318
4533 887 296 920 321
4534 887 298 920 323
4535 886 300 919 325
4536 886 302 919 327
4537 885 303 918 328
4538 884 305 917 330
4539 885 310 918 335
4540 885 312 918 337
4541 885 315 918 340
4542 885 317 918 342
4543 884 319 917 344
4544 885 320 918 345
4545 883 322 916 347
4546 883 324 916 349
4547 882 326 915 351
4548 882 328 915 353
4549 881 330 914 355
4550 881 331 914 356
4551 881 334 914 359
4552 880 336 913 361
4553 879 338 912 363
4554 879 340 912 365
4555 880 342 913 367
4556 879 344 912 369
4557 878 346 911 371
4558 877 348 910 373
4559 877 350 910 375
4560 876 352 909 377
4561 875 354 908 379
4562 875 355 908 380
4563 876 359 909 384
4564 875 359 908 384
4565 875 363 908 388
4566 874 365 907 390
4567 874 366 907 391
4568 874 368 907 393
4569 874 370 907 395
4570 874 371 907 396
4571 873 375 906 400
4572 872 376 905 401
4573 871 377 904 402
4574 872 381 905 406
4575 870 381 903 406
4576 869 384 902 409
4577 871 389 904 414
4578 871 390 904 415
4579 870 393 903 418
4580 870 394 903 419
4581 869 396 902 421
4582 868 398 901 423
4583 869 400 902 425
4584 868 401 901 426
4585 869 404 902 429
4586 868 406 901 431
4587 868 407 901 432
4588 866 407 899 432
4589 866 409 899 434
4590 866 412 899 437
4591 865 413 898 438
4592 864 416 897 441
4593 865 420 898 445
4594 864 420 897 445
4595 864 423 897 448
4596 863 425 896 450
4597 863 426 896 451
4598 863 429 896 454
4599 863 430 896 455
4600 862 432 895 457
4601 862 435 895 460
4602 862 437 895 462
4603 860 439 893 464
4604 860 441 893 466
4605 860 443 893 468
4606 860 445 893 470
4607 859 448 892 473
4608 860 451 893 476
4609 858 451 891 476
4610 857 453 890 478
4611 858 456 891 481
4612 858 459 891 484
4613 857 460 890 485
4614 858 462 891 487
4615 856 463 889 488
4616 856 466 889 491
4617 855 469 888 494
4618 856 472 889 497
4619 854 472 887 497
4620 855 475 888 500
4621 854 477 887 502
4622 855 479 888 504
4623 855 480 888 505
4624 853 482 886 507
4625 854 486 887 511
4626 852 488 885 513
4627 852 490 885 515
4628 853 492 886 517
4629 852 492 885 517
4630 853 495 886 520
4631 851 496 884 521
4632 850 498 883 523
4633 850 500 883 525
4634 851 504 884 529
4635 849 504 882 529
4636 849 510 882 535
4637 848 512 881 537
4638 848 512 881 537
4639 848 515 881 540
4640 847 517 880 542
4641 845 517 878 542
4642 847 520 880 545
4643 846 523 879 548
4644 845 524 878 549
4645 844 525 877 550
4646 845 528 878 553
4647 845 531 878 556
4648 845 534 878 559
4649 844 536 877 561
4650 845 539 878 564
4651 842 538 875 563
4652 844 543 877 568
4653 844 545 877 570
4654 844 547 877 572
4655 843 549 876 574
4656 842 551 875 576
4657 842 553 875 578
4658 841 555 874 580
4659 840 556 873 581
4660 840 557 873 582
4661 839 559 872 584
4662 839 561 872 586
4663 839 563 872 588
4664 839 567 872 592
4665 838 569 871 594
4666 838 571 871 596
4667 838 573 871 598
4668 837 575 870 600
4669 837 577 870 602
4670 836 580 869 605
4671 835 582 868 607
4672 835 583 868 608
4673 834 585 867 610
4674 835 587 868 612
4675 833 589 866 614
4676 834 591 867 616
4677 833 593 866 618
4678 832 594 865 619
4679 834 597 867 622
4680 833 598 866 623
4681 830 600 863 625
4682 831 602 864 627
4683 832 606 865 631
4684 832 607 865 632
4685 832 609 865 634
4686 831 611 864 636
4687 831 614 864 639
4688 830 616 863 641
4689 829 617 862 642
4690 830 621 863 646
4691 830 622 863 647
4692 829 624 862 649
4693 829 626 862 651
4694 827 628 860 653
4695 827 629 860 654
4696 829 633 862 658
4697 828 635 861 660
4698 828 637 861 662
4699 827 639 860 664
4700 828 642 861 667
4701 827 643 860 668
4702 826 645 859 670
4703 827 647 860 672
4704 826 650 859 675
4705 826 652 859 677
4706 825 654 858 679
4707 825 656 858 681
4708 825 660 858 685
4709 825 661 858 686
4710 825 663 858 688
4711 824 665 857 690
4712 824 667 857 692
4713 823 669 856 694
4714 823 671 856 696
4715 823 673 856 698
4716 823 674 856 699
4717 823 677 856 702
4718 822 680 855 705
4719 822 681 855 706
4720 822 684 855 709
4721 822 686 855 711
4722 821 688 854 713
4723 821 690 854 715
4724 821 692 854 717
4725 821 694 854 719
4726 821 694 854 719
4727 819 694 852 719
4728 818 694 851 719
4729 818 694 851 719
4730 817 694 850 719
4731 817 694 850 719
4732 818 694 851 719
4733 818 694 851 719
