4808 677 13 716 40
4809 676 15 715 42
4810 676 18 715 45
4811 675 19 714 46
4812 675 22 714 49
4813 674 24 713 51
4814 673 26 712 53
4815 672 28 711 55
4816 672 30 711 57
4817 672 32 711 59
4818 671 34 710 61
4819 671 36 710 63
4820 670 38 709 65
4821 669 41 708 68
4822 668 43 707 70
4823 669 47 708 74
4824 667 47 706 74
4825 667 49 706 76
4826 666 51 705 78
4827 666 53 705 80
4828 666 56 705 83
4829 665 60 704 87
4830 665 62 704 89
4831 664 64 703 91
4832 664 66 703 93
4833 663 67 702 94
4834 663 71 702 98
4835 663 72 702 99
4836 662 75 701 102
4837 662 79 701 106
4838 661 81 700 108
4839 661 83 700 110
4840 660 86 699 113
4841 660 88 699 115
4842 659 90 698 117
4843 658 91 697 118
4844 658 93 697 120
4845 657 95 696 122
4846 657 97 696 124
4847 657 99 696 126
4848 656 101 695 128
4849 656 103 695 130
4850 655 106 694 133
4851 655 109 694 136
4852 654 111 693 138
4853 653 112 692 139
4854 653 116 692 143
4855 652 116 691 143
4856 652 120 691 147
4857 651 121 690 148
4858 651 125 690 152
4859 650 128 689 155
4860 650 130 689 157
4861 649 132 688 159
4862 648 134 687 161
4863 648 136 687 163
4864 648 138 687 165
4865 648 141 687 168
4866 648 142 687 169
4867 646 145 685 172
4868 645 146 684 173
4869 645 149 684 176
4870 645 151 684 178
4871 645 153 684 180
4872 644 157 683 184
4873 643 160 682 187
4874 643 163 682 190
4875 643 164 682 191
4876 643 166 682 193
4877 642 168 681 195
4878 641 170 680 197
4879 640 172 679 199
4880 640 174 679 201
4881 639 177 678 204
4882 639 180 678 207
4883 639 182 678 209
4884 638 184 677 211
4885 638 186 677 213
4886 637 188 676 215
4887 637 190 676 217
4888 637 192 676 219
4889 636 194 675 221
4890 635 196 674 223
4891 636 197 675 224
4892 634 200 673 227
4893 635 201 674 228
4894 635 206 674 233
4895 634 205 673 232
4896 633 208 672 235
4897 632 209 671 236
4898 632 213 671 240
4899 632 216 671 243
4900 632 216 671 243
4901 631 220 670 247
4902 630 221 669 248
4903 630 223 669 250
4904 629 225 668 252
4905 629 226 668 253
4906 628 229 667 256
4907 629 230 668 257
4908 629 235 668 262
4909 628 236 667 263
4910 627 238 666 265
4911 626 241 665 268
4912 626 244 665 271
4913 626 246 665 273
4914 626 249 665 276
4915 625 249 664 276
4916 624 252 663 279
4917 624 253 663 280
4918 623 255 662 282
4919 623 257 662 284
4920 622 259 661 286
4921 622 261 661 288
4922 621 263 660 290
4923 621 266 660 293
4924 620 267 659 294
4925 619 270 658 297
4926 620 274 659 301
4927 619 276 658 303
4928 619 278 658 305
4929 618 280 657 307
4930 618 282 657 309
4931 617 284 656 311
4932 617 287 656 314
4933 617 289 656 316
4934 616 290 655 317
4935 616 293 655 320
4936 616 294 655 321
4937 615 296 654 323
4938 615 298 654 325
4939 614 303 653 330
4940 613 303 652 330
4941 613 305 652 332
4942 612 307 651 334
4943 612 309 651 336
4944 613 313 652 340
4945 612 315 651 342
4946 611 318 650 345
4947 610 320 649 347
4948 610 323 649 350
4949 611 326 650 353
4950 610 327 649 354
4951 610 329 649 356
4952 609 332 648 359
4953 608 334 647 361
4954 608 336 647 363
4955 608 338 647 365
4956 607 341 646 368
4957 606 342 645 369
4958 606 344 645 371
4959 606 346 645 373
4960 606 349 645 376
4961 605 352 644 379
4962 605 353 644 380
4963 604 355 643 382
4964 604 357 643 384
4965 603 360 642 387
4966 603 361 642 388
4967 603 364 642 391
4968 602 366 641 393
4969 602 368 641 395
4970 602 370 641 397
4971 601 374 640 401
4972 601 375 640 402
4973 600 377 639 404
4974 600 379 639 406
4975 599 382 638 409
4976 599 383 638 410
4977 600 385 639 412
4978 599 389 638 416
4979 599 391 638 418
4980 598 394 637 421
4981 598 395 637 422
4982 597 398 636 425
4983 597 398 636 425
4984 596 403 635 430
4985 595 405 634 432
4986 595 406 634 433
4987 595 408 634 435
4988 595 411 634 438
4989 594 412 633 439
4990 595 415 634 442
4991 594 417 633 444
4992 594 419 633 446
4993 593 422 632 449
4994 593 423 632 450
4995 593 426 632 453
4996 593 428 632 455
4997 592 431 631 458
4998 592 433 631 460
4999 590 435 629 462
5000 591 438 630 465
5001 591 440 630 467
5002 591 442 630 469
5003 590 444 629 471
5004 590 446 629 473
5005 589 449 628 476
5006 589 451 628 478
5007 589 453 628 480
5008 589 456 628 483
5009 588 458 627 485
5010 588 460 627 487
5011 588 463 627 490
5012 587 465 626 492
5013 587 467 626 494
5014 587 469 626 496
5015 585 472 624 499
5016 587 473 626 500
5017 586 475 625 502
5018 586 477 625 504
5019 585 480 624 507
5020 585 483 624 510
5021 585 485 624 512
5022 584 488 623 515
5023 584 490 623 517
5024 584 492 623 519
5025 583 494 622 521
5026 583 496 622 523
5027 583 499 622 526
5028 582 501 621 528
5029 582 502 621 529
5030 582 505 621 532
5031 581 507 620 534
5032 581 508 620 535
5033 580 511 619 538
5034 580 513 619 540
5035 580 515 619 542
5036 579 518 618 545
5037 579 520 618 547
5038 579 523 618 550
5039 579 526 618 553
5040 579 528 618 555
5041 578 530 617 557
5042 578 531 617 558
5043 578 533 617 560
5044 578 535 617 562
5045 577 537 616 564
5046 576 539 615 566
5047 576 542 615 569
5048 575 544 614 571
5049 575 546 614 573
5050 575 549 614 576
5051 575 551 614 578
5052 575 553 614 580
5053 575 555 614 582
5054 574 558 613 585
5055 573 559 612 586
5056 573 561 612 588
5057 573 564 612 591
5058 573 566 612 593
5059 573 568 612 595
5060 573 570 612 597
5061 572 572 611 599
5062 572 574 611 601
5063 572 576 611 603
5064 572 578 611 605
5065 571 581 610 608
5066 571 582 610 609
5067 570 585 609 612
5068 570 587 609 614
5069 570 590 609 617
5070 569 591 608 618
5071 569 594 608 621
5072 569 596 608 623
5073 568 598 607 625
5074 568 600 607 627
5075 568 602 607 629
5076 568 605 607 632
5077 568 607 607 634
5078 567 609 606 636
5079 567 611 606 638
5080 566 613 605 640
5081 566 616 605 643
5082 566 618 605 645
5083 565 620 604 647
5084 565 622 604 649
5085 565 624 604 651
5086 565 626 604 653
5087 565 629 604 656
5088 564 631 603 658
5089 564 633 603 660
5090 563 635 602 662
5091 563 638 602 665
5092 562 640 601 667
5093 561 642 600 669
5094 561 644 600 671
5095 561 646 600 673
5096 560 649 599 676
5097 560 651 599 678
5098 559 653 598 680
5099 559 655 598 682
5100 559 657 598 684
5101 558 659 597 686
5102 558 662 597 689
5103 558 664 597 691
5104 558 666 597 693
5105 558 668 597 695
5106 557 671 596 698
5107 557 672 596 699
5108 557 675 596 702
5109 556 677 595 704
5110 556 679 595 706
5111 555 681 594 708
5112 556 684 595 711
5113 555 686 594 713
5114 555 688 594 715
5115 554 690 593 717
5116 554 692 593 719
5117 554 692 593 719
5118 554 692 593 719
5119 554 692 593 719
5120 553 692 592 719
5121 553 692 592 719
5122 552 692 591 719
5123 552 692 591 719
5124 550 692 589 719
5125 551 692 590 719