4918 753 74 780 99
4919 753 77 780 102
4920 752 78 779 103
4921 752 81 779 106
4922 751 83 778 108
4923 751 84 778 109
4924 750 86 777 111
4925 749 88 776 113
4926 748 91 775 116
4927 747 94 774 119
4928 747 96 774 121
4929 747 99 774 124
4930 746 101 773 126
4931 747 103 774 128
4932 746 105 773 130
4933 746 107 773 132
4934 745 109 772 134
4935 744 112 771 137
4936 744 114 771 139
4937 743 115 770 140
4938 742 118 769 143
4939 742 120 769 145
4940 741 122 768 147
4941 740 124 767 149
4942 742 125 769 150
4943 741 127 768 152
4944 739 129 766 154
4945 740 132 767 157
4946 739 135 766 160
4947 739 136 766 161
4948 738 139 765 164
4949 737 141 764 166
4950 737 143 764 168
4951 736 147 763 172
4952 735 149 762 174
4953 735 150 762 175
4954 734 152 761 177
4955 734 153 761 178
4956 733 156 760 181
4957 731 158 758 183
4958 731 162 758 187
4959 730 163 757 188
4960 730 165 757 190
4961 729 168 756 193
4962 729 171 756 196
4963 728 173 755 198
4964 727 175 754 200
4965 726 178 753 203
4966 726 180 753 205
4967 725 182 752 207
4968 725 184 752 209
4969 724 187 751 212
4970 724 188 751 213
4971 723 190 750 215
4972 723 192 750 217
4973 723 194 750 219
4974 722 197 749 222
4975 721 199 748 224
4976 719 203 746 228
4977 718 205 745 230
4978 720 207 747 232
4979 720 210 747 235
4980 719 212 746 237
4981 719 213 746 238
4982 718 215 745 240
4983 716 219 743 244
4984 717 220 744 245
4985 717 224 744 249
4986 715 227 742 252
4987 714 230 741 255
4988 713 231 740 256
4989 713 233 740 258
4990 713 236 740 261
4991 712 238 739 263
4992 711 242 738 267
4993 711 242 738 267
4994 710 244 737 269
4995 710 246 737 271
4996 709 251 736 276
4997 708 253 735 278
4998 707 256 734 281
4999 708 257 735 282
5000 707 258 734 283
5001 706 261 733 286
5002 705 265 732 290
5003 704 265 731 290
5004 704 267 731 292
5005 703 270 730 295
5006 704 274 731 299
5007 703 277 730 302
5008 703 279 730 304
5009 702 281 729 306
5010 702 283 729 308
5011 701 286 728 311
5012 701 287 728 312
5013 699 291 726 316
5014 698 293 725 318
5015 699 295 726 320
5016 697 298 724 323
5017 700 303 727 328
5018 697 305 724 330
5019 696 307 723 332
5020 698 307 725 332
5021 697 310 724 335
5022 695 312 722 337
5023 695 313 722 338
5024 692 318 719 343
5025 693 319 720 344
5026 693 320 720 345
5027 692 322 719 347
5028 691 325 718 350
5029 691 327 718 352
5030 689 331 716 356
5031 691 332 718 357
5032 690 334 717 359
5033 689 338 716 363
5034 688 340 715 365
5035 687 342 714 367
5036 687 345 714 370
5037 687 348 714 373
5038 686 350 713 375
5039 685 352 712 377
5040 684 354 711 379
5041 685 356 712 381
5042 683 358 710 383
5043 684 360 711 385
5044 684 362 711 387
5045 682 364 709 389
5046 683 366 710 391
5047 682 369 709 394
5048 682 371 709 396
5049 681 374 708 399
5050 680 379 707 404
5051 681 381 708 406
5052 681 381 708 406
5053 681 383 708 408
5054 679 385 706 410
5055 678 389 705 414
5056 678 390 705 415
5057 677 392 704 417
5058 678 393 705 418
5059 678 396 705 421
5060 678 399 705 424
5061 677 400 704 425
5062 676 402 703 427
5063 675 406 702 431
5064 675 408 702 433
5065 674 410 701 435
5066 673 412 700 437
5067 672 415 699 440
5068 671 417 698 442
5069 670 420 697 445
5070 671 421 698 446
5071 669 423 696 448
5072 671 428 698 453
5073 673 425 700 450
5074 670 431 697 456
5075 669 434 696 459
5076 668 437 695 462
5077 667 439 694 464
5078 667 441 694 466
5079 668 443 695 468
5080 665 445 692 470
5081 663 448 690 473
5082 662 452 689 477
5083 661 454 688 479
5084 662 457 689 482
5085 660 460 687 485
5086 661 461 688 486
5087 660 465 687 490
5088 660 466 687 491
5089 660 468 687 493
5090 659 471 686 496
5091 658 473 685 498
5092 658 475 685 500
5093 656 478 683 503
5094 656 480 683 505
5095 655 484 682 509
5096 656 484 683 509
5097 655 486 682 511
5098 654 489 681 514
5099 656 490 683 515
5100 654 493 681 518
5101 653 497 680 522
5102 652 498 679 523
5103 651 501 678 526
5104 653 504 680 529
5105 650 506 677 531
5106 649 508 676 533
5107 651 509 678 534
5108 651 512 678 537
5109 650 514 677 539
5110 649 516 676 541
5111 649 518 676 543
5112 648 523 675 548
5113 648 523 675 548
5114 648 525 675 550
5115 648 527 675 552
5116 648 530 675 555
5117 646 534 673 559
5118 646 537 673 562
5119 645 536 672 561
5120 645 539 672 564
5121 645 542 672 567
5122 645 543 672 568
5123 645 545 672 570
5124 645 547 672 572
5125 645 550 672 575
5126 645 552 672 577
5127 644 553 671 578
5128 643 557 670 582
5129 643 559 670 584
5130 642 561 669 586
5131 642 563 669 588
5132 641 565 668 590
5133 641 568 668 593
5134 640 570 667 595
5135 639 573 666 598
5136 640 575 667 600
5137 639 578 666 603
5138 639 580 666 605
5139 638 582 665 607
5140 638 584 665 609
5141 637 587 664 612
5142 637 589 664 614
5143 636 592 663 617
5144 636 594 663 619
5145 635 596 662 621
5146 635 598 662 623
5147 635 601 662 626
5148 635 602 662 627
5149 635 605 662 630
5150 633 608 660 633
5151 633 610 660 635
5152 633 612 660 637
5153 633 614 660 639
5154 633 614 660 639
5155 632 618 659 643
5156 632 620 659 645
5157 631 622 658 647
5158 631 624 658 649
5159 631 626 658 651
5160 631 629 658 654
5161 631 631 658 656
5162 631 633 658 658
5163 630 635 657 660
5164 629 638 656 663
5165 630 640 657 665
5166 628 642 655 667
5167 627 644 654 669
5168 627 646 654 671
5169 628 649 655 674
5170 628 651 655 676
5171 627 653 654 678
5172 627 656 654 681
5173 626 658 653 683
5174 626 659 653 684
5175 625 661 652 686
5176 624 665 651 690
5177 627 667 654 692
5178 626 669 653 694
5179 626 671 653 696
5180 625 673 652 698
5181 624 675 651 700
5182 624 677 651 702
5183 624 679 651 704
5184 623 681 650 706
5185 624 683 651 708
5186 623 686 650 711
5187 623 688 650 713
5188 622 690 649 715
5189 622 692 649 717
5190 621 694 648 719
5191 622 694 649 719
5192 624 694 651 719