2121 549 126 581 153
2122 549 129 581 156
2123 547 132 579 159
2124 546 135 578 162
2125 545 138 577 165
2126 543 140 575 167
2127 548 141 580 168
2128 546 144 578 171
2129 547 148 579 175
2130 550 146 582 173
2131 548 167 580 194
2132 554 146 586 173
2133 552 151 584 178
2134 555 153 587 180
2135 554 157 586 184
2136 551 159 583 186
2137 551 161 583 188
2138 552 168 584 195
2139 548 170 580 197
2140 548 172 580 199
2141 550 177 582 204
2142 542 173 574 200
2143 540 176 572 203
2144 539 180 571 207
2145 539 184 571 211
2146 548 206 580 233
2147 545 208 577 235
2148 544 210 576 237
2149 546 215 578 242
2150 545 219 577 246
2151 544 223 576 250
2152 541 225 573 252
2153 538 228 570 255
2154 540 233 572 260
2155 540 238 572 265
2156 536 233 568 260
2157 538 212 570 240
2158 537 215 569 243
2159 537 218 569 246
2160 535 221 567 249
2161 535 225 567 253
2162 533 231 565 259
2163 531 235 563 263
2164 529 238 561 266
2165 547 227 579 255
2166 544 229 576 257
2167 545 232 577 260
2168 544 234 576 262
2169 538 230 570 258
2170 536 235 568 263
2171 534 236 566 264
2172 534 240 566 268
2173 533 244 565 272
2174 535 246 567 274
2175 532 250 564 278
2176 533 252 565 280
2177 532 257 564 285
2178 530 260 562 288
2179 530 248 562 276
2180 529 254 561 282
2181 528 257 560 285
2182 529 258 561 286
2183 529 262 561 290
2184 527 266 559 294
2185 525 269 557 297
2186 526 272 558 300
2187 525 276 557 304
2188 526 280 558 308
2189 525 283 557 311
2190 525 287 557 315
2191 524 290 556 318
2192 522 294 554 322
2193 521 299 553 327
2194 520 300 552 328
2195 520 307 552 335
2196 520 314 552 342
2197 521 300 553 328
2198 520 302 552 330
2199 519 305 551 333
2200 521 306 553 334
2201 521 308 553 336
2202 520 311 552 339
2203 518 315 550 343
2204 517 318 549 346
2205 517 320 549 348
2206 517 321 549 349
2207 515 322 547 350
2208 516 328 548 356
2209 510 327 542 355
2210 509 330 541 358
2211 507 335 539 363
2212 507 337 539 365
2213 505 342 537 370
2214 503 343 535 371
2215 503 343 535 371
2216 501 346 533 374
2217 500 350 532 378
2218 498 368 530 396
2219 507 358 539 386
2220 505 361 537 389
2221 498 379 530 407
2222 506 360 538 388
2223 504 361 536 389
2224 503 364 535 392
2225 500 366 532 394
2226 500 370 532 398
2227 499 372 531 400
2228 498 375 530 403
2229 496 380 528 408
2230 496 382 528 410
2231 496 385 528 413
2232 495 388 527 416
2233 494 394 526 422
2234 494 398 526 426
2235 493 399 525 427
2236 492 405 524 433
2237 491 407 523 435
2238 489 411 521 439
2239 486 413 518 441
2240 485 416 517 444
2241 482 420 514 448
2242 481 424 513 452
2243 480 434 512 462
2244 478 433 510 461
2245 478 437 510 465
2246 474 441 506 469
2247 472 451 504 479
2248 472 453 504 481
2249 468 456 500 484
2250 468 461 500 489
2251 467 462 499 490
2252 471 473 503 501
2253 460 490 492 518
2254 462 499 494 527
2255 493 449 518 474
2256 492 453 517 478
2257 490 458 515 483
2258 488 461 513 486
2259 487 466 512 491
2260 485 472 510 497
2261 485 475 510 500
2262 479 485 504 510
2263 474 489 499 514
2264 472 495 497 520
2265 466 501 491 526
2266 465 505 490 530
2267 464 508 489 533
2268 463 512 488 537
2269 461 516 486 541
2270 462 518 487 543
2271 461 524 486 549
2272 474 489 510 517
2273 473 492 509 520
2274 472 495 508 523
2275 470 500 506 528
2276 469 504 505 532
2277 469 509 505 537
2278 469 512 505 540
2279 466 516 502 544
2280 467 520 503 548
2281 465 525 501 553
2282 463 528 499 556
2283 458 533 494 561
2284 458 538 494 566
2285 459 541 495 569
2286 458 544 494 572
2287 455 548 491 576
2288 453 552 489 580
2289 454 556 490 584
2290 452 561 488 589
2291 464 535 493 560
2292 463 539 492 564
2293 462 543 491 568
2294 461 546 490 571
2295 462 550 491 575
2296 463 530 492 555
2297 452 510 481 535
2298 449 515 478 540
2299 449 518 478 543
2300 440 539 469 564
2301 434 548 463 573
2302 433 551 462 576
2303 429 557 458 582
2304 427 567 456 592
2305 428 568 457 593
2306 427 571 456 596
2307 413 575 442 600
2308 424 577 453 602
2309 422 581 451 606
2310 418 585 447 610
2311 453 571 486 601
2312 452 574 485 604
2313 462 590 495 620
2314 474 569 507 599
2315 470 566 503 596
2316 472 586 505 616
2317 475 599 508 629
2318 471 599 504 629
2319 471 608 504 638
2320 466 600 499 630
2321 469 613 502 643
2322 470 618 503 648
2323 467 625 500 655
2324 463 629 496 659
2325 476 650 509 680
2326 466 660 499 690
2327 447 617 475 642
2328 424 620 452 645
2329 444 619 472 644
2330 443 622 471 647
2331 442 625 470 650
2332 442 628 470 653
2333 440 633 468 658
2334 439 634 467 659
2335 438 638 466 663
2336 438 642 466 667
2337 437 646 465 671
2338 437 649 465 674
2339 435 653 463 678
2340 433 656 461 681
2341 431 659 459 684
2342 430 663 458 688
2343 429 670 457 695
2344 426 672 454 697
2345 427 675 455 700
2346 438 676 466 701
2347 436 680 464 705
2348 435 663 462 691
2349 434 666 461 694
2350 434 669 461 697
2351 432 675 459 703
2352 431 678 458 706
2353 437 677 464 705
2354 438 681 465 709
2355 437 685 464 713
2356 432 661 459 689
2357 426 670 453 698
2358 425 674 452 702
2359 427 673 454 701
2360 428 676 455 704
2361 427 679 454 707
2362 416 685 443 713
2363 415 689 442 717
2364 437 680 464 708
2365 435 687 462 715
2366 437 690 464 718
2367 447 686 474 714
2368 445 689 472 717
2369 441 666 468 694
2370 440 669 467 697
2371 439 671 466 699
2372 439 679 466 707