3251 1014 36 1035 55
3252 1012 39 1033 58
3253 1011 36 1032 55
3254 1024 53 1045 72
3255 1008 44 1029 63
3256 1008 46 1029 65
3257 1008 43 1028 68
3258 1009 45 1029 66
3259 1006 45 1027 70
3260 1004 48 1029 72
3261 1004 49 1030 72
3262 1002 50 1025 76
3263 1002 56 1032 78
3264 1002 55 1024 81
3265 999 59 1029 84
3266 1002 58 1028 82
3267 994 61 1021 82
3268 997 64 1024 89
3269 995 69 1022 94
3270 994 71 1021 96
3271 994 73 1021 98
3272 992 77 1019 102
3273 992 79 1019 104
3274 991 82 1018 107
3275 991 84 1018 109
3276 990 86 1017 111
3277 988 89 1015 114
3278 987 91 1014 116
3279 986 94 1013 119
3280 984 98 1011 123
3281 983 98 1010 123
3282 981 100 1008 125
3283 980 102 1007 127
3284 979 104 1006 129
3285 980 106 1007 131
3286 979 110 1006 135
3287 978 113 1005 138
3288 977 116 1004 141
3289 974 118 1001 143
3290 976 121 1003 146
3291 975 125 1002 150
3292 973 126 1000 151
3293 970 130 997 155
3294 971 131 998 156
3295 971 134 998 159
3296 969 130 996 155
3297 969 134 996 159
3298 967 137 994 162
3299 967 140 994 165
3300 965 143 992 168
3301 966 144 993 169
3302 965 146 992 171
3303 964 148 991 173
3304 964 150 991 175
3305 963 152 990 177
3306 962 156 989 181
3307 961 159 988 184
3308 960 160 987 185
3309 960 163 987 188
3310 959 166 986 191
3311 959 167 986 192
3312 958 169 985 194
3313 956 171 983 196
3314 954 175 981 200
3315 953 177 980 202
3316 952 179 979 204
3317 952 180 979 205
3318 951 185 978 210
3319 949 188 976 213
3320 949 191 976 216
3321 946 194 973 219
3322 945 198 972 223
3323 948 190 975 215
3324 947 194 974 219
3325 947 199 974 224
3326 945 200 972 225
3327 944 203 971 228
3328 943 206 970 231
3329 942 208 969 233
3330 940 211 967 236
3331 939 213 966 238
3332 939 217 966 242
3333 937 219 964 244
3334 936 222 963 247
3335 938 223 965 248
3336 935 225 962 250
3337 935 228 962 253
3338 934 232 961 257
3339 935 240 962 265
3340 934 241 961 266
3341 933 243 960 268
3342 930 232 957 257
3343 929 236 956 261
3344 929 239 956 264
3345 928 241 955 266
3346 928 243 955 268
3347 928 246 955 271
3348 926 249 953 274
3349 926 250 953 275
3350 926 252 953 277
3351 924 255 951 280
3352 922 256 949 281
3353 920 258 947 283
3354 920 260 947 285
3355 918 262 945 287
3356 919 265 946 290
3357 918 267 945 292
3358 918 269 945 294
3359 917 272 944 297
3360 917 274 944 299
3361 917 278 944 303
3362 914 280 941 305
3363 915 282 942 307
3364 914 285 941 310
3365 914 289 941 314
3366 913 291 940 316
3367 912 294 939 319
3368 911 281 937 306
3369 908 288 931 316
3370 910 294 932 318
3371 904 296 927 318
3372 903 296 935 317
3373 911 291 934 318
3374 908 294 933 318
3375 904 297 932 321
3376 905 297 928 325
3377 903 302 929 323
3378 902 301 930 331
3379 899 306 926 330
3380 897 312 931 338
3381 895 314 929 340
3382 894 318 928 344
3383 894 320 928 346
3384 892 325 926 351
3385 890 329 924 355
3386 891 332 925 358
3387 892 336 926 362
3388 891 338 925 364
3389 890 342 924 368
3390 888 345 922 371
3391 888 348 922 374
3392 889 352 923 378
3393 889 356 923 382
3394 888 358 922 384
3395 887 363 921 389
3396 888 366 922 392
3397 886 370 920 396
3398 885 373 919 399
3399 889 354 917 373
3400 891 350 916 378
3401 886 354 912 380
3402 885 355 916 381
3403 883 358 911 382
3404 883 361 914 383
3405 881 363 914 385
3406 880 362 910 393
3407 886 374 908 399
3408 887 377 909 402
3409 887 380 909 405
3410 887 382 909 407
3411 886 386 908 411
3412 904 400 926 425
3413 886 394 908 419
3414 885 396 907 421
3415 886 399 908 424
3416 885 403 907 428
3417 887 404 909 429
3418 885 406 907 431
3419 885 408 907 433
3420 885 410 907 435
3421 884 414 906 439
3422 886 417 908 442
3423 883 421 905 446
3424 883 424 905 449
3425 883 426 905 451
3426 874 406 904 431
3427 874 409 904 434
3428 873 412 903 437
3429 873 415 903 440
3430 873 419 903 444
3431 873 421 903 446
3432 873 423 903 448
3433 872 426 902 451
3434 872 428 902 453
3435 872 430 902 455
3436 872 432 902 457
3437 873 435 903 460
3438 872 434 902 459
3439 857 431 887 456
3440 877 433 907 458
3441 876 435 906 460
3442 875 439 905 464
3443 877 440 907 465
3444 877 447 907 472
3445 876 451 906 476
3446 875 454 905 479
3447 854 461 884 486
3448 853 465 883 490
3449 853 468 883 493
3450 853 463 883 488
3451 854 466 884 491
3452 853 470 883 495
3453 852 472 882 497
3454 853 475 883 500
3455 848 472 878 497
3456 852 482 882 507
3457 852 485 882 510
3458 852 488 882 513
3459 852 490 882 515
3460 851 469 882 496
3461 849 476 880 499
3462 846 473 881 498
3463 849 473 878 503
3464 845 479 876 500
3465 846 480 881 506
3466 849 483 877 509
3467 840 481 875 507
3468 847 484 874 507
3469 845 488 877 513
3470 849 491 877 513
3471 849 493 884 515
3472 848 491 871 517
3473 841 496 869 522
3474 844 495 869 523
3475 844 498 867 524
3476 838 502 868 533
3477 842 505 871 534
3478 837 507 870 536
3479 840 510 870 535
3480 843 507 867 540
3481 841 508 873 536
3482 838 511 867 543
3483 839 507 862 542
3484 838 514 864 544
3485 835 516 866 548
3486 835 525 871 551
3487 833 521 868 558
3488 833 524 868 561
3489 843 520 878 557
3490 842 524 877 561
3491 844 527 879 564
3492 843 532 878 569
3493 843 535 878 572
3494 843 539 878 576
3495 843 543 878 580
3496 843 547 878 584
3497 842 550 877 587
3498 842 553 877 590
3499 842 557 877 594
3500 842 560 877 597
3501 842 564 877 601
3502 841 567 876 604
3503 842 570 877 607
3504 842 574 877 611
3505 842 579 877 616
3506 841 583 876 620
3507 841 586 876 623
3508 841 590 876 627
3509 823 567 855 599
3510 824 570 856 602
3511 827 572 859 604
3512 804 579 836 611
3513 803 583 835 615
3514 802 587 834 619
3515 803 588 835 620
3516 803 594 835 626
3517 802 595 834 627
3518 803 600 835 632
3519 803 603 835 635
3520 809 608 841 640
3521 824 591 855 616
3522 818 588 849 618
3523 823 591 853 625
3524 816 589 857 625
3525 820 595 857 626
3526 820 596 850 629
3527 817 598 854 629
3528 813 612 845 644
3529 814 614 846 646
3530 815 618 847 650
3531 815 622 847 654
3532 816 623 848 655
3533 816 626 848 658
3534 828 627 860 665
3535 827 629 859 667
3536 829 633 861 671
3537 827 636 859 674
3538 836 642 868 680
3539 827 643 859 681
3540 811 625 848 653
3541 812 624 847 657
3542 818 628 845 663
3543 811 632 844 660
3544 817 632 847 663
3545 813 633 846 662
3546 813 639 846 665
3547 815 642 849 666
3548 809 647 852 673
3549 815 644 846 670
3550 822 642 854 673
3551 820 648 848 675
3552 819 652 847 679
3553 819 653 847 680
3554 819 657 847 684
3555 819 659 847 686
3556 818 664 846 691
3557 817 663 845 690
3558 816 666 844 693
3559 829 682 857 709
3560 817 675 845 702
3561 818 680 846 707
3562 818 684 846 711
3563 819 688 847 715
3564 817 691 845 718
3565 819 692 847 719
3566 799 679 827 706
3567 793 669 821 696
3568 793 672 821 699
3569 794 674 822 701
3570 795 679 823 706
3571 795 681 823 708
3572 794 685 822 712
3573 793 688 821 715
3574 794 692 822 719
3582 800 669 828 696