3742 90 20 124 52
3743 89 24 123 56
3744 89 28 123 60
3745 89 31 123 63
3746 88 33 122 65
3747 87 37 121 69
3748 87 40 121 72
3749 87 42 121 74
3750 86 45 120 77
3751 86 47 120 79
3752 85 50 119 82
3753 84 52 118 84
3754 83 54 117 86
3755 82 57 116 89
3756 81 60 115 92
3757 80 64 114 96
3758 80 67 114 99
3759 79 71 113 103
3760 79 74 113 106
3761 78 76 112 108
3762 77 80 111 112
3763 77 82 111 114
3764 76 86 110 118
3765 75 89 109 121
3766 74 91 108 123
3767 73 94 107 126
3768 71 96 105 128
3769 70 98 104 130
3770 69 101 103 133
3771 69 104 103 136
3772 69 107 103 139
3773 67 108 101 140
3774 67 111 101 143
3775 67 114 101 146
3776 66 116 100 148
3777 65 119 99 151
3778 65 122 99 154
3779 64 125 98 157
3780 65 128 99 160
3781 64 131 98 163
3782 64 134 98 166
3783 64 138 98 170
3784 63 142 97 174
3785 58 139 92 171
3786 58 143 92 175
3787 58 146 92 178
3788 57 149 91 181
3789 58 151 92 183
3790 56 154 90 186
3791 55 156 89 188
3792 57 160 91 192
3793 53 161 87 193
3794 52 162 86 194
3795 52 165 86 197
3796 50 167 84 199
3797 49 169 83 201
3798 47 170 81 202
3799 48 174 82 206
3800 48 177 82 209
3801 46 179 80 211
3802 46 182 80 214
3803 47 185 81 217
3804 45 187 79 219
3805 45 190 79 222
3806 44 193 78 225
3807 44 196 78 228
3808 43 199 77 231
3809 43 200 77 232
3810 43 203 77 235
3811 42 206 76 238
3812 41 208 75 240
3813 39 208 73 240
3814 38 211 72 243
3815 38 214 72 246
3816 37 216 71 248
3817 37 219 71 251
3818 37 221 71 253
3819 37 223 71 255
3820 36 225 70 257
3821 34 226 68 258
3822 34 230 68 262
3823 32 230 66 262
3824 33 234 67 266
3825 32 236 66 268
3826 31 239 65 271
3827 30 241 64 273
3828 30 244 64 276
3829 30 247 64 279
3830 29 249 63 281
3831 30 251 64 283
3832 29 253 63 285
3833 27 255 61 287
3834 26 257 60 289
3835 26 260 60 292
3836 25 262 59 294
3837 23 264 57 296
3838 23 267 57 299
3839 23 269 57 301
3840 22 272 56 304
3841 22 275 56 307
3842 22 277 56 309
3843 22 279 56 311
3844 22 281 56 313
3845 22 285 56 317
3846 21 288 55 320
3847 21 290 55 322
3848 21 292 55 324
3849 20 295 54 327
3850 19 296 53 328
3851 18 295 52 327
3852 18 297 52 329
3853 18 300 52 332
3854 15 301 49 333
3855 17 306 51 338
3856 15 307 49 339
3857 14 310 48 342
3858 14 313 48 345
3859 14 316 48 348
3860 13 320 47 352
3861 14 321 48 353
3862 13 324 47 356
3863 11 327 45 359
3864 12 329 46 361
3865 10 332 44 364
3866 9 334 43 366
3867 8 334 42 366
3868 7 337 41 369
3869 8 338 42 370
3870 8 341 42 373
3871 8 344 42 376
3872 7 345 41 377
3873 7 347 41 379
3874 7 351 41 383
3875 7 353 41 385
3876 6 355 40 387
3877 6 358 40 390
3878 5 359 39 391
3879 4 362 38 394
3880 2 364 36 396
3881 2 366 36 398
3882 1 368 35 400
3883 1 371 35 403
3884 0 373 34 405
3885 0 376 34 408
3886 0 379 34 411
3887 0 381 34 413
3888 0 384 34 416
3889 1 387 35 419
3890 0 387 34 419
3891 0 389 34 421
3892 0 392 34 424
3893 0 393 34 425
3894 0 394 34 426
3895 0 398 34 430
3896 0 400 34 432
3897 0 402 34 434
3898 0 404 34 436
3899 0 406 34 438
3900 0 409 34 441
3901 0 412 34 444
3902 0 414 34 446
3903 0 415 34 447
3904 0 419 34 451
3905 0 420 34 452
3906 0 424 34 456
3907 0 426 34 458
3908 0 429 34 461
3909 0 432 34 464
3910 0 434 34 466
3911 0 437 34 469
3912 0 439 34 471
3913 0 442 34 474
3914 0 446 34 478
3915 0 450 34 482
