5010 702 9 734 35
5011 702 11 734 37
5012 701 13 733 39
5013 701 14 733 40
5014 701 18 733 44
5015 701 21 733 47
5016 700 24 732 50
5017 698 26 730 52
5018 697 28 729 54
5019 696 30 728 56
5020 696 34 728 60
5021 694 38 726 64
5022 694 39 726 65
5023 693 43 725 69
5024 693 43 725 69
5025 693 47 725 73
5026 692 49 724 75
5027 691 52 723 78
5028 691 55 723 81
5029 691 58 723 84
5030 691 62 723 88
5031 690 62 722 88
5032 689 65 721 91
5033 688 67 720 93
5034 686 69 718 95
5035 685 72 717 98
5036 685 74 717 100
5037 685 77 717 103
5038 685 79 717 105
5039 685 84 717 110
5040 681 84 713 110
5041 684 87 716 113
5042 683 89 715 115
5043 682 91 714 117
5044 682 94 714 120
5045 682 96 714 122
5046 682 99 714 125
5047 681 102 713 128
5048 680 104 712 130
5049 680 108 712 134
5050 679 110 711 136
5051 679 114 711 140
5052 679 117 711 143
5053 677 118 709 144
5054 676 121 708 147
5055 676 120 708 146
5056 675 122 707 148
5057 674 125 706 151
5058 675 127 707 153
5059 675 130 707 156
5060 675 133 707 159
5061 674 135 706 161
5062 673 138 705 164
5063 674 140 706 166
5064 672 143 704 169
5065 672 146 704 172
5066 672 148 704 174
5067 672 151 704 177
5068 671 152 703 178
5069 672 157 704 183
5070 672 160 704 186
5071 671 162 703 188
5072 671 165 703 191
5073 668 165 700 191
5074 668 168 700 194
5075 668 169 700 195
5076 668 173 700 199
5077 668 176 700 202
5078 668 178 700 204
5079 667 182 699 208
5080 666 184 698 210
5081 665 187 697 213
5082 664 190 696 216
5083 663 192 695 218
5084 664 195 696 221
5085 664 197 696 223
5086 664 200 696 226
5087 664 201 696 227
5088 664 204 696 230
5089 663 206 695 232
5090 662 208 694 234
5091 661 210 693 236
5092 660 212 692 238
5093 661 215 693 241
5094 661 218 693 244
5095 661 222 693 248
5096 661 224 693 250
5097 659 227 691 253
5098 659 230 691 256
5099 661 232 693 258
5100 659 235 691 261
5101 659 237 691 263
5102 658 241 690 267
5103 658 243 690 269
5104 659 246 691 272
5105 658 248 690 274
5106 657 251 689 277
5107 657 255 689 281
5108 657 258 689 284
5109 657 261 689 287
5110 655 264 687 290
5111 654 267 686 293
5112 653 269 685 295
5113 652 272 684 298
5114 654 272 686 298
5115 653 274 685 300
5116 652 277 684 303
5117 650 280 682 306
5118 651 284 683 310
5119 650 286 682 312
5120 650 289 682 315
5121 650 291 682 317
5122 648 290 680 316
5123 650 293 682 319
5124 649 297 681 323
5125 649 300 681 326
5126 648 303 680 329
5127 647 306 679 332
5128 647 307 679 333
5129 646 310 678 336
5130 646 312 678 338
5131 645 314 677 340
5132 646 317 678 343
5133 643 319 675 345
5134 643 322 675 348
5135 643 325 675 351
5136 641 328 673 354
5137 642 332 674 358
5138 640 334 672 360
5139 640 337 672 363
5140 641 339 673 365
5141 641 344 673 370
5142 641 341 673 367
5143 640 345 672 371
5144 639 348 671 374
5145 639 351 671 377
5146 637 350 669 376
5147 634 351 666 377
5148 633 355 665 381
5149 633 358 665 384
5150 633 361 665 387
5151 632 365 664 391
5152 632 369 664 395
5153 632 371 664 397
5154 633 375 665 401
5155 632 377 664 403
5156 633 377 665 403
5157 630 382 662 408
5158 627 383 659 409
5159 627 384 659 410
5160 625 380 657 406
5161 627 388 659 414
5162 628 388 660 414
5163 627 392 659 418
5164 627 396 659 422
5165 624 397 656 423
5166 626 400 658 426
5167 623 403 655 429
5168 624 404 656 430
5169 625 409 657 435
5170 621 409 653 435
5171 620 412 652 438
5172 619 415 651 441
5173 618 417 650 443
5174 617 419 649 445
5175 617 422 649 448
5176 616 421 648 447
5177 616 426 648 452
5178 615 429 647 455
5179 615 434 647 460
5180 615 436 647 462
5181 615 434 647 460
5182 616 438 648 464
5183 615 441 647 467
5184 614 443 646 469
5185 612 448 644 474
5186 615 447 647 473
5187 614 451 646 477
5188 613 454 645 480
5189 611 455 643 481
5190 613 462 645 488
5191 612 463 644 489
5192 609 465 641 491
5193 607 469 639 495
5194 608 470 640 496
5195 607 473 639 499
5196 607 477 639 503
5197 606 479 638 505
5198 605 483 637 509
5199 603 480 635 506
5200 603 482 635 508
5201 604 485 636 511
5202 602 485 634 511
5203 602 489 634 515
5204 600 490 632 516
5205 600 493 632 519
5206 601 495 633 521
5207 600 496 632 522
5208 600 500 632 526
5209 600 503 632 529
5210 600 505 632 531
5211 599 508 631 534
5212 598 508 630 534
5213 597 510 629 536
5214 597 513 629 539
5215 596 516 628 542
5216 596 519 628 545
5217 596 519 628 545
5218 596 523 628 549
5219 594 526 626 552
5220 593 487 628 525
5221 582 508 617 546
5222 582 512 617 550
5223 582 515 617 553
5224 584 518 619 556
5225 583 521 618 559
5226 584 524 619 562
5227 584 525 619 563
5228 584 529 619 567
5229 585 530 620 568
5230 585 533 620 571
5231 585 536 620 574
5232 583 537 618 575
5233 585 541 620 579
5234 582 541 617 579
5235 581 542 616 580
5236 580 543 615 581
5237 581 548 616 586
5238 580 550 615 588
5239 582 551 617 589
5240 581 555 616 593
5241 580 557 615 595
5242 580 559 615 597
5243 579 563 614 601
5244 579 566 614 604
5245 580 569 615 607
5246 579 571 614 609
5247 579 574 614 612
5248 579 577 614 615
5249 579 580 614 618
5250 580 583 615 621
5251 579 585 614 623
5252 580 589 615 627
5253 580 590 615 628
5254 581 595 616 633
5255 580 598 615 636
5256 580 600 615 638
5257 580 602 615 640
5258 580 605 615 643
5259 581 609 616 647
5260 580 611 615 649
5261 574 605 609 643
5262 574 609 609 647
5263 574 612 609 650
5264 575 612 610 650
5265 573 616 608 654
5266 574 618 609 656
5267 572 619 607 657
5268 572 624 607 662
5269 572 627 607 665
5270 574 631 609 669
5271 572 633 607 671
5272 571 636 606 674
5273 571 639 606 677
5274 571 643 606 681
5275 571 647 606 685
5276 571 649 606 687
5277 570 653 605 691
5278 566 643 601 681
5279 566 645 601 683
5280 565 649 600 687
5281 566 652 601 690
5282 567 654 602 692
5283 567 657 602 695
5284 567 660 602 698
5285 568 663 603 701
5286 567 667 602 705
5287 567 669 602 707
5288 565 671 600 709
5289 564 673 599 711
5290 564 674 599 712
5291 562 674 597 712
5292 562 676 597 714
5293 562 679 597 717
5294 562 681 597 719
5295 562 681 597 719
5296 562 681 597 719
5297 560 681 595 719
5298 560 681 595 719
5299 559 681 594 719
5300 558 681 593 719
5301 559 681 594 719
5302 558 681 593 719
5303 560 681 595 719
