5790 372 368 408 398
5791 372 370 408 400
5792 371 372 407 402
5793 371 374 407 404
5794 370 377 406 407
5795 370 379 406 409
5796 370 379 406 409
5797 369 382 405 412
5798 368 385 404 415
5799 367 386 403 416
5800 366 388 402 418
5801 365 391 401 421
5802 365 394 401 424
5803 364 395 400 425
5804 365 392 401 422
5805 365 393 401 423
5806 364 396 400 426
5807 365 398 401 428
5808 363 401 399 431
5809 363 403 399 433
5810 363 405 399 435
5811 363 406 399 436
5812 362 410 398 440
5813 360 411 396 441
5814 359 414 395 444
5815 358 416 394 446
5816 358 419 394 449
5817 357 419 393 449
5818 357 420 393 450
5819 356 421 392 451
5820 355 423 391 453
5821 355 425 391 455
5822 355 428 391 458
5823 354 431 390 461
5824 354 432 390 462
5825 354 434 390 464
5826 354 436 390 466
5827 354 435 390 465
5828 353 438 389 468
5829 353 439 389 469
5830 352 442 388 472
5831 352 443 388 473
5832 352 446 388 476
5833 350 447 386 477
5834 348 449 384 479
5835 349 451 385 481
5836 348 452 384 482
5837 347 454 383 484
5838 347 457 383 487
5839 347 459 383 489
5840 348 460 384 490
5841 346 463 382 493
5842 347 466 383 496
5843 346 467 382 497
5844 344 471 380 501
5845 343 474 379 504
5846 344 474 380 504
5847 345 475 381 505
5848 344 475 380 505
5849 344 477 380 507
5850 344 479 380 509
5851 343 482 379 512
5852 344 484 380 514
5853 343 487 379 517
5854 343 489 379 519
5855 343 491 379 521
5856 343 493 379 523
5857 341 495 377 525
5858 341 498 377 528
5859 341 501 377 531
5860 338 505 374 535
5861 338 507 374 537
5862 338 509 374 539
5863 339 514 375 544
5864 338 516 374 546
5865 338 519 374 549
5866 338 520 374 550
5867 341 514 377 544
5868 339 517 375 547
5869 338 520 374 550
5870 338 521 374 551
5871 338 523 374 553
5872 336 527 372 557
5873 339 526 375 556
5874 339 528 375 558
5875 338 531 374 561
5876 338 535 374 565
5877 339 536 375 566
5878 338 540 374 570
5879 338 543 374 573
5880 337 545 373 575
5881 337 548 373 578
5882 337 550 373 580
5883 336 553 372 583
5884 336 556 372 586
5885 334 560 370 590
5886 334 563 370 593
5887 334 566 370 596
5888 334 569 370 599
5889 333 572 369 602
5890 334 572 370 602
5891 333 575 369 605
5892 334 574 370 604
5893 333 578 369 608
5894 334 579 370 609
5895 334 581 370 611
5896 334 582 370 612
5897 334 585 370 615
5898 333 586 369 616
5899 333 590 369 620
5900 331 593 367 623
5901 331 597 367 627
5902 332 598 368 628
5903 330 601 366 631
5904 330 604 366 634
5905 330 607 366 637
5906 333 607 369 637
5907 332 609 368 639
5908 332 611 368 641
5909 331 615 367 645
5910 331 618 367 648
5911 331 621 367 651
5912 331 623 367 653
5913 331 626 367 656
5914 332 628 368 658
5915 334 629 370 659
5916 333 633 369 663
5917 330 635 366 665
5918 329 637 365 667
5919 328 640 364 670
5920 328 642 364 672
5921 328 643 364 673
5922 328 646 364 676
5923 327 648 363 678
5924 327 651 363 681
5925 327 652 363 682
5926 327 655 363 685
5927 327 658 363 688
5928 326 661 362 691
5929 327 664 363 694
5930 327 667 363 697
5931 326 669 362 699
5932 326 671 362 701
5933 326 674 362 704
5934 326 677 362 707
5935 325 678 361 708
5936 326 679 362 709
5937 326 683 362 713
5938 325 685 361 715
5939 324 688 360 718
5940 323 689 359 719
5941 319 689 355 719
5942 319 689 355 719
