630 727 5 755 31
631 730 7 758 33
632 730 9 758 35
633 730 14 758 40
634 730 17 758 43
635 732 18 760 44
636 733 22 761 48
637 733 24 761 50
638 734 26 762 52
639 735 28 763 54
640 735 31 763 57
641 735 33 763 59
642 736 34 764 60
643 737 37 765 63
644 737 41 765 67
645 737 42 765 68
646 738 45 766 71
647 739 48 767 74
648 739 52 767 78
649 739 53 767 79
650 739 58 767 84
651 739 62 767 88
652 740 63 768 89
653 740 66 768 92
654 740 69 768 95
655 741 72 769 98
656 742 73 770 99
657 742 75 770 101
658 741 78 769 104
659 742 81 770 107
660 741 84 769 110
661 744 86 772 112
662 743 89 771 115
663 745 92 773 118
664 743 96 771 122
665 746 98 774 124
666 745 101 773 127
667 747 102 775 128
668 748 106 776 132
669 745 109 773 135
670 747 112 775 138
671 749 115 777 141
672 747 118 775 144
673 748 119 776 145
674 747 122 775 148
675 749 125 777 151
676 748 126 776 152
677 748 130 776 156
678 748 132 776 158
679 748 136 776 162
680 749 137 777 163
681 750 140 778 166
682 750 143 778 169
683 749 146 777 172
684 750 149 778 175
685 750 146 774 170
686 747 147 776 173
687 752 153 775 174
688 747 150 779 178
689 751 157 776 180
690 748 158 775 183
691 749 159 776 185
692 752 163 778 186
693 750 166 778 188
694 753 170 780 190
695 755 170 781 192
696 748 176 787 209
697 748 178 787 211
698 749 181 788 214
699 749 184 788 217
700 750 188 789 221
701 750 193 789 226
702 753 192 792 225
703 753 195 792 228
704 754 198 793 231
705 756 201 795 234
706 757 204 796 237
707 758 208 797 241
708 758 211 797 244
709 757 216 796 249
710 594 114 620 136
711 759 224 798 257
712 761 226 800 259
713 762 232 801 265
714 763 234 802 267
715 763 239 802 272
716 763 242 802 275
717 762 247 801 280
718 762 250 801 283
719 763 255 802 288
720 763 259 802 292
721 765 263 804 296
722 764 267 803 300
723 752 237 785 260
724 752 239 785 262
725 760 244 793 267
726 761 249 794 272
727 762 251 795 274
728 762 254 795 277
729 763 258 796 281
730 762 261 795 284
731 762 264 795 287
732 762 269 795 292
733 764 272 797 295
734 766 275 799 298
735 766 279 799 302
736 767 283 800 306
737 765 289 798 312
738 767 292 800 315
739 767 296 800 319
740 767 299 800 322
741 766 305 799 328
742 766 310 799 333
743 766 314 799 337
744 766 317 799 340
745 764 324 797 347
746 787 333 820 356
747 787 340 820 363
748 758 302 787 335
749 757 306 786 339
750 758 309 787 342
751 758 313 787 346
752 757 317 786 350
753 757 321 786 354
754 758 325 787 358
755 758 329 787 362
756 758 333 787 366
757 758 337 787 370
758 758 341 787 374
759 759 344 788 377
760 759 347 788 380
761 759 352 788 385
762 757 356 786 389
763 759 359 788 392
764 758 365 787 398
765 761 366 790 399
766 760 369 789 402
767 760 374 789 407
768 749 352 778 385
769 744 341 773 375
770 744 348 773 382
771 743 352 772 386
772 743 354 772 388
773 744 358 773 392
774 742 362 771 396
775 745 365 774 399
776 745 369 774 403
777 745 372 774 406
778 744 378 773 412
779 747 384 776 418
780 725 390 754 424
781 725 393 754 427
782 725 396 754 430
783 746 397 775 431
784 746 398 775 432
785 748 377 777 411
786 747 381 776 415
787 747 385 776 419
788 747 388 776 422
789 745 391 774 425
790 746 396 775 430
791 746 398 775 432
792 746 401 775 435
793 746 405 775 439
794 746 408 775 442
795 745 411 774 445
796 743 412 772 446
797 742 415 771 449
798 742 419 771 453
799 741 422 770 456
800 741 426 770 460
801 741 430 770 464
802 741 432 770 466
803 740 436 769 470
804 739 427 768 461
805 740 428 769 462
806 740 431 769 465
807 739 434 768 468
808 740 437 769 471
809 741 442 770 476
810 740 444 769 478
811 743 447 772 481
812 743 450 772 484
813 741 453 770 487
814 740 455 769 489
815 741 460 770 494
816 740 464 769 498
817 739 467 768 501
818 740 471 769 505
819 740 475 769 509
820 741 477 770 511
821 741 481 770 515
822 741 484 770 518
823 742 487 771 521
824 742 490 771 524
825 740 507 769 541
826 742 499 771 533
827 736 513 765 547
828 735 518 764 552
829 752 519 781 553
830 758 529 787 563
831 751 527 780 561
832 729 528 758 562
833 722 490 756 529
834 722 492 756 531
835 722 495 756 534
836 721 499 755 538
837 721 502 755 541
838 719 509 753 548
839 720 512 754 551
840 720 516 754 555
841 719 520 753 559
842 721 523 755 562
843 722 526 756 565
844 718 534 752 573
845 721 535 755 574
846 723 537 757 576
847 723 542 757 581
848 733 508 760 551
849 734 510 761 553
850 734 513 761 556
851 733 518 760 561
852 733 520 760 563
853 733 527 760 570
854 732 531 759 574
855 731 535 758 578
856 732 540 759 583
857 732 544 759 587
858 732 549 759 592
859 730 552 757 595
860 729 555 756 598
861 730 559 757 602
862 729 563 756 606
863 735 568 762 611
864 734 570 761 613
865 734 575 761 618
866 732 580 759 623
867 732 583 759 626
868 733 589 760 632
869 733 594 760 637
870 734 597 761 640
871 733 601 760 644
872 735 605 762 648
873 735 608 762 651
874 735 612 762 655
875 734 618 761 661
876 735 623 762 666
877 718 573 755 608
878 718 577 755 612
879 718 581 755 616
880 718 584 755 619
881 718 588 755 623
882 718 593 755 628
883 718 596 755 631
884 719 600 756 635
885 720 607 757 642
886 720 608 757 643
887 720 614 757 649
888 718 619 755 654
889 717 622 754 657
890 717 625 754 660
891 716 629 753 664
892 715 633 752 668
893 713 637 750 672
894 716 643 753 678
895 712 644 749 679
896 711 649 748 684
897 712 652 749 687
898 715 612 749 658
899 714 616 748 662
900 715 620 749 666
901 715 624 749 670
902 715 628 749 674
903 715 631 749 677
904 715 635 749 681
905 714 640 748 686
906 714 643 748 689
907 714 646 748 692
908 714 650 748 696
909 713 653 747 699
910 714 659 748 705
911 713 663 747 709
912 712 667 746 713
913 700 661 734 707
914 700 666 734 712
915 700 671 734 717
916 701 672 735 718
917 704 673 738 719
918 703 673 737 719
919 708 667 742 713
920 709 671 743 717
921 710 673 744 719
922 703 653 737 699
923 703 653 737 699
924 703 657 737 703
925 703 660 737 706
926 704 665 738 711
927 702 668 736 714