4741 408 45 435 69
4742 405 47 432 71
4743 405 47 432 71
4744 405 50 432 74
4745 404 52 431 76
4746 405 54 432 78
4747 405 56 432 80
4748 405 57 432 81
4749 407 60 434 84
4750 404 61 431 85
4751 407 64 434 88
4752 405 64 432 88
4753 406 67 433 91
4754 406 69 433 93
4755 404 68 431 92
4756 406 68 433 92
4757 404 71 431 95
4758 406 73 433 97
4759 406 76 433 100
4760 405 76 432 100
4761 406 79 433 103
4762 406 81 433 105
4763 406 82 433 106
4764 405 84 432 108
4765 404 86 431 110
4766 405 87 432 111
4767 404 88 431 112
4768 404 89 431 113
4769 404 91 431 115
4770 406 92 433 116
4771 406 93 433 117
4772 407 94 434 118
4773 403 95 430 119
4774 405 98 432 122
4775 406 100 433 124
4776 402 98 429 122
4777 401 100 428 124
4778 401 102 428 126
4779 400 105 427 129
4780 400 103 427 127
4781 400 105 427 129
4782 400 107 427 131
4783 399 109 426 133
4784 398 109 425 133
4785 399 111 426 135
4786 400 113 427 137
4787 400 115 427 139
4788 396 116 423 140
4789 397 117 424 141
4790 397 118 424 142
4791 396 119 423 143
4792 398 122 425 146
4793 399 124 426 148
4794 399 126 426 150
4795 394 122 421 146
4796 391 123 418 147
4797 396 124 423 148
4798 395 126 422 150
4799 395 127 422 151
4800 395 131 422 155
4801 396 133 423 157
4802 398 132 425 156
4803 394 136 421 160
4804 393 137 420 161
4805 394 138 421 162
4806 395 139 422 163
4807 393 142 420 166
4808 393 141 420 165
4809 392 139 419 163
4810 394 142 421 166
4811 396 144 423 168
4812 395 145 422 169
4813 392 145 419 169
4814 392 147 419 171
4815 394 149 421 173
4816 394 150 421 174
4817 391 152 418 176
4818 393 155 420 179
4819 394 155 421 179
4820 393 156 420 180
4821 392 154 419 178
4822 392 155 419 179
4823 392 158 419 182
4824 392 158 419 182
4825 391 157 418 181
4826 391 159 418 183
4827 391 160 418 184
4828 391 163 418 187
4829 393 163 420 187
4830 392 165 419 189
4831 392 166 419 190
4832 391 170 418 194
4833 392 171 419 195
4834 392 174 419 198
4835 392 173 419 197
4836 391 172 418 196
4837 390 175 417 199
4838 390 172 417 196
4839 389 173 416 197
4840 388 175 415 199
4841 389 176 416 200
4842 390 177 417 201
4843 389 179 416 203
4844 389 182 416 206
4845 390 182 417 206
4846 390 184 417 208
4847 389 185 416 209
4848 389 187 416 211
4849 389 187 416 211
4850 388 190 415 214
4851 388 192 415 216
4852 388 193 415 217
4853 388 196 415 220
4854 388 196 415 220
4855 388 198 415 222
4856 388 200 415 224
4857 388 202 415 226
4858 389 196 416 220
4859 390 196 417 220
4860 390 198 417 222
4861 389 199 416 223
4862 389 203 416 227
4863 388 205 415 229
4864 387 205 414 229
4865 387 208 414 232
4866 387 208 414 232
4867 387 210 414 234
4868 387 212 414 236
4869 387 213 414 237
4870 385 214 412 238
4871 386 215 413 239
4872 384 218 411 242
4873 387 212 414 236
4874 386 220 413 244
4875 386 216 413 240
4876 385 220 412 244
4877 384 219 411 243
4878 385 219 412 243
4879 384 224 411 248
4880 385 224 412 248
4881 385 225 412 249
4882 384 228 411 252
4883 384 230 411 254
4884 382 232 409 256
4885 383 233 410 257
4886 383 235 410 259
4887 382 237 409 261
4888 383 239 410 263
4889 381 239 408 263
4890 381 236 408 260
4891 381 240 408 264
4892 381 239 408 263
4893 380 242 407 266
4894 380 244 407 268
4895 380 246 407 270
4896 380 247 407 271
4897 380 249 407 273
4898 380 249 407 273
4899 380 252 407 276
4900 379 253 406 277
4901 379 255 406 279
4902 379 255 406 279
4903 378 253 405 277
4904 378 255 405 279
4905 378 257 405 281
4906 378 258 405 282
4907 377 260 404 284
4908 377 261 404 285
4909 377 262 404 286
4910 377 264 404 288
4911 377 265 404 289
4912 377 267 404 291
4913 377 268 404 292
4914 377 269 404 293
4915 376 271 403 295
4916 375 273 402 297
4917 375 275 402 299
4918 375 276 402 300
4919 375 276 402 300
4920 375 278 402 302
4921 375 282 402 306
4922 374 277 401 301
4923 374 279 401 303
4924 374 280 401 304
4925 374 282 401 306
4926 373 283 400 307
4927 373 285 400 309
4928 373 286 400 310
4929 373 287 400 311
4930 374 288 401 312
4931 373 291 400 315
4932 373 291 400 315
4933 372 293 399 317
4934 372 294 399 318
4935 372 295 399 319
4936 372 296 399 320
4937 372 299 399 323
4938 372 299 399 323
4939 372 300 399 324
4940 372 302 399 326
4941 372 302 399 326
4942 371 304 398 328
4943 371 305 398 329
4944 371 306 398 330
4945 371 308 398 332
4946 370 309 397 333
4947 370 310 397 334
4948 370 311 397 335
4949 370 312 397 336
4950 370 314 397 338
4951 370 315 397 339
4952 370 317 397 341
4953 369 319 396 343
4954 369 320 396 344
4955 369 321 396 345
4956 369 323 396 347
4957 369 324 396 348
4958 369 326 396 350
4959 369 327 396 351
4960 369 329 396 353
4961 369 330 396 354
4962 369 331 396 355
4963 368 333 395 357
4964 368 333 395 357
4965 368 336 395 360
4966 367 336 394 360
4967 367 337 394 361
4968 367 339 394 363
4969 367 340 394 364
4970 367 342 394 366
4971 366 343 393 367
4972 366 344 393 368
4973 366 346 393 370
4974 366 347 393 371
4975 366 348 393 372
4976 366 350 393 374
4977 365 351 392 375
4978 365 353 392 377
4979 365 354 392 378
4980 365 355 392 379
4981 365 356 392 380
4982 365 358 392 382
4983 364 360 391 384
4984 364 362 391 386
4985 364 361 391 385
4986 363 364 390 388
4987 363 364 390 388
4988 363 365 390 389
4989 362 366 389 390
4990 362 368 389 392
4991 362 369 389 393
4992 363 370 390 394
4993 362 373 389 397
4994 361 372 388 396
4995 361 375 388 399
4996 361 376 388 400
4997 361 377 388 401
4998 361 378 388 402
4999 359 378 386 402
5000 360 379 387 403
5001 360 382 387 406
5002 360 384 387 408
5003 359 385 386 409
5004 359 386 386 410
5005 359 388 386 412
5006 358 389 385 413
5007 358 391 385 415
5008 358 391 385 415
5009 358 392 385 416
5010 357 394 384 418
5011 357 396 384 420
5012 357 396 384 420
5013 357 398 384 422
5014 358 399 385 423
5015 356 401 383 425
5016 356 401 383 425
5017 355 403 382 427
5018 355 405 382 429
5019 350 403 388 427
5020 349 404 387 428
5021 347 407 385 431
5022 349 409 387 433
5023 348 408 386 432
5024 347 409 385 433
5025 347 411 385 435
5026 347 410 385 434
5027 347 412 385 436
5028 346 414 384 438
5029 346 415 384 439
5030 346 416 384 440
5031 345 418 383 442
5032 346 420 384 444
5033 345 420 383 444
5034 345 422 383 446
5035 344 422 382 446
5036 344 424 382 448
5037 344 426 382 450
5038 344 427 382 451
5039 344 428 382 452
5040 344 429 382 453
5041 343 431 381 455
5042 343 433 381 457
5043 343 434 381 458
5044 343 436 381 460
5045 342 437 380 461
5046 342 438 380 462
5047 342 440 380 464
5048 342 441 380 465
5049 342 442 380 466
5050 343 444 381 468
5051 342 445 380 469
5052 340 445 378 469
5053 340 447 378 471
5054 340 449 378 473
5055 340 450 378 474
5056 339 451 377 475
5057 340 453 378 477
5058 340 455 378 479
5059 340 457 378 481
5060 341 458 379 482
5061 339 459 377 483
5062 339 459 377 483
5063 339 461 377 485
5064 339 462 377 486
5065 340 463 378 487
5066 339 465 377 489
5067 339 466 377 490
5068 339 467 377 491
5069 339 468 377 492
5070 339 470 377 494
5071 339 471 377 495
5072 339 472 377 496
5073 339 474 377 498
5074 339 475 377 499
5075 338 476 376 500
5076 337 477 375 501
5077 338 479 376 503
5078 337 479 375 503
5079 337 480 375 504
5080 337 482 375 506
5081 337 483 375 507
5082 337 486 375 510
5083 337 486 375 510
5084 336 487 374 511
5085 336 489 374 513
5086 336 490 374 514
5087 336 492 374 516
5088 335 493 373 517
5089 335 494 373 518
5090 335 494 373 518
5091 335 495 373 519
5092 335 497 373 521
5093 334 497 372 521
5094 334 498 372 522
5095 334 499 372 523
5096 334 501 372 525
5097 333 503 371 527
5098 333 504 371 528
5099 332 505 370 529
5100 332 507 370 531
5101 332 506 370 530
5102 332 508 370 532
5103 332 510 370 534
5104 332 512 370 536
5105 332 513 370 537
5106 331 515 369 539
5107 331 516 369 540
5108 331 517 369 541
5109 331 518 369 542
5110 331 520 369 544
5111 331 520 369 544
5112 331 521 369 545
5113 330 522 368 546
5114 330 524 368 548
5115 330 525 368 549
5116 330 526 368 550
5117 329 528 367 552
5118 329 530 367 554
5119 329 531 367 555
5120 327 531 365 555
5121 328 533 366 557
5122 328 535 366 559
5123 328 535 366 559
5124 327 537 365 561
5125 328 537 366 561
5126 327 539 365 563
5127 327 540 365 564
5128 326 541 364 565
5129 326 542 364 566
5130 326 544 364 568
5131 326 544 364 568
5132 325 546 363 570
5133 325 548 363 572
5134 325 549 363 573
5135 324 551 362 575
5136 325 551 363 575
5137 325 553 363 577
5138 323 554 361 578
5139 323 556 361 580
5140 323 558 361 582
5141 323 560 361 584
5142 322 560 360 584
5143 320 562 358 586
5144 317 563 355 587
5145 321 566 359 590
5146 324 568 362 592
5147 322 569 360 593
5148 324 573 362 597
5149 325 576 363 600
5150 322 574 360 598
5151 322 577 360 601
5152 321 578 359 602
5153 321 577 359 601
5154 321 584 359 608
5155 319 584 357 608
5156 320 578 358 602
5157 319 585 357 609
5158 319 586 357 610
5159 320 584 358 608
5160 319 585 357 609
5161 319 586 357 610
5162 317 587 355 611
5163 318 588 356 612
5164 318 590 356 614
5165 318 592 356 616
5166 318 592 356 616
5167 317 593 355 617
5168 317 594 355 618
5169 316 596 354 620
5170 316 597 354 621
5171 316 598 354 622
5172 316 600 354 624
5173 315 601 353 625
5174 315 603 353 627
5175 315 604 353 628
5176 314 605 352 629
5177 314 608 352 632
5178 314 609 352 633
5179 313 610 351 634
5180 313 612 351 636
5181 313 613 351 637
5182 312 614 350 638
5183 312 616 350 640
5184 312 616 350 640
5185 312 618 350 642
5186 312 619 350 643
5187 311 620 349 644
5188 311 621 349 645
5189 310 622 348 646
5190 310 623 348 647
5191 310 625 348 649
5192 310 626 348 650
5193 309 627 347 651
5194 309 629 347 653
5195 309 630 347 654
5196 309 631 347 655
5197 308 633 346 657
5198 308 634 346 658
5199 308 635 346 659
5200 307 636 345 660
5201 307 638 345 662
5202 307 639 345 663
5203 307 641 345 665
5204 307 642 345 666
5205 306 643 344 667
5206 306 644 344 668
5207 306 646 344 670
5208 306 647 344 671
5209 305 649 343 673
5210 305 650 343 674
5211 305 651 343 675
5212 305 652 343 676
5213 304 654 342 678
5214 304 655 342 679
5215 304 655 342 679
5216 304 657 342 681
5217 304 658 342 682
5218 303 660 341 684
5219 303 661 341 685
5220 301 662 339 686
5221 302 664 340 688
5222 303 664 341 688
5223 301 666 339 690
5224 302 668 340 692
5225 302 669 340 693
5226 302 670 340 694
5227 301 671 339 695
5228 301 673 339 697
5229 300 674 338 698
5230 299 676 337 700
5231 299 675 337 699
5232 299 678 337 702
5233 300 680 338 704
5234 300 681 338 705
5235 300 682 338 706
5236 300 684 338 708
5237 299 685 337 709
5238 299 686 337 710
5239 299 687 337 711
5240 298 689 336 713
5241 298 690 336 714
5242 297 689 335 713
5243 298 692 336 716
5244 298 693 336 717
5245 297 694 335 718
5246 297 695 335 719
5247 297 695 335 719
5248 297 695 335 719
5249 295 695 333 719
5250 294 695 332 719
5251 295 695 333 719
5252 295 695 333 719
5253 295 695 333 719
5254 295 695 333 719
5255 295 695 333 719
