8370 532 105 549 125
8371 532 104 549 124
8372 534 107 551 127
8373 531 108 548 128
8374 531 109 548 129
8375 531 112 548 132
8376 531 113 548 133
8377 530 116 547 136
8378 530 118 547 138
8379 530 119 547 139
8380 530 122 547 142
8381 530 125 547 145
8382 532 114 549 134
8383 529 129 546 149
8384 529 132 546 152
8385 533 120 550 140
8386 532 122 549 142
8387 532 124 549 144
8388 532 126 549 146
8389 531 128 548 148
8390 532 131 549 151
8391 532 132 549 152
8392 531 134 548 154
8393 531 135 548 155
8394 531 137 548 157
8395 532 138 549 158
8396 532 139 549 159
8397 532 141 549 161
8398 530 146 547 166
8399 530 146 547 166
8400 507 146 524 166
8401 529 146 546 166
8402 509 149 526 169
8403 522 161 539 181
8404 522 163 539 183
8405 525 150 542 170
8406 525 153 542 173
8407 524 156 541 176
8408 525 157 542 177
8409 526 159 543 179
8410 525 160 542 180
8411 524 162 541 182
8412 526 163 543 183
8413 525 166 542 186
8414 515 156 532 176
8415 505 163 522 183
8416 506 168 523 188
8417 507 168 524 188
8418 508 185 525 205
8419 503 202 520 222
8420 503 209 520 229
8421 503 209 520 229
8422 503 209 520 229
8423 507 210 524 230
8424 507 212 524 232
8425 538 193 554 208
8426 517 185 533 200
8427 518 195 534 210
8428 505 185 521 200
8429 521 187 537 202
8430 524 191 540 206
8431 522 192 538 207
8432 527 191 543 206
8433 522 195 538 210
8434 522 197 538 212
8435 524 199 540 214
8436 525 202 541 217
8437 524 204 540 219
8438 523 206 539 221
8439 523 209 539 224
8440 525 210 541 225
8441 523 211 539 226
8442 523 213 539 228
8443 539 231 555 246
8444 539 234 555 249
8445 537 238 553 253
8446 538 240 554 255
8447 536 242 552 257
8448 516 245 532 260
8449 518 248 534 263
8450 520 247 536 262
8451 517 217 541 236
8452 516 220 540 239
8453 517 222 541 241
8454 514 225 538 244
8455 514 227 538 246
8456 513 229 537 248
8457 514 231 538 250
8458 515 232 539 251
8459 512 236 536 255
8460 514 237 538 256
8461 515 239 539 258
8462 515 241 539 260
8463 515 243 539 262
8464 514 245 538 264
8465 514 247 538 266
8466 515 250 539 269
8467 513 252 537 271
8468 513 254 537 273
8469 515 255 539 274
8470 514 259 538 278
8471 514 260 538 279
8472 514 263 538 282
8473 514 265 538 284
8474 514 251 534 276
8475 514 252 534 277
8476 515 253 535 278
8477 515 254 535 279
8478 515 257 535 282
8479 512 261 532 286
8480 523 252 543 277
8481 521 253 541 278
8482 510 275 530 300
8483 526 288 546 313
8484 549 290 569 315
8485 550 289 570 314
8486 548 294 568 319
8487 526 297 546 322
8488 517 307 537 332
8489 506 327 526 352
8490 486 341 506 366
8491 489 343 509 368
8492 516 276 542 301
8493 516 278 542 303
8494 515 280 541 305
8495 516 280 542 305
8496 518 284 544 309
8497 516 286 542 311
8498 515 290 541 315
8499 516 290 542 315
8500 517 294 543 319
8501 516 293 542 318
8502 505 271 531 296
8503 506 272 532 297
8504 504 275 530 300
8505 506 276 532 301
8506 506 278 532 303
8507 508 279 534 304
8508 506 281 532 306
8509 508 283 534 308
8510 509 285 535 310
8511 508 288 534 313
8512 510 291 536 316
8513 510 293 536 318
8514 511 294 537 319
8515 509 296 535 321
8516 511 299 537 324
8517 512 301 538 326
8518 509 304 535 329
8519 509 306 535 331
8520 511 307 537 332
8521 510 309 536 334
8522 510 311 536 336
8523 511 314 537 339
8524 510 315 536 340
8525 511 315 537 340
8526 512 317 538 342
8527 511 318 537 343
8528 511 320 537 345
8529 511 322 537 347
8530 510 328 536 353
8531 512 327 538 352
8532 512 328 538 353
8533 512 331 538 356
8534 510 335 536 360
8535 512 335 538 360
8536 512 337 538 362
8537 512 339 538 364
8538 511 341 537 366
8539 511 342 537 367
8540 510 346 536 371
8541 511 348 537 373
8542 512 349 538 374
8543 509 352 535 377
8544 508 354 534 379
8545 511 356 537 381
8546 510 358 536 383
8547 509 360 535 385
8548 487 371 513 396
8549 485 375 511 400
8550 485 377 511 402
8551 509 349 538 379
8552 509 351 538 381
8553 510 352 539 382
8554 510 354 539 384
8555 510 356 539 386
8556 509 358 538 388
8557 511 360 540 390
8558 510 362 539 392
8559 510 362 539 392
8560 510 365 539 395
8561 510 367 539 397
8562 510 369 539 399
8563 511 371 540 401
8564 510 373 539 403
8565 510 373 539 403
8566 510 375 539 405
8567 510 376 539 406
8568 510 378 539 408
8569 510 378 539 408
8570 510 380 539 410
8571 510 382 539 412
8572 511 382 540 412
8573 509 384 538 414
8574 510 386 539 416
8575 510 388 539 418
8576 510 389 539 419
8577 509 390 538 420
8578 509 391 538 421
8579 510 393 539 423
8580 509 395 538 425
8581 510 397 539 427
8582 509 395 538 425
8583 510 397 539 427
8584 511 399 540 429
8585 511 402 540 432
8586 510 402 539 432
8587 511 404 540 434
8588 510 406 539 436
8589 510 406 539 436
8590 511 407 540 437
8591 510 408 539 438
8592 510 409 539 439
8593 510 410 539 440
8594 510 412 539 442
8595 511 413 540 443
8596 510 415 539 445
8597 512 416 541 446
8598 511 415 540 445
8599 511 417 540 447
8600 511 419 540 449
8601 511 420 540 450
8602 510 421 539 451
8603 510 424 539 454
8604 510 425 539 455
8605 510 426 539 456
8606 511 428 540 458
8607 512 428 541 458
8608 512 429 541 459
8609 511 431 540 461
8610 511 432 540 462
8611 511 434 540 464
8612 511 436 540 466
8613 511 436 540 466
8614 511 438 540 468
8615 510 439 539 469
8616 510 440 539 470
8617 511 442 540 472
8618 511 444 540 474
8619 511 446 540 476
8620 511 447 540 477
8621 510 449 539 479
8622 511 449 540 479
8623 511 452 540 482
8624 510 452 539 482
8625 510 454 539 484
8626 510 455 539 485
8627 509 455 538 485
8628 509 457 538 487
8629 509 459 538 489
8630 509 461 538 491
8631 509 461 538 491
8632 509 462 538 492
8633 509 463 538 493
8634 508 464 537 494
8635 509 466 538 496
8636 509 466 538 496
8637 509 468 538 498
8638 509 469 538 499
8639 508 472 537 502
8640 509 473 538 503
8641 509 475 538 505
8642 509 476 538 506
8643 508 478 537 508
8644 507 479 536 509
8645 507 481 536 511
8646 506 483 535 513
8647 507 480 536 510
8648 507 482 536 512
8649 508 483 537 513
8650 507 485 536 515
8651 507 487 536 517
8652 507 488 536 518
8653 507 490 536 520
8654 507 492 536 522
8655 507 494 536 524
8656 507 495 536 525
8657 506 494 535 524
8658 504 499 533 529
8659 505 499 534 529
8660 505 498 534 528
8661 505 500 534 530
8662 505 501 534 531
8663 505 500 534 530
8664 505 502 534 532
8665 505 504 534 534
8666 504 506 533 536
8667 504 507 533 537
8668 504 509 533 539
8669 503 510 532 540
8670 503 511 532 541
8671 503 512 532 542
8672 502 514 531 544
8673 502 515 531 545
8674 502 515 531 545
8675 503 517 532 547
8676 502 518 531 548
8677 502 519 531 549
8678 501 521 530 551
8679 501 522 530 552
8680 501 523 530 553
8681 501 525 530 555
8682 500 525 529 555
8683 500 527 529 557
8684 499 528 528 558
8685 499 530 528 560
8686 499 531 528 561
8687 498 532 527 562
8688 498 533 527 563
8689 498 535 527 565
8690 497 537 526 567
8691 497 539 526 569
8692 497 540 526 570
8693 498 541 527 571
8694 497 539 526 569
8695 495 540 524 570
8696 497 542 526 572
8697 495 543 524 573
8698 495 545 524 575
8699 496 546 525 576
8700 494 548 523 578
8701 494 550 523 580
8702 494 550 523 580
8703 494 551 523 581
8704 494 552 523 582
8705 493 554 522 584
8706 493 555 522 585
8707 493 555 522 585
8708 492 559 521 589
8709 492 559 521 589
8710 491 560 520 590
8711 491 562 520 592
8712 490 560 519 590
8713 490 562 519 592
8714 490 567 519 597
8715 490 567 519 597
8716 489 565 518 595
8717 488 567 517 597
8718 488 569 517 599
8719 487 571 516 601
8720 487 573 516 603
8721 488 575 517 605
8722 488 574 517 604
8723 487 578 516 608
8724 487 576 516 606
8725 487 578 516 608
8726 486 579 515 609
8727 487 580 516 610
8728 485 583 514 613
8729 486 583 515 613
8730 485 585 514 615
8731 486 586 515 616
8732 484 586 513 616
8733 484 588 513 618
8734 483 588 512 618
8735 484 589 513 619
8736 483 590 512 620
8737 482 592 511 622
8738 482 594 511 624
8739 482 594 511 624
8740 481 595 510 625
8741 481 596 510 626
8742 481 598 510 628
8743 481 598 510 628
8744 480 600 509 630
8745 480 602 509 632
8746 480 603 509 633
8747 479 603 508 633
8748 478 604 507 634
8749 478 606 507 636
8750 477 606 506 636
8751 477 607 506 637
8752 477 608 506 638
8753 477 610 506 640
8754 477 611 506 641
8755 476 612 505 642
8756 475 614 504 644
8757 475 615 504 645
8758 474 616 503 646
8759 474 617 503 647
8760 473 618 502 648
8761 473 619 502 649
8762 473 620 502 650
8763 472 621 501 651
8764 472 622 501 652
8765 472 624 501 654
8766 471 625 500 655
8767 471 625 500 655
8768 470 627 499 657
8769 469 629 498 659
8770 469 629 498 659
8771 468 631 497 661
8772 467 632 496 662
8773 467 633 496 663
8774 467 633 496 663
8775 466 634 495 664
8776 466 635 495 665
8777 465 636 494 666
8778 464 638 493 668
8779 463 639 492 669
8780 463 640 492 670
8781 462 641 491 671
8782 462 642 491 672
8783 462 643 491 673
8784 461 644 490 674
8785 461 645 490 675
8786 460 647 489 677
8787 460 648 489 678
8788 459 649 488 679
8789 459 650 488 680
8790 458 652 487 682
8791 457 652 486 682
8792 457 653 486 683
8793 457 654 486 684
8794 456 656 485 686
8795 455 657 484 687
8796 455 658 484 688
8797 454 659 483 689
8798 454 660 483 690
8799 453 661 482 691
8800 453 662 482 692
8801 452 664 481 694
8802 452 664 481 694
8803 451 665 480 695
8804 451 666 480 696
8805 449 668 478 698
8806 449 668 478 698
8807 448 669 477 699
8808 448 671 477 701
8809 447 672 476 702
8810 447 673 476 703
8811 446 674 475 704
8812 446 675 475 705
8813 445 677 474 707
8814 445 678 474 708
8815 444 679 473 709
8816 443 680 472 710
8817 443 681 472 711
8818 442 682 471 712
8819 442 682 471 712
8820 440 683 469 713
8821 440 684 469 714
8822 439 684 468 714
8823 439 686 468 716
8824 438 687 467 717
8825 437 688 466 718
8826 438 689 467 719
8827 438 689 467 719
8828 437 689 466 719
8829 436 689 465 719
8830 436 689 465 719
8831 435 689 464 719
8832 435 689 464 719
8833 434 689 463 719
8834 433 689 462 719
8835 433 689 462 719
8836 432 689 461 719
8837 430 689 459 719
8838 429 689 458 719
8839 429 689 458 719