8370 972 11 1008 40
8371 972 13 1008 42
8372 973 14 1009 43
8373 972 15 1008 44
8374 972 17 1008 46
8375 972 18 1008 47
8376 972 19 1008 48
8377 971 21 1007 50
8378 971 22 1007 51
8379 971 24 1007 53
8380 971 25 1007 54
8381 970 27 1006 56
8382 970 28 1006 57
8383 970 29 1006 58
8384 969 31 1005 60
8385 969 32 1005 61
8386 969 33 1005 62
8387 969 35 1005 64
8388 969 36 1005 65
8389 969 38 1005 67
8390 968 39 1004 68
8391 969 41 1005 70
8392 968 43 1004 72
8393 968 44 1004 73
8394 968 46 1004 75
8395 967 47 1003 76
8396 967 49 1003 78
8397 967 50 1003 79
8398 967 51 1003 80
8399 968 52 1004 81
8400 967 54 1003 83
8401 967 56 1003 85
8402 966 57 1002 86
8403 966 57 1002 86
8404 964 60 1000 89
8405 964 62 1000 91
8406 964 63 1000 92
8407 964 65 1000 94
8408 964 67 1000 96
8409 964 68 1000 97
8410 964 69 1000 98
8411 963 70 999 99
8412 962 71 998 100
8413 962 73 998 102
8414 963 75 999 104
8415 963 77 999 106
8416 963 78 999 107
8417 963 80 999 109
8418 962 81 998 110
8419 963 83 999 112
8420 964 84 1000 113
8421 961 86 997 115
8422 964 87 1000 116
8423 961 87 997 116
8424 960 89 996 118
8425 962 91 998 120
8426 963 93 999 122
8427 961 94 997 123
8428 962 95 998 124
8429 962 97 998 126
8430 962 98 998 127
8431 962 99 998 128
8432 961 102 997 131
8433 961 101 997 130
8434 961 103 997 132
8435 959 103 995 132
8436 959 105 995 134
8437 959 107 995 136
8438 959 108 995 137
8439 959 110 995 139
8440 960 112 996 141
8441 959 114 995 143
8442 958 115 994 144
8443 959 115 995 144
8444 959 117 995 146
8445 958 119 994 148
8446 959 120 995 149
8447 959 120 995 149
8448 959 122 995 151
8449 958 124 994 153
8450 959 126 995 155
8451 959 127 995 156
8452 959 129 995 158
8453 959 131 995 160
8454 958 132 994 161
8455 958 133 994 162
8456 957 134 993 163
8457 957 137 993 166
8458 957 138 993 167
8459 957 138 993 167
8460 957 141 993 170
8461 958 142 994 171
8462 957 143 993 172
8463 956 145 992 174
8464 956 146 992 175
8465 956 148 992 177
8466 957 150 993 179
8467 956 151 992 180
8468 956 152 992 181
8469 956 154 992 183
8470 956 155 992 184
8471 956 157 992 186
8472 956 158 992 187
8473 956 160 992 189
8474 956 162 992 191
8475 956 163 992 192
8476 955 166 991 195
8477 955 167 991 196
8478 955 168 991 197
8479 956 170 992 199
8480 957 172 993 201
8481 957 173 993 202
8482 956 174 992 203
8483 956 177 992 206
8484 956 179 992 208
8485 958 181 994 210
8486 957 181 993 210
8487 957 183 993 212
8488 957 184 993 213
8489 955 187 991 216
8490 955 187 991 216
8491 956 188 992 217
8492 956 191 992 220
8493 956 192 992 221
8494 955 194 991 223
8495 956 195 992 224
8496 956 197 992 226
8497 956 199 992 228
8498 956 202 992 231
8499 956 201 992 230
8500 955 203 991 232
8501 955 205 991 234
8502 955 207 991 236
8503 955 208 991 237
8504 955 210 991 239
8505 956 212 992 241
8506 955 213 991 242
8507 955 215 991 244
8508 955 217 991 246
8509 956 219 992 248
8510 955 220 991 249
8511 955 220 991 249
8512 955 223 991 252
8513 955 224 991 253
8514 955 226 991 255
8515 955 227 991 256
8516 955 229 991 258
8517 956 231 992 260
8518 956 232 992 261
8519 955 236 991 265
8520 955 236 991 265
8521 955 239 991 268
8522 956 239 992 268
8523 956 242 992 271
8524 955 243 991 272
8525 955 245 991 274
8526 955 247 991 276
8527 955 249 991 278
8528 956 251 992 280
8529 954 251 990 280
8530 954 253 990 282
8531 955 256 991 285
8532 955 256 991 285
8533 955 257 991 286
8534 955 258 991 287
8535 954 260 990 289
8536 955 262 991 291
8537 954 264 990 293
8538 955 266 991 295
8539 955 267 991 296
8540 955 269 991 298
8541 955 271 991 300
8542 955 272 991 301
8543 955 275 991 304
8544 955 277 991 306
8545 955 279 991 308
8546 956 281 992 310
8547 954 281 990 310
8548 956 285 992 314
8549 956 285 992 314
8550 957 288 993 317
8551 954 288 990 317
8552 953 290 989 319
8553 954 292 990 321
8554 953 292 989 321
8555 953 294 989 323
8556 953 296 989 325
8557 953 298 989 327
8558 953 300 989 329
8559 953 301 989 330
8560 953 303 989 332
8561 953 305 989 334
8562 953 306 989 335
8563 953 308 989 337
8564 954 310 990 339
8565 954 311 990 340
8566 953 313 989 342
8567 953 315 989 344
8568 952 317 988 346
8569 953 318 989 347
8570 952 320 988 349
8571 953 322 989 351
8572 954 324 990 353
8573 954 325 990 354
8574 953 326 989 355
8575 953 328 989 357
8576 953 329 989 358
8577 953 332 989 361
8578 953 333 989 362
8579 953 335 989 364
8580 955 336 991 365
8581 954 339 990 368
8582 954 341 990 370
8583 953 340 989 369
8584 953 342 989 371
8585 953 344 989 373
8586 953 346 989 375
8587 953 347 989 376
8588 953 348 989 377
8589 953 351 989 380
8590 954 352 990 381
8591 954 355 990 384
8592 954 357 990 386
8593 955 357 991 386
8594 955 360 991 389
8595 954 360 990 389
8596 954 361 990 390
8597 952 362 988 391
8598 953 364 989 393
8599 953 366 989 395
8600 953 366 989 395
8601 953 368 989 397
8602 953 370 989 399
8603 952 372 988 401
8604 953 375 989 404
8605 953 376 989 405
8606 953 378 989 407
8607 953 380 989 409
8608 956 383 992 412
8609 954 384 990 413
8610 956 386 992 415
8611 954 387 990 416
8612 953 388 989 417
8613 954 390 990 419
8614 954 392 990 421
8615 954 393 990 422
8616 954 395 990 424
8617 955 397 991 426
8618 955 399 991 428
8619 955 401 991 430
8620 955 403 991 432
8621 955 404 991 433
8622 955 406 991 435
8623 955 408 991 437
8624 955 410 991 439
8625 956 412 992 441
8626 957 414 993 443
8627 958 417 994 446
8628 958 420 994 449
8629 957 422 993 451
8630 958 423 994 452
8631 958 425 994 454
8632 958 428 994 457
8633 958 429 994 458
8634 958 431 994 460
8635 958 433 994 462
8636 958 435 994 464
8637 958 436 994 465
8638 958 438 994 467
8639 958 440 994 469
8640 958 443 994 472
8641 957 444 993 473
8642 957 446 993 475
8643 957 448 993 477
8644 956 450 992 479
8645 956 452 992 481
8646 957 454 993 483
8647 957 456 993 485
8648 956 456 992 485
8649 956 458 992 487
8650 956 460 992 489
8651 956 462 992 491
8652 955 464 991 493
8653 955 465 991 494
8654 955 468 991 497
8655 955 470 991 499
8656 956 472 992 501
8657 955 474 991 503
8658 955 476 991 505
8659 955 478 991 507
8660 955 480 991 509
8661 955 482 991 511
8662 955 484 991 513
8663 955 486 991 515
8664 955 488 991 517
8665 954 491 990 520
8666 955 493 991 522
8667 954 494 990 523
8668 952 496 988 525
8669 952 498 988 527
8670 953 500 989 529
8671 953 502 989 531
8672 952 503 988 532
8673 952 506 988 535
8674 951 508 987 537
8675 952 510 988 539
8676 952 512 988 541
8677 952 514 988 543
8678 952 517 988 546
8679 952 519 988 548
8680 952 521 988 550
8681 952 523 988 552
8682 952 525 988 554
8683 952 527 988 556
8684 949 528 985 557
8685 949 530 985 559
8686 949 532 985 561
8687 948 533 984 562
8688 948 535 984 564
8689 947 537 983 566
8690 947 539 983 568
8691 947 541 983 570
8692 947 543 983 572
8693 948 546 984 575
8694 946 547 982 576
8695 947 549 983 578
8696 947 552 983 581
8697 947 553 983 582
8698 946 556 982 585
8699 946 558 982 587
8700 946 560 982 589
8701 946 562 982 591
8702 946 564 982 593
8703 947 566 983 595
8704 946 568 982 597
8705 943 570 979 599
8706 944 572 980 601
8707 941 574 977 603
8708 941 576 977 605
8709 941 577 977 606
8710 940 579 976 608
8711 940 582 976 611
8712 940 583 976 612
8713 939 586 975 615
8714 939 587 975 616
8715 939 590 975 619
8716 939 592 975 621
8717 938 594 974 623
8718 938 596 974 625
8719 938 598 974 627
8720 938 600 974 629
8721 937 602 973 631
8722 937 604 973 633
8723 937 605 973 634
8724 937 608 973 637
8725 936 609 972 638
8726 936 612 972 641
8727 936 614 972 643
8728 935 615 971 644
8729 933 617 969 646
8730 934 619 970 648
8731 933 621 969 650
8732 933 623 969 652
8733 933 626 969 655
8734 932 628 968 657
8735 932 630 968 659
8736 931 632 967 661
8737 931 634 967 663
8738 930 636 966 665
8739 930 637 966 666
8740 929 639 965 668
8741 929 641 965 670
8742 929 643 965 672
8743 929 645 965 674
8744 927 647 963 676
8745 927 650 963 679
8746 926 652 962 681
8747 926 653 962 682
8748 925 655 961 684
8749 925 657 961 686
8750 925 659 961 688
8751 925 662 961 691
8752 924 663 960 692
8753 923 665 959 694
8754 922 667 958 696
8755 922 668 958 697
8756 922 671 958 700
8757 921 673 957 702
8758 919 675 955 704
8759 919 677 955 706
8760 919 680 955 709
8761 919 681 955 710
8762 918 684 954 713
8763 917 686 953 715
8764 916 689 952 718
8765 917 690 953 719
8766 915 690 951 719
