8677 818 37 845 63
8678 819 39 846 65
8679 819 41 846 67
8680 819 42 846 68
8681 820 46 847 72
8682 821 48 848 74
8683 820 51 847 77
8684 822 54 849 80
8685 822 56 849 82
8686 822 59 849 85
8687 821 56 848 82
8688 823 62 850 88
8689 825 64 852 90
8690 824 67 851 93
8691 826 69 853 95
8692 825 71 852 97
8693 826 73 853 99
8694 827 75 854 101
8695 828 72 855 98
8696 829 75 856 101
8697 829 75 856 101
8698 829 79 856 105
8699 829 80 856 106
8700 830 83 857 109
8701 830 85 857 111
8702 829 85 856 111
8703 827 88 854 114
8704 832 90 859 116
8705 829 91 856 117
8706 829 91 856 117
8707 832 94 859 120
8708 831 95 858 121
8709 833 97 860 123
8710 834 99 861 125
8711 833 101 860 127
8712 835 102 862 128
8713 835 105 862 131
8714 835 108 862 134
8715 836 109 863 135
8716 836 111 863 137
8717 836 114 863 140
8718 836 116 863 142
8719 836 119 863 145
8720 837 119 864 145
8721 837 120 864 146
8722 838 122 865 148
8723 839 124 866 150
8724 842 128 869 154
8725 840 127 867 153
8726 842 128 869 154
8727 841 130 868 156
8728 842 131 869 157
8729 842 135 869 161
8730 842 136 869 162
8731 842 138 869 164
8732 844 141 871 167
8733 845 144 872 170
8734 845 146 872 172
8735 847 147 874 173
8736 847 150 874 176
8737 844 150 871 176
8738 847 152 874 178
8739 847 152 874 178
8740 847 156 874 182
8741 847 158 874 184
8742 848 162 875 188
8743 848 163 875 189
8744 848 164 875 190
8745 848 167 875 193
8746 849 169 876 195
8747 851 171 878 197
8748 852 172 879 198
8749 852 175 879 201
8750 854 177 881 203
8751 854 177 881 203
8752 853 181 880 207
8753 853 183 880 209
8754 851 185 878 211
8755 852 187 879 213
8756 853 189 880 215
8757 853 191 880 217
8758 853 193 880 219
8759 854 195 881 221
8760 854 198 881 224
8761 854 201 881 227
8762 856 200 883 226
8763 856 201 883 227
8764 857 203 884 229
8765 856 207 883 233
8766 858 210 885 236
8767 861 210 888 236
8768 862 213 889 239
8769 862 215 889 241
8770 863 218 890 244
8771 864 220 891 246
8772 864 221 891 247
8773 866 223 893 249
8774 865 227 892 253
8775 865 229 892 255
8776 865 230 892 256
8777 866 233 893 259
8778 868 238 895 264
8779 867 240 894 266
8780 869 243 896 269
8781 856 256 883 282
8782 870 248 897 274
8783 870 251 897 277
8784 860 262 887 288
8785 865 264 892 290
8786 866 266 893 292
8787 866 269 893 295
8788 867 270 894 296
8789 861 270 891 298
8790 859 272 889 300
8791 860 275 890 303
8792 861 277 891 305
8793 863 278 893 306
8794 858 286 888 314
8795 859 288 889 316
8796 869 286 899 314
8797 867 289 897 317
8798 879 274 909 302
8799 889 264 923 292
8800 876 277 910 305
8801 889 274 923 302
8802 898 284 932 312
8803 885 277 919 305
8804 899 288 933 316
8805 902 290 936 318
8806 887 285 921 313
8807 906 291 940 319
8808 911 296 945 324
8809 911 298 945 326
8810 911 299 945 327
8811 914 280 948 308
8812 868 293 904 322
8813 867 295 903 324
8814 867 297 903 326
8815 867 300 903 329
8816 867 301 903 330
8817 868 303 904 332
8818 867 304 903 333
8819 867 307 903 336
8820 867 308 903 337
8821 868 310 904 339
8822 868 311 904 340
8823 869 314 905 343
8824 869 316 905 345
8825 868 318 904 347
8826 867 319 903 348
8827 868 322 904 351
8828 868 325 904 354
8829 867 326 903 355
8830 868 327 904 356
8831 870 329 906 358
8832 869 333 905 362
8833 868 335 904 364
8834 869 336 905 365
8835 869 338 905 367
8836 869 340 905 369
8837 869 342 905 371
8838 869 343 905 372
8839 869 346 905 375
8840 870 347 906 376
8841 869 349 905 378
8842 869 351 905 380
8843 869 353 905 382
8844 870 354 906 383
8845 870 356 906 385
8846 870 357 906 386
8847 869 359 905 388
8848 869 361 905 390
8849 870 362 906 391
8850 869 364 905 393
8851 870 366 906 395
8852 870 366 906 395
8853 870 368 906 397
8854 870 370 906 399
8855 870 372 906 401
8856 870 374 906 403
8857 870 376 906 405
8858 870 378 906 407
8859 870 379 906 408
8860 871 380 907 409
8861 870 382 906 411
8862 869 383 905 412
8863 869 385 905 414
8864 869 386 905 415
8865 870 388 906 417
8866 869 390 905 419
8867 870 391 906 420
8868 870 393 906 422
8869 871 394 907 423
8870 871 396 907 425
8871 871 397 907 426
8872 869 399 905 428
8873 870 400 906 429
8874 871 401 907 430
8875 871 403 907 432
8876 871 405 907 434
8877 871 407 907 436
8878 871 408 907 437
8879 871 410 907 439
8880 869 412 905 441
8881 870 413 906 442
8882 870 414 906 443
8883 870 415 906 444
8884 870 417 906 446
8885 870 419 906 448
8886 870 420 906 449
8887 870 421 906 450
8888 870 423 906 452
8889 870 425 906 454
8890 870 426 906 455
8891 870 427 906 456
8892 870 429 906 458
8893 870 431 906 460
8894 870 432 906 461
8895 871 434 907 463
8896 871 437 907 466
8897 871 438 907 467
8898 871 440 907 469
8899 871 440 907 469
8900 870 441 906 470
8901 870 443 906 472
8902 869 443 905 472
8903 869 445 905 474
8904 871 447 907 476
8905 869 448 905 477
8906 869 451 905 480
8907 869 451 905 480
8908 867 453 903 482
8909 869 454 905 483
8910 869 457 905 486
8911 870 458 906 487
8912 869 459 905 488
8913 869 461 905 490
8914 870 463 906 492
8915 870 465 906 494
8916 869 465 905 494
8917 869 466 905 495
8918 870 468 906 497
8919 868 470 904 499
8920 868 469 904 498
8921 868 470 904 499
8922 867 472 903 501
8923 867 474 903 503
8924 866 476 902 505
8925 866 478 902 507
8926 866 479 902 508
8927 865 482 901 511
8928 867 483 903 512
8929 866 485 902 514
8930 866 485 902 514
8931 866 486 902 515
8932 866 488 902 517
8933 866 489 902 518
8934 867 490 903 519
8935 867 492 903 521
8936 866 495 902 524
8937 865 496 901 525
8938 864 497 900 526
8939 864 498 900 527
8940 864 500 900 529
8941 864 501 900 530
8942 864 503 900 532
8943 864 505 900 534
8944 864 506 900 535
8945 863 506 899 535
8946 862 507 898 536
8947 861 509 897 538
8948 862 508 898 537
8949 862 510 898 539
8950 862 513 898 542
8951 861 514 897 543
8952 861 516 897 545
8953 861 518 897 547
8954 861 519 897 548
8955 860 521 896 550
8956 860 523 896 552
8957 859 525 895 554
8958 859 527 895 556
8959 858 528 894 557
8960 858 529 894 558
8961 858 530 894 559
8962 857 532 893 561
8963 857 534 893 563
8964 857 535 893 564
8965 856 537 892 566
8966 856 539 892 568
8967 857 540 893 569
8968 857 541 893 570
8969 857 543 893 572
8970 856 544 892 573
8971 856 546 892 575
8972 856 548 892 577
8973 856 549 892 578
8974 856 550 892 579
8975 855 552 891 581
8976 856 554 892 583
8977 856 555 892 584
8978 856 556 892 585
8979 856 558 892 587
8980 855 560 891 589
8981 854 562 890 591
8982 854 563 890 592
8983 854 563 890 592
8984 854 565 890 594
8985 853 567 889 596
8986 853 568 889 597
8987 853 569 889 598
8988 853 571 889 600
8989 853 572 889 601
8990 853 574 889 603
8991 852 575 888 604
8992 851 577 887 606
8993 851 578 887 607
8994 852 579 888 608
8995 851 581 887 610
8996 851 582 887 611
8997 851 583 887 612
8998 851 585 887 614
8999 851 587 887 616
9000 851 588 887 617
9001 850 590 886 619
9002 851 590 887 619
9003 850 593 886 622
9004 850 595 886 624
9005 850 596 886 625
9006 849 598 885 627
9007 849 599 885 628
9008 849 600 885 629
9009 849 602 885 631
9010 849 604 885 633
9011 847 605 883 634
9012 847 607 883 636
9013 847 609 883 638
9014 847 610 883 639
9015 847 611 883 640
9016 847 612 883 641
9017 846 613 882 642
9018 846 615 882 644
9019 846 617 882 646
9020 846 618 882 647
9021 846 620 882 649
9022 846 621 882 650
9023 846 623 882 652
9024 846 625 882 654
9025 846 626 882 655
9026 846 627 882 656
9027 846 630 882 659
9028 845 630 881 659
9029 846 632 882 661
9030 844 632 880 661
9031 844 634 880 663
9032 844 635 880 664
9033 843 637 879 666
9034 843 638 879 667
9035 843 640 879 669
9036 842 641 878 670
9037 841 643 877 672
9038 841 645 877 674
9039 841 646 877 675
9040 841 648 877 677
9041 841 650 877 679
9042 840 651 876 680
9043 840 653 876 682
9044 839 654 875 683
9045 839 656 875 685
9046 840 657 876 686
9047 839 658 875 687
9048 838 660 874 689
9049 838 662 874 691
9050 838 664 874 693
9051 837 664 873 693
9052 837 665 873 694
9053 836 667 872 696
9054 835 669 871 698
9055 835 671 871 700
9056 834 673 870 702
9057 834 675 870 704
9058 833 676 869 705
9059 833 678 869 707
9060 833 679 869 708
9061 833 682 869 711
9062 833 683 869 712
9063 831 684 867 713
9064 831 686 867 715
9065 830 686 866 715
9066 830 688 866 717
9067 829 690 865 719
9068 829 690 865 719
9069 829 690 865 719
9070 829 690 865 719
9071 829 690 865 719
9072 828 690 864 719
9073 827 690 863 719
9074 826 690 862 719
9075 825 690 861 719
9076 825 690 861 719