2908 707 10 742 40
2909 708 14 743 44
2910 709 17 744 47
2911 710 19 745 49
2912 708 23 743 53
2913 712 24 747 54
2914 713 26 748 56
2915 709 31 744 61
2916 712 30 747 60
2917 715 30 750 60
2918 712 36 747 66
2919 713 38 748 68
2920 716 40 751 70
2921 718 42 753 72
2922 717 41 752 71
2923 717 44 752 74
2924 714 46 749 76
2925 718 49 753 79
2926 720 51 755 81
2927 718 51 753 81
2928 719 56 754 86
2929 723 61 758 91
2930 720 59 755 89
2931 723 62 758 92
2932 718 63 753 93
2933 724 67 759 97
2934 724 70 759 100
2935 723 72 758 102
2936 724 78 759 108
2937 726 80 761 110
2938 727 83 762 113
2939 727 85 762 115
2940 729 88 764 118
2941 730 91 765 121
2942 730 93 765 123
2943 728 95 763 125
2944 728 97 763 127
2945 729 100 764 130
2946 732 104 767 134
2947 732 105 767 135
2948 732 107 767 137
2949 732 110 767 140
2950 732 112 767 142
2951 734 114 769 144
2952 733 117 768 147
2953 735 119 770 149
2954 737 121 772 151
2955 735 123 770 153
2956 735 126 770 156
2957 734 128 769 158
2958 737 130 772 160
2959 735 132 770 162
2960 735 135 770 165
2961 735 137 770 167
2962 735 139 770 169
2963 737 141 772 171
2964 736 144 771 174
2965 740 147 775 177
2966 738 149 773 179
2967 741 151 776 181
2968 739 153 774 183
2969 739 156 774 186
2970 740 158 775 188
2971 741 161 776 191
2972 742 163 777 193
2973 741 166 776 196
2974 741 167 776 197
2975 743 171 778 201
2976 743 172 778 202
2977 745 175 780 205
2978 744 176 779 206
2979 742 179 777 209
2980 744 181 779 211
2981 744 184 779 214
2982 747 186 782 216
2983 747 190 782 220
2984 749 191 784 221
2985 749 193 784 223
2986 748 196 783 226
2987 749 198 784 228
2988 749 201 784 231
2989 748 203 783 233
2990 751 206 786 236
2991 751 208 786 238
2992 751 211 786 241
2993 751 213 786 243
2994 751 215 786 245
2995 754 219 789 249
2996 754 221 789 251
2997 755 224 790 254
2998 754 226 789 256
2999 755 229 790 259
3000 752 230 787 260
3001 756 233 791 263
3002 759 236 794 266
3003 756 238 791 268
3004 757 240 792 270
3005 755 242 790 272
3006 759 245 794 275
3007 759 247 794 277
3008 759 250 794 280
3009 759 252 794 282
3010 760 255 795 285
3011 760 257 795 287
3012 761 259 796 289
3013 764 263 799 293
3014 765 265 800 295
3015 761 266 796 296
3016 762 268 797 298
3017 760 270 795 300
3018 762 273 797 303
3019 762 276 797 306
3020 762 278 797 308
3021 763 280 798 310
3022 764 283 799 313
3023 764 285 799 315
3024 761 287 796 317
3025 765 290 800 320
3026 763 292 798 322
3027 765 295 800 325
3028 765 297 800 327
3029 763 299 798 329
3030 765 302 800 332
3031 766 304 801 334
3032 771 308 806 338
3033 767 309 802 339
3034 768 312 803 342
3035 768 314 803 344
3036 769 317 804 347
3037 768 319 803 349
3038 767 321 802 351
3039 766 323 801 353
3040 765 325 800 355
3041 766 328 801 358
3042 766 330 801 360
3043 769 333 804 363
3044 765 335 800 365
3045 768 338 803 368
3046 769 340 804 370
3047 766 342 801 372
3048 766 344 801 374
3049 767 346 802 376
3050 767 349 802 379
3051 768 351 803 381
3052 768 354 803 384
3053 765 356 800 386
3054 765 358 800 388
3055 766 361 801 391
3056 766 363 801 393
3057 766 365 801 395
3058 767 368 802 398
3059 769 370 804 400
3060 769 373 804 403
3061 769 375 804 405
3062 770 378 805 408
3063 769 380 804 410
3064 769 382 804 412
3065 766 384 801 414
3066 769 387 804 417
3067 766 387 801 417
3068 769 392 804 422
3069 769 394 804 424
3070 768 396 803 426
3071 769 399 804 429
3072 769 401 804 431
3073 771 404 806 434
3074 770 406 805 436
3075 771 409 806 439
3076 769 411 804 441
3077 769 413 804 443
3078 768 415 803 445
3079 770 418 805 448
3080 770 421 805 451
3081 770 423 805 453
3082 770 425 805 455
3083 771 427 806 457
3084 772 430 807 460
3085 772 433 807 463
3086 772 435 807 465
3087 769 435 804 465
3088 769 439 804 469
3089 770 442 805 472
3090 770 444 805 474
3091 769 446 804 476
3092 768 448 803 478
3093 768 451 803 481
3094 769 454 804 484
3095 768 456 803 486
3096 772 460 807 490
3097 773 462 808 492
3098 773 464 808 494
3099 774 465 809 495
3100 775 469 810 499
3101 774 471 809 501
3102 775 473 810 503
3103 775 476 810 506
3104 775 478 810 508
3105 776 480 811 510
3106 776 482 811 512
3107 776 485 811 515
3108 775 487 810 517
3109 775 490 810 520
3110 775 492 810 522
3111 777 495 812 525
3112 776 497 811 527
3113 775 502 810 532
3114 775 502 810 532
3115 776 505 811 535
3116 776 507 811 537
3117 776 509 811 539
3118 778 510 813 540
3119 776 514 811 544
3120 776 516 811 546
3121 776 518 811 548
3122 776 521 811 551
3123 776 524 811 554
3124 776 526 811 556
3125 776 529 811 559
3126 777 531 812 561
3127 778 534 813 564
3128 777 536 812 566
3129 775 538 810 568
3130 775 541 810 571
3131 775 543 810 573
3132 774 546 809 576
3133 774 548 809 578
3134 774 551 809 581
3135 774 553 809 583
3136 775 556 810 586
3137 773 558 808 588
3138 774 561 809 591
3139 773 563 808 593
3140 773 565 808 595
3141 773 567 808 597
3142 775 572 810 602
3143 774 574 809 604
3144 773 576 808 606
3145 773 578 808 608
3146 772 580 807 610
3147 774 585 809 615
3148 775 587 810 617
3149 774 589 809 619
3150 774 593 809 623
3151 773 595 808 625
3152 772 597 807 627
3153 774 600 809 630
3154 773 603 808 633
3155 772 605 807 635
3156 774 608 809 638
3157 773 611 808 641
3158 774 613 809 643
3159 773 615 808 645
3160 773 618 808 648
3161 772 620 807 650
3162 772 623 807 653
3163 773 626 808 656
3164 772 628 807 658
3165 771 631 806 661
3166 771 633 806 663
3167 771 636 806 666
3168 771 638 806 668
3169 770 640 805 670
3170 770 643 805 673
3171 770 646 805 676
3172 769 648 804 678
3173 769 651 804 681
3174 768 652 803 682
3175 769 656 804 686
3176 767 658 802 688
3177 766 661 801 691
3178 769 664 804 694
3179 768 666 803 696
3180 768 669 803 699
3181 768 672 803 702
3182 768 675 803 705
3183 768 676 803 706
3184 766 679 801 709
3185 765 681 800 711
3186 767 684 802 714
3187 767 687 802 717
3188 767 689 802 719
3189 764 689 799 719
3190 762 689 797 719
3191 761 689 796 719
3192 759 689 794 719
3193 761 689 796 719
3194 761 689 796 719
3195 762 689 797 719
3196 757 689 792 719
3197 756 689 791 719