3528 430 34 461 60
3529 431 36 462 62
3530 431 38 462 64
3531 430 41 461 67
3532 430 43 461 69
3533 430 45 461 71
3534 430 47 461 73
3535 430 49 461 75
3536 430 51 461 77
3537 429 53 460 79
3538 429 55 460 81
3539 429 57 460 83
3540 429 59 460 85
3541 429 62 460 88
3542 428 64 459 90
3543 428 66 459 92
3544 428 69 459 95
3545 427 70 458 96
3546 428 72 459 98
3547 428 74 459 100
3548 428 76 459 102
3549 428 77 459 103
3550 428 81 459 107
3551 427 83 458 109
3552 426 84 457 110
3553 426 85 457 111
3554 426 88 457 114
3555 425 90 456 116
3556 426 92 457 118
3557 425 95 456 121
3558 425 96 456 122
3559 425 98 456 124
3560 424 101 455 127
3561 424 103 455 129
3562 424 104 455 130
3563 424 106 455 132
3564 424 109 455 135
3565 424 111 455 137
3566 423 113 454 139
3567 423 114 454 140
3568 424 116 455 142
3569 423 118 454 144
3570 422 121 453 147
3571 422 123 453 149
3572 422 125 453 151
3573 422 126 453 152
3574 422 129 453 155
3575 423 130 454 156
3576 422 132 453 158
3577 422 136 453 162
3578 422 136 453 162
3579 422 139 453 165
3580 422 140 453 166
3581 421 142 452 168
3582 421 145 452 171
3583 422 146 453 172
3584 422 148 453 174
3585 422 148 453 174
3586 421 150 452 176
3587 421 153 452 179
3588 421 155 452 181
3589 420 157 451 183
3590 420 160 451 186
3591 420 161 451 187
3592 420 163 451 189
3593 420 164 451 190
3594 420 166 451 192
3595 420 169 451 195
3596 420 171 451 197
3597 419 174 450 200
3598 419 176 450 202
3599 419 179 450 205
3600 419 181 450 207
3601 419 181 450 207
3602 418 184 449 210
3603 418 186 449 212
3604 418 187 449 213
3605 417 190 448 216
3606 417 192 448 218
3607 417 193 448 219
3608 417 195 448 221
3609 417 198 448 224
3610 417 200 448 226
3611 416 201 447 227
3612 416 204 447 230
3613 416 206 447 232
3614 416 208 447 234
3615 416 209 447 235
3616 415 211 446 237
3617 415 213 446 239
3618 415 215 446 241
3619 415 217 446 243
3620 415 219 446 245
3621 415 221 446 247
3622 415 223 446 249
3623 415 225 446 251
3624 415 227 446 253
3625 414 229 445 255
3626 414 232 445 258
3627 414 234 445 260
3628 414 235 445 261
3629 413 237 444 263
3630 414 241 445 267
3631 413 242 444 268
3632 413 244 444 270
3633 413 246 444 272
3634 412 248 443 274
3635 412 251 443 277
3636 412 252 443 278
3637 412 253 443 279
3638 412 256 443 282
3639 412 257 443 283
3640 411 260 442 286
3641 411 262 442 288
3642 411 264 442 290
3643 411 267 442 293
3644 411 268 442 294
3645 410 272 441 298
3646 410 273 441 299
3647 409 274 440 300
3648 409 276 440 302
3649 409 279 440 305
3650 409 281 440 307
3651 408 283 439 309
3652 408 284 439 310
3653 408 286 439 312
3654 408 288 439 314
3655 407 289 438 315
3656 408 291 439 317
3657 407 293 438 319
3658 407 295 438 321
3659 406 298 437 324
3660 406 300 437 326
3661 406 302 437 328
3662 406 303 437 329
3663 406 306 437 332
3664 405 310 436 336
3665 405 312 436 338
3666 405 313 436 339
3667 404 315 435 341
3668 403 317 434 343
3669 403 319 434 345
3670 403 321 434 347
3671 403 323 434 349
3672 403 325 434 351
3673 402 327 433 353
3674 403 330 434 356
3675 402 331 433 357
3676 402 334 433 360
3677 402 336 433 362
3678 401 338 432 364
3679 402 340 433 366
3680 400 342 431 368
3681 401 345 432 371
3682 399 346 430 372
3683 401 348 432 374
3684 401 350 432 376
3685 401 352 432 378
3686 401 354 432 380
3687 401 356 432 382
3688 399 360 430 386
3689 401 360 432 386
3690 400 363 431 389
3691 401 365 432 391
3692 401 367 432 393
3693 400 369 431 395
3694 400 372 431 398
3695 399 373 430 399
3696 398 375 429 401
3697 399 377 430 403
3698 400 379 431 405
3699 399 381 430 407
3700 399 383 430 409
3701 399 387 430 413
3702 399 388 430 414
3703 398 391 429 417
3704 398 393 429 419
3705 398 395 429 421
3706 398 397 429 423
3707 398 399 429 425
3708 398 401 429 427
3709 397 403 428 429
3710 397 405 428 431
3711 397 408 428 434
3712 397 410 428 436
3713 397 413 428 439
3714 397 415 428 441
3715 396 418 427 444
3716 397 419 428 445
3717 396 422 427 448
3718 396 424 427 450
3719 396 427 427 453
3720 396 429 427 455
3721 396 431 427 457
3722 396 433 427 459
3723 395 436 426 462
3724 395 438 426 464
3725 395 440 426 466
3726 395 442 426 468
3727 395 443 426 469
3728 395 446 426 472
3729 394 448 425 474
3730 394 450 425 476
3731 394 453 425 479
3732 394 455 425 481
3733 393 457 424 483
3734 394 459 425 485
3735 394 462 425 488
3736 393 464 424 490
3737 393 466 424 492
3738 393 469 424 495
3739 393 471 424 497
3740 393 473 424 499
3741 392 476 423 502
3742 392 478 423 504
3743 392 480 423 506
3744 392 482 423 508
3745 391 485 422 511
3746 391 487 422 513
3747 391 489 422 515
3748 391 491 422 517
3749 391 494 422 520
3750 390 496 421 522
3751 390 498 421 524
3752 390 500 421 526
3753 390 502 421 528
3754 390 504 421 530
3755 390 507 421 533
3756 390 510 421 536
3757 389 512 420 538
3758 390 514 421 540
3759 389 516 420 542
3760 388 520 419 546
3761 389 521 420 547
3762 389 524 420 550
3763 389 525 420 551
3764 389 527 420 553
3765 389 530 420 556
3766 388 532 419 558
3767 388 535 419 561
3768 388 537 419 563
3769 388 539 419 565
3770 388 541 419 567
3771 387 543 418 569
3772 387 545 418 571
3773 387 548 418 574
3774 387 550 418 576
3775 386 552 417 578
3776 387 553 418 579
3777 386 555 417 581
3778 386 557 417 583
3779 386 560 417 586
3780 386 562 417 588
3781 386 565 417 591
3782 385 567 416 593
3783 386 569 417 595
3784 385 571 416 597
3785 385 574 416 600
3786 385 576 416 602
3787 384 577 415 603
3788 385 580 416 606
3789 384 581 415 607
3790 384 583 415 609
3791 383 584 414 610
3792 383 587 414 613
3793 383 589 414 615
3794 383 592 414 618
3795 383 594 414 620
3796 383 596 414 622
3797 382 598 413 624
3798 382 600 413 626
3799 382 603 413 629
3800 381 604 412 630
3801 381 607 412 633
3802 381 609 412 635
3803 380 611 411 637
3804 380 613 411 639
3805 380 615 411 641
3806 380 618 411 644
3807 380 620 411 646
3808 379 622 410 648
3809 379 624 410 650
3810 380 626 411 652
3811 380 628 411 654
3812 379 630 410 656
3813 379 632 410 658
3814 379 634 410 660
3815 378 636 409 662
3816 378 639 409 665
3817 378 642 409 668
3818 378 644 409 670
3819 378 646 409 672
3820 377 648 408 674
3821 377 651 408 677
3822 378 653 409 679
3823 377 656 408 682
3824 376 659 407 685
3825 377 661 408 687
3826 376 663 407 689
3827 376 665 407 691
3828 375 667 406 693
3829 375 669 406 695
3830 375 671 406 697
3831 375 673 406 699
3832 375 674 406 700
3833 375 676 406 702
3834 374 680 405 706
3835 374 681 405 707
3836 373 684 404 710
3837 373 686 404 712
3838 373 689 404 715
3839 372 692 403 718
3840 372 693 403 719
3841 373 693 404 719
3842 372 693 403 719
3843 372 693 403 719
3844 372 693 403 719
3845 372 693 403 719
3846 373 693 404 719
3847 374 693 405 719
3848 372 693 403 719
3849 374 693 405 719