5487 606 5 633 23
5488 606 7 633 25
5489 606 10 633 28
5490 605 13 632 31
5491 606 14 633 32
5492 605 16 632 34
5493 606 17 633 35
5494 604 21 631 39
5495 606 23 633 41
5496 605 26 632 44
5497 605 26 632 44
5498 605 27 632 45
5499 606 30 633 48
5500 605 32 632 50
5501 605 35 632 53
5502 605 37 632 55
5503 605 39 632 57
5504 606 42 633 60
5505 605 44 632 62
5506 605 46 632 64
5507 605 48 632 66
5508 605 50 632 68
5509 604 53 631 71
5510 604 54 631 72
5511 604 56 631 74
5512 604 59 631 77
5513 603 61 630 79
5514 603 63 630 81
5515 603 65 630 83
5516 601 54 635 86
5517 604 56 638 88
5518 601 57 635 89
5519 602 60 636 92
5520 602 62 636 94
5521 603 64 637 96
5522 603 66 637 98
5523 603 68 637 100
5524 603 70 637 102
5525 604 73 638 105
5526 603 74 637 106
5527 603 78 637 110
5528 602 79 636 111
5529 603 82 637 114
5530 602 83 636 115
5531 602 86 636 118
5532 602 88 636 120
5533 603 90 637 122
5534 602 92 636 124
5535 602 94 636 126
5536 601 97 635 129
5537 602 98 636 130
5538 602 101 636 133
5539 601 104 635 136
5540 601 105 635 137
5541 601 107 635 139
5542 601 110 635 142
5543 601 112 635 144
5544 601 115 635 147
5545 601 116 635 148
5546 600 117 634 149
5547 600 120 634 152
5548 599 122 633 154
5549 600 123 634 155
5550 600 126 634 158
5551 600 129 634 161
5552 600 131 634 163
5553 599 133 633 165
5554 599 135 633 167
5555 600 137 634 169
5556 599 139 633 171
5557 598 142 632 174
5558 598 144 632 176
5559 598 146 632 178
5560 597 149 631 181
5561 597 149 631 181
5562 597 153 631 185
5563 597 155 631 187
5564 597 158 631 190
5565 597 160 631 192
5566 596 162 630 194
5567 596 165 630 197
5568 596 167 630 199
5569 596 169 630 201
5570 596 172 630 204
5571 595 174 629 206
5572 595 177 629 209
5573 595 179 629 211
5574 596 181 630 213
5575 596 184 630 216
5576 595 186 629 218
5577 595 188 629 220
5578 594 191 628 223
5579 594 194 628 226
5580 594 196 628 228
5581 594 197 628 229
5582 593 201 627 233
5583 594 203 628 235
5584 593 205 627 237
5585 592 209 626 241
5586 592 211 626 243
5587 591 213 625 245
5588 590 215 624 247
5589 590 218 624 250
5590 589 220 623 252
5591 588 222 622 254
5592 590 225 624 257
5593 586 226 620 258
5594 586 228 620 260
5595 586 231 620 263
5596 590 233 624 265
5597 588 235 622 267
5598 586 237 620 269
5599 588 238 622 270
5600 587 242 621 274
5601 585 244 619 276
5602 585 246 619 278
5603 585 248 619 280
5604 586 251 620 283
5605 586 254 620 286
5606 585 252 619 284
5607 585 258 619 290
5608 584 261 618 293
5609 585 262 619 294
5610 583 264 617 296
5611 586 265 620 297
5612 582 270 616 302
5613 583 272 617 304
5614 582 274 616 306
5615 585 276 619 308
5616 583 279 617 311
5617 585 279 619 311
5618 581 283 615 315
5619 581 283 615 315
5620 580 288 614 320
5621 579 290 613 322
5622 579 290 613 322
5623 579 295 613 327
5624 579 296 613 328
5625 579 301 613 333
5626 579 302 613 334
5627 577 304 611 336
5628 576 306 610 338
5629 577 308 611 340
5630 578 313 612 345
5631 577 316 611 348
5632 577 318 611 350
5633 578 321 612 353
5634 578 323 612 355
5635 577 325 611 357
5636 578 326 612 358
5637 577 328 611 360
5638 577 332 611 364
5639 577 334 611 366
5640 577 336 611 368
5641 577 339 611 371
5642 577 341 611 373
5643 576 344 610 376
5644 577 346 611 378
5645 577 348 611 380
5646 577 350 611 382
5647 576 352 610 384
5648 576 355 610 387
5649 576 357 610 389
5650 575 359 609 391
5651 576 361 610 393
5652 577 364 611 396
5653 576 366 610 398
5654 575 368 609 400
5655 575 370 609 402
5656 575 373 609 405
5657 575 375 609 407
5658 575 377 609 409
5659 576 378 610 410
5660 575 382 609 414
5661 575 384 609 416
5662 574 386 608 418
5663 574 388 608 420
5664 574 391 608 423
5665 574 393 608 425
5666 573 395 607 427
5667 574 397 608 429
5668 573 400 607 432
5669 574 401 608 433
5670 573 404 607 436
5671 573 407 607 439
5672 573 409 607 441
5673 573 411 607 443
5674 572 413 606 445
5675 573 415 607 447
5676 572 418 606 450
5677 572 420 606 452
5678 571 422 605 454
5679 571 424 605 456
5680 571 426 605 458
5681 572 429 606 461
5682 571 431 605 463
5683 572 434 606 466
5684 571 435 605 467
5685 572 437 606 469
5686 572 439 606 471
5687 572 442 606 474
5688 571 444 605 476
5689 571 447 605 479
5690 571 448 605 480
5691 571 451 605 483
5692 570 453 604 485
5693 571 456 605 488
5694 571 458 605 490
5695 571 460 605 492
5696 571 462 605 494
5697 570 464 604 496
5698 570 467 604 499
5699 571 469 605 501
5700 570 471 604 503
5701 570 474 604 506
5702 570 477 604 509
5703 570 478 604 510
5704 570 481 604 513
5705 569 483 603 515
5706 569 485 603 517
5707 568 487 602 519
5708 568 490 602 522
5709 569 492 603 524
5710 568 494 602 526
5711 567 496 601 528
5712 567 499 601 531
5713 568 501 602 533
5714 567 503 601 535
5715 568 505 602 537
5716 568 507 602 539
5717 567 509 601 541
5718 567 512 601 544
5719 567 515 601 547
5720 567 517 601 549
5721 567 519 601 551
5722 567 521 601 553
5723 567 524 601 556
5724 567 526 601 558
5725 566 528 600 560
5726 566 530 600 562
5727 566 533 600 565
5728 566 535 600 567
5729 566 537 600 569
5730 567 539 601 571
5731 566 542 600 574
5732 566 544 600 576
5733 566 546 600 578
5734 565 548 599 580
5735 565 550 599 582
5736 564 554 598 586
5737 565 556 599 588
5738 564 558 598 590
5739 564 560 598 592
5740 563 563 597 595
5741 564 565 598 597
5742 563 567 597 599
5743 563 569 597 601
5744 562 572 596 604
5745 563 573 597 605
5746 562 576 596 608
5747 562 579 596 611
5748 561 581 595 613
5749 561 583 595 615
5750 560 586 594 618
5751 561 587 595 619
5752 560 589 594 621
5753 559 593 593 625
5754 559 595 593 627
5755 559 597 593 629
5756 559 599 593 631
5757 558 601 592 633
5758 558 604 592 636
5759 557 606 591 638
5760 556 609 590 641
5761 556 611 590 643
5762 556 613 590 645
5763 556 616 590 648
5764 555 618 589 650
5765 554 621 588 653
5766 554 622 588 654
5767 554 625 588 657
5768 553 627 587 659
5769 552 630 586 662
5770 553 632 587 664
5771 553 633 587 665
5772 552 636 586 668
5773 552 639 586 671
5774 551 641 585 673
5775 551 643 585 675
5776 550 646 584 678
5777 550 647 584 679
5778 549 650 583 682
5779 549 652 583 684
5780 549 655 583 687
5781 549 656 583 688
5782 548 660 582 692
5783 547 661 581 693
5784 548 663 582 695
5785 547 666 581 698
5786 547 668 581 700
5787 546 670 580 702
5788 546 672 580 704
5789 545 675 579 707
5790 546 677 580 709
5791 546 679 580 711
5792 545 682 579 714
5793 544 684 578 716
5794 544 686 578 718
5795 544 687 578 719
5796 544 687 578 719
5797 544 687 578 719
5798 543 687 577 719
5799 542 687 576 719
5800 545 687 579 719
5801 541 687 575 719
5802 544 687 578 719
5803 545 687 579 719
5804 547 687 581 719